Serial_number:,,,,
2027505,,,,
Project ID:,,,,
NFY,,,,
Location:,,,,
CWS-NFY,,,,
LEVEL,,,,
UNIT: m,,,,
Offset: 0.000000 m,,,,
TEMPERATURE,,,,
UNIT: °C,,,,
Date,Time,ms,LEVEL,TEMPERATURE
2/5/2016,14:30:44,0,9.6563,12.398
2/5/2016,14:45:44,0,9.6528,15.06
2/5/2016,15:00:44,0,9.6506,11.535
2/5/2016,15:15:44,0,9.6466,9.424
2/5/2016,15:30:44,0,9.6452,8.823
2/5/2016,15:45:44,0,9.6452,8.54
2/5/2016,16:00:44,0,9.6466,8.652
2/5/2016,16:15:44,0,9.6479,8.409
2/5/2016,16:30:44,0,9.6476,8.078
2/5/2016,16:45:44,0,9.6469,7.731
2/5/2016,17:00:44,0,9.6457,7.392
2/5/2016,17:15:44,0,9.6492,7.042
2/5/2016,17:30:44,0,9.6508,6.73
2/5/2016,17:45:44,0,9.6526,6.463
2/5/2016,18:00:44,0,9.6553,6.25
2/5/2016,18:15:44,0,9.6543,5.971
2/5/2016,18:30:44,0,9.6584,5.839
2/5/2016,18:45:44,0,9.6601,5.602
2/5/2016,19:00:44,0,9.6631,5.473
2/5/2016,19:15:44,0,9.6626,5.253
2/5/2016,19:30:44,0,9.6638,5.1
2/5/2016,19:45:44,0,9.6649,4.876
2/5/2016,20:00:44,0,9.666,4.765
2/5/2016,20:15:44,0,9.6681,4.608
2/5/2016,20:30:44,0,9.6687,4.41
2/5/2016,20:45:44,0,9.6678,4.275
2/5/2016,21:00:44,0,9.6689,4.178
2/5/2016,21:15:44,0,9.6714,3.983
2/5/2016,21:30:44,0,9.6719,3.84
2/5/2016,21:45:44,0,9.6749,3.594
2/5/2016,22:00:44,0,9.6765,3.543
2/5/2016,22:15:44,0,9.6755,3.377
2/5/2016,22:30:44,0,9.6768,3.217
2/5/2016,22:45:44,0,9.6755,3.175
2/5/2016,23:00:44,0,9.6726,2.992
2/5/2016,23:15:44,0,9.6754,2.96
2/5/2016,23:30:44,0,9.6761,2.88
2/5/2016,23:45:44,0,9.6762,2.734
2/6/2016,0:00:44,0,9.6756,2.683
2/6/2016,0:15:44,0,9.6755,2.499
2/6/2016,0:30:44,0,9.6764,2.395
2/6/2016,0:45:44,0,9.6728,2.319
2/6/2016,1:00:44,0,9.6694,2.19
2/6/2016,1:15:44,0,9.6701,2.075
2/6/2016,1:30:44,0,9.6676,1.993
2/6/2016,1:45:44,0,9.6646,1.865
2/6/2016,2:00:44,0,9.6652,1.78
2/6/2016,2:15:44,0,9.666,1.852
2/6/2016,2:30:44,0,9.6656,1.797
2/6/2016,2:45:44,0,9.6674,1.708
2/6/2016,3:00:44,0,9.6666,1.618
2/6/2016,3:15:44,0,9.6676,1.561
2/6/2016,3:30:44,0,9.6668,1.525
2/6/2016,3:45:44,0,9.665,1.462
2/6/2016,4:00:44,0,9.6651,1.528
2/6/2016,4:15:44,0,9.6659,1.611
2/6/2016,4:30:44,0,9.6636,1.719
2/6/2016,4:45:44,0,9.6634,1.743
2/6/2016,5:00:44,0,9.6652,1.864
2/6/2016,5:15:44,0,9.6661,1.902
2/6/2016,5:30:44,0,9.6655,1.826
2/6/2016,5:45:44,0,9.6654,1.735
2/6/2016,6:00:44,0,9.6659,1.669
2/6/2016,6:15:44,0,9.6662,1.592
2/6/2016,6:30:44,0,9.6671,1.516
2/6/2016,6:45:44,0,9.6699,1.407
2/6/2016,7:00:44,0,9.6703,1.307
2/6/2016,7:15:44,0,9.672,1.242
2/6/2016,7:30:44,0,9.6736,1.203
2/6/2016,7:45:44,0,9.6764,1.212
2/6/2016,8:00:44,0,9.6765,1.317
2/6/2016,8:15:44,0,9.6749,1.384
2/6/2016,8:30:44,0,9.6747,1.455
2/6/2016,8:45:44,0,9.6733,1.554
2/6/2016,9:00:44,0,9.6729,1.661
2/6/2016,9:15:44,0,9.6705,1.739
2/6/2016,9:30:44,0,9.6702,1.862
2/6/2016,9:45:44,0,9.6709,2.214
2/6/2016,10:00:44,0,9.6707,3.361
2/6/2016,10:15:44,0,9.6709,4.294
2/6/2016,10:30:44,0,9.6701,4.874
2/6/2016,10:45:44,0,9.6691,5.834
2/6/2016,11:00:44,0,9.6672,6.516
2/6/2016,11:15:44,0,9.6658,7.005
2/6/2016,11:30:44,0,9.6629,7.223
2/6/2016,11:45:44,0,9.6616,7.415
2/6/2016,12:00:44,0,9.657,7.886
2/6/2016,12:15:44,0,9.6542,8.284
2/6/2016,12:30:44,0,9.6514,8.638
2/6/2016,12:45:44,0,9.6486,8.975
2/6/2016,13:00:44,0,9.6454,9.281
2/6/2016,13:15:44,0,9.6415,9.534
2/6/2016,13:30:44,0,9.6389,9.891
2/6/2016,13:45:44,0,9.6369,10.179
2/6/2016,14:00:44,0,9.6362,9.879
2/6/2016,14:15:44,0,9.6347,9.593
2/6/2016,14:30:44,0,9.6343,9.745
2/6/2016,14:45:44,0,9.6342,9.612
2/6/2016,15:00:44,0,9.633,9.549
2/6/2016,15:15:44,0,9.6318,9.523
2/6/2016,15:30:44,0,9.6305,9.357
2/6/2016,15:45:44,0,9.6308,9.236
2/6/2016,16:00:44,0,9.6321,9.089
2/6/2016,16:15:44,0,9.631,8.776
2/6/2016,16:30:44,0,9.6323,8.448
2/6/2016,16:45:44,0,9.6336,8.143
2/6/2016,17:00:44,0,9.6332,7.938
2/6/2016,17:15:44,0,9.6324,7.715
2/6/2016,17:30:44,0,9.6351,7.475
2/6/2016,17:45:44,0,9.6362,7.137
2/6/2016,18:00:44,0,9.6394,6.951
2/6/2016,18:15:44,0,9.6412,6.753
2/6/2016,18:30:44,0,9.6427,6.597
2/6/2016,18:45:44,0,9.6427,6.421
2/6/2016,19:00:44,0,9.6422,6.188
2/6/2016,19:15:44,0,9.6444,6.08
2/6/2016,19:30:44,0,9.645,5.899
2/6/2016,19:45:44,0,9.6461,5.725
2/6/2016,20:00:44,0,9.6477,5.585
2/6/2016,20:15:44,0,9.6473,5.47
2/6/2016,20:30:44,0,9.6469,5.329
2/6/2016,20:45:44,0,9.6479,5.116
2/6/2016,21:00:44,0,9.6484,5.016
2/6/2016,21:15:44,0,9.6487,4.905
2/6/2016,21:30:44,0,9.6514,4.776
2/6/2016,21:45:44,0,9.6523,4.625
2/6/2016,22:00:44,0,9.6516,4.577
2/6/2016,22:15:44,0,9.6513,4.31
2/6/2016,22:30:44,0,9.6519,4.254
2/6/2016,22:45:44,0,9.6527,4.117
2/6/2016,23:00:44,0,9.6537,4.006
2/6/2016,23:15:44,0,9.6533,3.894
2/6/2016,23:30:44,0,9.6509,3.789
2/6/2016,23:45:44,0,9.6516,3.707
2/7/2016,0:00:44,0,9.6508,3.485
2/7/2016,0:15:44,0,9.6501,3.451
2/7/2016,0:30:44,0,9.6502,3.393
2/7/2016,0:45:44,0,9.6483,3.307
2/7/2016,1:00:44,0,9.6458,3.247
2/7/2016,1:15:44,0,9.6478,3.031
2/7/2016,1:30:44,0,9.6469,2.881
2/7/2016,1:45:44,0,9.6454,2.853
2/7/2016,2:00:44,0,9.6458,2.672
2/7/2016,2:15:44,0,9.6452,2.516
2/7/2016,2:30:44,0,9.6439,2.542
2/7/2016,2:45:44,0,9.6445,2.445
2/7/2016,3:00:44,0,9.6417,2.393
2/7/2016,3:15:44,0,9.6407,2.36
2/7/2016,3:30:44,0,9.6402,2.233
2/7/2016,3:45:44,0,9.6373,2.074
2/7/2016,4:00:44,0,9.6369,1.892
2/7/2016,4:15:44,0,9.6355,1.82
2/7/2016,4:30:44,0,9.6381,1.774
2/7/2016,4:45:44,0,9.6391,1.752
2/7/2016,5:00:44,0,9.6393,1.758
2/7/2016,5:15:44,0,9.6365,1.672
2/7/2016,5:30:44,0,9.6352,1.589
2/7/2016,5:45:44,0,9.6358,1.534
2/7/2016,6:00:44,0,9.636,1.517
2/7/2016,6:15:44,0,9.637,1.457
2/7/2016,6:30:44,0,9.6368,1.404
2/7/2016,6:45:44,0,9.637,1.377
2/7/2016,7:00:44,0,9.6357,1.162
2/7/2016,7:15:44,0,9.6355,1.247
2/7/2016,7:30:44,0,9.6367,1.139
2/7/2016,7:45:44,0,9.6365,1.02
2/7/2016,8:00:44,0,9.6373,1.066
2/7/2016,8:15:44,0,9.6375,1.219
2/7/2016,8:30:44,0,9.6364,1.148
2/7/2016,8:45:44,0,9.636,1.123
2/7/2016,9:00:44,0,9.6364,1.221
2/7/2016,9:15:44,0,9.6349,1.32
2/7/2016,9:30:44,0,9.6333,1.58
2/7/2016,9:45:44,0,9.6323,2.263
2/7/2016,10:00:44,0,9.633,3.943
2/7/2016,10:15:44,0,9.6275,5.288
2/7/2016,10:30:44,0,9.6234,6.766
2/7/2016,10:45:44,0,9.6247,8.949
2/7/2016,11:00:44,0,9.6241,13.219
2/7/2016,11:15:44,0,9.6261,13.762
2/7/2016,11:30:44,0,9.6262,13.497
2/7/2016,11:45:44,0,9.6271,13.225
2/7/2016,12:00:44,0,9.625,13.092
2/7/2016,12:15:44,0,9.6231,13.975
2/7/2016,12:30:44,0,9.6207,15.208
2/7/2016,12:45:44,0,9.6197,15.356
2/7/2016,13:00:44,0,9.614,17.067
2/7/2016,13:15:44,0,9.6159,17.29
2/7/2016,13:30:44,0,9.6162,17.433
2/7/2016,13:45:44,0,9.6165,17.57
2/7/2016,14:00:44,0,9.6141,17.6
2/7/2016,14:15:44,0,9.6146,18.004
2/7/2016,14:30:44,0,9.6143,17.771
2/7/2016,14:45:44,0,9.6159,17.701
2/7/2016,15:00:44,0,9.6141,18.012
2/7/2016,15:15:44,0,9.6167,18.047
2/7/2016,15:30:44,0,9.6163,17.726
2/7/2016,15:45:44,0,9.6189,18.301
2/7/2016,16:00:44,0,9.6178,18.041
2/7/2016,16:15:44,0,9.6183,19.233
2/7/2016,16:30:44,0,9.6206,18.815
2/7/2016,16:45:44,0,9.6197,18.616
2/7/2016,17:00:44,0,9.6217,18.462
2/7/2016,17:15:44,0,9.6218,17.834
2/7/2016,17:30:44,0,9.622,17
2/7/2016,17:45:44,0,9.6196,15.704
2/7/2016,18:00:44,0,9.6196,14.802
2/7/2016,18:15:44,0,9.6179,14.663
2/7/2016,18:30:44,0,9.6188,15.279
2/7/2016,18:45:44,0,9.6186,16.15
2/7/2016,19:00:44,0,9.6201,14.442
2/7/2016,19:15:44,0,9.6205,13.375
2/7/2016,19:30:44,0,9.6214,12.514
2/7/2016,19:45:44,0,9.6239,11.79
2/7/2016,20:00:44,0,9.6254,11.17
2/7/2016,20:15:44,0,9.627,10.816
2/7/2016,20:30:44,0,9.6271,10.487
2/7/2016,20:45:44,0,9.6273,10.114
2/7/2016,21:00:44,0,9.6296,9.682
2/7/2016,21:15:44,0,9.6324,9.378
2/7/2016,21:30:44,0,9.6314,9.105
2/7/2016,21:45:44,0,9.6327,8.825
2/7/2016,22:00:44,0,9.6327,8.634
2/7/2016,22:15:44,0,9.6312,8.509
2/7/2016,22:30:44,0,9.6342,8.368
2/7/2016,22:45:44,0,9.6313,9.059
2/7/2016,23:00:44,0,9.6304,10.807
2/7/2016,23:15:44,0,9.6362,11.055
2/7/2016,23:30:44,0,9.6369,10.328
2/7/2016,23:45:44,0,9.6367,9.83
2/8/2016,0:00:44,0,9.6377,9.452
2/8/2016,0:15:44,0,9.6365,8.951
2/8/2016,0:30:44,0,9.6367,8.668
2/8/2016,0:45:44,0,9.6359,8.375
2/8/2016,1:00:44,0,9.6328,7.903
2/8/2016,1:15:44,0,9.6311,7.44
2/8/2016,1:30:44,0,9.629,7.261
2/8/2016,1:45:44,0,9.6243,9.928
2/8/2016,2:00:44,0,9.6247,13.246
2/8/2016,2:15:44,0,9.6253,15.127
2/8/2016,2:30:44,0,9.6243,15.285
2/8/2016,2:45:44,0,9.6256,16.313
2/8/2016,3:00:44,0,9.6223,16.468
2/8/2016,3:15:44,0,9.625,16.367
2/8/2016,3:30:44,0,9.6272,16.018
2/8/2016,3:45:44,0,9.6278,14.806
2/8/2016,4:00:44,0,9.6275,14.22
2/8/2016,4:15:44,0,9.6257,14.752
2/8/2016,4:30:44,0,9.6273,15.553
2/8/2016,4:45:44,0,9.6281,15.943
2/8/2016,5:00:44,0,9.6301,15.751
2/8/2016,5:15:44,0,9.6258,15.921
2/8/2016,5:30:44,0,9.6269,15.751
2/8/2016,5:45:44,0,9.6231,15.988
2/8/2016,6:00:44,0,9.6284,15.677
2/8/2016,6:15:44,0,9.6297,14.99
2/8/2016,6:30:44,0,9.6314,15.472
2/8/2016,6:45:44,0,9.6304,15.1
2/8/2016,7:00:44,0,9.632,14.22
2/8/2016,7:15:44,0,9.6322,14.17
2/8/2016,7:30:44,0,9.6306,14.528
2/8/2016,7:45:44,0,9.6303,15.006
2/8/2016,8:00:44,0,9.6316,14.518
2/8/2016,8:15:44,0,9.6313,12.949
2/8/2016,8:30:44,0,9.6282,12.989
2/8/2016,8:45:44,0,9.629,13.045
2/8/2016,9:00:44,0,9.6268,14.8
2/8/2016,9:15:44,0,9.6306,15.951
2/8/2016,9:30:44,0,9.6306,14.148
2/8/2016,9:45:44,0,9.6293,13.528
2/8/2016,10:00:44,0,9.6297,14.431
2/8/2016,10:15:44,0,9.6289,14.887
2/8/2016,10:30:44,0,9.6288,15.069
2/8/2016,10:45:44,0,9.626,15.748
2/8/2016,11:00:44,0,9.6266,16.456
2/8/2016,11:15:44,0,9.6275,16.974
2/8/2016,11:30:44,0,9.6251,16.907
2/8/2016,11:45:44,0,9.6224,17.002
2/8/2016,12:00:44,0,9.6197,19.13
2/8/2016,12:15:44,0,9.6179,18.475
2/8/2016,12:30:44,0,9.6143,19.111
2/8/2016,12:45:44,0,9.6113,19.03
2/8/2016,13:00:44,0,9.6082,19.258
2/8/2016,13:15:44,0,9.606,19.731
2/8/2016,13:30:44,0,9.6047,19.486
2/8/2016,13:45:44,0,9.6038,19.229
2/8/2016,14:00:44,0,9.6016,19.079
2/8/2016,14:15:44,0,9.6001,18.691
2/8/2016,14:30:44,0,9.5991,18.076
2/8/2016,14:45:44,0,9.5971,17.61
2/8/2016,15:00:44,0,9.596,17.241
2/8/2016,15:15:44,0,9.5961,16.79
2/8/2016,15:30:44,0,9.5959,16.757
2/8/2016,15:45:44,0,9.5969,16.794
2/8/2016,16:00:44,0,9.599,16.75
2/8/2016,16:15:44,0,9.5982,16.727
2/8/2016,16:30:44,0,9.5999,17.125
2/8/2016,16:45:44,0,9.6005,17.062
2/8/2016,17:00:44,0,9.6021,16.551
2/8/2016,17:15:44,0,9.6021,15.771
2/8/2016,17:30:44,0,9.6013,15.923
2/8/2016,17:45:44,0,9.6025,17.511
2/8/2016,18:00:44,0,9.6044,17.711
2/8/2016,18:15:44,0,9.6061,16.475
2/8/2016,18:30:44,0,9.6065,15.178
2/8/2016,18:45:44,0,9.6069,14.279
2/8/2016,19:00:44,0,9.6078,13.997
2/8/2016,19:15:44,0,9.6096,13.846
2/8/2016,19:30:44,0,9.6101,13.459
2/8/2016,19:45:44,0,9.6118,13.07
2/8/2016,20:00:44,0,9.6117,12.457
2/8/2016,20:15:44,0,9.6121,12.275
2/8/2016,20:30:44,0,9.6136,11.748
2/8/2016,20:45:44,0,9.6142,11.578
2/8/2016,21:00:44,0,9.6148,11.635
2/8/2016,21:15:44,0,9.6161,11.615
2/8/2016,21:30:44,0,9.6168,11.304
2/8/2016,21:45:44,0,9.6178,10.835
2/8/2016,22:00:44,0,9.6189,10.645
2/8/2016,22:15:44,0,9.6197,10.215
2/8/2016,22:30:44,0,9.6206,9.681
2/8/2016,22:45:44,0,9.6219,9.582
2/8/2016,23:00:44,0,9.6232,9.391
2/8/2016,23:15:44,0,9.6228,9.242
2/8/2016,23:30:44,0,9.6228,8.958
2/8/2016,23:45:44,0,9.6224,8.649
2/9/2016,0:00:44,0,9.6219,8.385
2/9/2016,0:15:44,0,9.6211,8.106
2/9/2016,0:30:44,0,9.6208,8.017
2/9/2016,0:45:44,0,9.6216,7.815
2/9/2016,1:00:44,0,9.622,7.577
2/9/2016,1:15:44,0,9.6232,7.454
2/9/2016,1:30:44,0,9.6242,7.2
2/9/2016,1:45:44,0,9.6229,7.031
2/9/2016,2:00:44,0,9.623,6.813
2/9/2016,2:15:44,0,9.6225,6.847
2/9/2016,2:30:44,0,9.6224,6.539
2/9/2016,2:45:44,0,9.622,6.449
2/9/2016,3:00:44,0,9.6224,6.502
2/9/2016,3:15:44,0,9.6228,6.306
2/9/2016,3:30:44,0,9.6232,6.261
2/9/2016,3:45:44,0,9.6228,6.01
2/9/2016,4:00:44,0,9.624,6.01
2/9/2016,4:15:44,0,9.626,5.774
2/9/2016,4:30:44,0,9.6257,5.628
2/9/2016,4:45:44,0,9.6244,5.418
2/9/2016,5:00:44,0,9.6247,5.321
2/9/2016,5:15:44,0,9.6253,5.313
2/9/2016,5:30:44,0,9.6269,5.322
2/9/2016,5:45:44,0,9.6279,5.322
2/9/2016,6:00:44,0,9.6285,5.242
2/9/2016,6:15:44,0,9.6289,5.059
2/9/2016,6:30:44,0,9.63,4.816
2/9/2016,6:45:44,0,9.6313,4.907
2/9/2016,7:00:44,0,9.6324,4.765
2/9/2016,7:15:44,0,9.6317,4.667
2/9/2016,7:30:44,0,9.6318,4.647
2/9/2016,7:45:44,0,9.6298,5.192
2/9/2016,8:00:44,0,9.6323,8.521
2/9/2016,8:15:44,0,9.6339,8.341
2/9/2016,8:30:44,0,9.6364,8.032
2/9/2016,8:45:44,0,9.6379,7.568
2/9/2016,9:00:44,0,9.6372,6.956
2/9/2016,9:15:44,0,9.6367,7.035
2/9/2016,9:30:44,0,9.6352,7.132
2/9/2016,9:45:44,0,9.6345,8.345
2/9/2016,10:00:44,0,9.6339,9.92
2/9/2016,10:15:44,0,9.6338,10.86
2/9/2016,10:30:44,0,9.6341,11.497
2/9/2016,10:45:44,0,9.6332,11.97
2/9/2016,11:00:44,0,9.6316,12.553
2/9/2016,11:15:44,0,9.6296,13.154
2/9/2016,11:30:44,0,9.6249,13.08
2/9/2016,11:45:44,0,9.6222,13.222
2/9/2016,12:00:44,0,9.6201,13.118
2/9/2016,12:15:44,0,9.6181,13.294
2/9/2016,12:30:44,0,9.6135,13.407
2/9/2016,12:45:44,0,9.609,13.831
2/9/2016,13:00:44,0,9.605,14.253
2/9/2016,13:15:44,0,9.6024,14.553
2/9/2016,13:30:44,0,9.6003,14.946
2/9/2016,13:45:44,0,9.5976,15.205
2/9/2016,14:00:44,0,9.5947,15.319
2/9/2016,14:15:44,0,9.5928,15.255
2/9/2016,14:30:44,0,9.5918,15.26
2/9/2016,14:45:44,0,9.5915,14.928
2/9/2016,15:00:44,0,9.5906,14.811
2/9/2016,15:15:44,0,9.5892,14.867
2/9/2016,15:30:44,0,9.5885,14.648
2/9/2016,15:45:44,0,9.5881,14.687
2/9/2016,16:00:44,0,9.588,13.857
2/9/2016,16:15:44,0,9.589,13.364
2/9/2016,16:30:44,0,9.5919,12.827
2/9/2016,16:45:44,0,9.593,12.393
2/9/2016,17:00:44,0,9.5949,12.209
2/9/2016,17:15:44,0,9.5971,11.866
2/9/2016,17:30:44,0,9.5971,11.532
2/9/2016,17:45:44,0,9.5995,11.331
2/9/2016,18:00:44,0,9.6008,10.884
2/9/2016,18:15:44,0,9.6024,10.767
2/9/2016,18:30:44,0,9.6039,10.504
2/9/2016,18:45:44,0,9.606,10.273
2/9/2016,19:00:44,0,9.6061,9.954
2/9/2016,19:15:44,0,9.609,9.93
2/9/2016,19:30:44,0,9.6113,9.569
2/9/2016,19:45:44,0,9.614,9.566
2/9/2016,20:00:44,0,9.6146,9.396
2/9/2016,20:15:44,0,9.614,9.136
2/9/2016,20:30:44,0,9.6148,9.091
2/9/2016,20:45:44,0,9.6161,8.86
2/9/2016,21:00:44,0,9.6178,8.695
2/9/2016,21:15:44,0,9.618,8.491
2/9/2016,21:30:44,0,9.6177,8.264
2/9/2016,21:45:44,0,9.6178,8.086
2/9/2016,22:00:44,0,9.6154,7.798
2/9/2016,22:15:44,0,9.6152,7.663
2/9/2016,22:30:44,0,9.6158,7.711
2/9/2016,22:45:44,0,9.6149,9.279
2/9/2016,23:00:44,0,9.6154,8.881
2/9/2016,23:15:44,0,9.618,8.411
2/9/2016,23:30:44,0,9.6192,8.078
2/9/2016,23:45:44,0,9.6195,7.857
2/10/2016,0:00:44,0,9.6184,7.467
2/10/2016,0:15:44,0,9.6225,7.219
2/10/2016,0:30:44,0,9.6274,7.045
2/10/2016,0:45:44,0,9.6296,6.741
2/10/2016,1:00:44,0,9.6267,6.679
2/10/2016,1:15:44,0,9.6256,6.472
2/10/2016,1:30:44,0,9.6261,6.341
2/10/2016,1:45:44,0,9.6303,6.137
2/10/2016,2:00:44,0,9.6314,6.065
2/10/2016,2:15:44,0,9.6302,5.674
2/10/2016,2:30:44,0,9.6272,5.586
2/10/2016,2:45:44,0,9.6239,6.74
2/10/2016,3:00:44,0,9.6194,6.417
2/10/2016,3:15:44,0,9.6193,7.965
2/10/2016,3:30:44,0,9.6178,8.577
2/10/2016,3:45:44,0,9.6204,8.18
2/10/2016,4:00:44,0,9.6214,7.668
2/10/2016,4:15:44,0,9.6237,6.984
2/10/2016,4:30:44,0,9.6244,6.348
2/10/2016,4:45:44,0,9.628,5.931
2/10/2016,5:00:44,0,9.6273,5.669
2/10/2016,5:15:44,0,9.6263,5.205
2/10/2016,5:30:44,0,9.6282,4.92
2/10/2016,5:45:44,0,9.6296,4.89
2/10/2016,6:00:44,0,9.6318,4.717
2/10/2016,6:15:44,0,9.6316,4.533
2/10/2016,6:30:44,0,9.6317,4.451
2/10/2016,6:45:44,0,9.6327,4.339
2/10/2016,7:00:44,0,9.6341,4.252
2/10/2016,7:15:44,0,9.6375,4.277
2/10/2016,7:30:44,0,9.6396,4.149
2/10/2016,7:45:44,0,9.6399,4.201
2/10/2016,8:00:44,0,9.6403,4.08
2/10/2016,8:15:44,0,9.6416,4.103
2/10/2016,8:30:44,0,9.6404,4.062
2/10/2016,8:45:44,0,9.6407,4.06
2/10/2016,9:00:44,0,9.6394,4.125
2/10/2016,9:15:44,0,9.6387,4.386
2/10/2016,9:30:44,0,9.6372,5.224
2/10/2016,9:45:44,0,9.6363,6.587
2/10/2016,10:00:44,0,9.6348,8.34
2/10/2016,10:15:44,0,9.6342,9.259
2/10/2016,10:30:44,0,9.6353,10.102
2/10/2016,10:45:44,0,9.6341,10.584
2/10/2016,11:00:44,0,9.6319,11.232
2/10/2016,11:15:44,0,9.631,12.16
2/10/2016,11:30:44,0,9.6294,11.664
2/10/2016,11:45:44,0,9.628,12.081
2/10/2016,12:00:44,0,9.6246,12.217
2/10/2016,12:15:44,0,9.6213,12.729
2/10/2016,12:30:44,0,9.6204,12.657
2/10/2016,12:45:44,0,9.6184,12.652
2/10/2016,13:00:44,0,9.6147,12.971
2/10/2016,13:15:44,0,9.6116,13.387
2/10/2016,13:30:44,0,9.6121,13.617
2/10/2016,13:45:44,0,9.6104,13.829
2/10/2016,14:00:44,0,9.6091,13.991
2/10/2016,14:15:44,0,9.609,13.978
2/10/2016,14:30:44,0,9.6072,14.496
2/10/2016,14:45:44,0,9.6042,14.555
2/10/2016,15:00:44,0,9.6038,14.542
2/10/2016,15:15:44,0,9.6036,13.967
2/10/2016,15:30:44,0,9.6022,13.714
2/10/2016,15:45:44,0,9.604,13.405
2/10/2016,16:00:44,0,9.6026,12.937
2/10/2016,16:15:44,0,9.603,12.448
2/10/2016,16:30:44,0,9.6035,12.139
2/10/2016,16:45:44,0,9.6032,12.019
2/10/2016,17:00:44,0,9.6049,11.921
2/10/2016,17:15:44,0,9.6049,11.714
2/10/2016,17:30:44,0,9.6049,11.432
2/10/2016,17:45:44,0,9.605,11.099
2/10/2016,18:00:44,0,9.6062,10.858
2/10/2016,18:15:44,0,9.6055,10.522
2/10/2016,18:30:44,0,9.6062,10.319
2/10/2016,18:45:44,0,9.6029,10.064
2/10/2016,19:00:44,0,9.6043,10.001
2/10/2016,19:15:44,0,9.6041,9.83
2/10/2016,19:30:44,0,9.6038,9.586
2/10/2016,19:45:44,0,9.6039,9.566
2/10/2016,20:00:44,0,9.6011,9.177
2/10/2016,20:15:44,0,9.6001,9.21
2/10/2016,20:30:44,0,9.5998,9.049
2/10/2016,20:45:44,0,9.6009,8.983
2/10/2016,21:00:44,0,9.6003,8.972
2/10/2016,21:15:44,0,9.6004,8.864
2/10/2016,21:30:44,0,9.6008,8.819
2/10/2016,21:45:44,0,9.6006,9.006
2/10/2016,22:00:44,0,9.5953,11.56
2/10/2016,22:15:44,0,9.597,11.549
2/10/2016,22:30:44,0,9.5977,11.85
2/10/2016,22:45:44,0,9.5971,11.083
2/10/2016,23:00:44,0,9.5976,10.998
2/10/2016,23:15:44,0,9.5987,10.424
2/10/2016,23:30:44,0,9.5977,10.421
2/10/2016,23:45:44,0,9.5994,9.682
2/11/2016,0:00:44,0,9.599,9.279
2/11/2016,0:15:44,0,9.5989,8.99
2/11/2016,0:30:44,0,9.598,9.257
2/11/2016,0:45:44,0,9.596,10.066
2/11/2016,1:00:44,0,9.5995,10.833
2/11/2016,1:15:44,0,9.6008,9.997
2/11/2016,1:30:44,0,9.601,9.229
2/11/2016,1:45:44,0,9.5992,8.716
2/11/2016,2:00:44,0,9.6014,9.817
2/11/2016,2:15:44,0,9.6022,8.888
2/11/2016,2:30:44,0,9.6013,8.218
2/11/2016,2:45:44,0,9.6004,7.747
2/11/2016,3:00:44,0,9.5988,7.276
2/11/2016,3:15:44,0,9.5982,7.062
2/11/2016,3:30:44,0,9.5967,6.715
2/11/2016,3:45:44,0,9.5956,6.612
2/11/2016,4:00:44,0,9.5966,6.449
2/11/2016,4:15:44,0,9.5968,6.493
2/11/2016,4:30:44,0,9.5981,6.37
2/11/2016,4:45:44,0,9.5981,6.292
2/11/2016,5:00:44,0,9.5991,6.157
2/11/2016,5:15:44,0,9.6002,6.088
2/11/2016,5:30:44,0,9.5987,5.78
2/11/2016,5:45:44,0,9.5983,5.735
2/11/2016,6:00:44,0,9.5998,5.61
2/11/2016,6:15:44,0,9.5985,5.436
2/11/2016,6:30:44,0,9.6006,5.332
2/11/2016,6:45:44,0,9.6028,5.268
2/11/2016,7:00:44,0,9.6035,5.066
2/11/2016,7:15:44,0,9.6031,4.942
2/11/2016,7:30:44,0,9.6032,4.767
2/11/2016,7:45:44,0,9.605,4.789
2/11/2016,8:00:44,0,9.6066,4.93
2/11/2016,8:15:44,0,9.6062,5.087
2/11/2016,8:30:44,0,9.6079,5.171
2/11/2016,8:45:44,0,9.6065,5.347
2/11/2016,9:00:44,0,9.6077,5.465
2/11/2016,9:15:44,0,9.6087,5.699
2/11/2016,9:30:44,0,9.6085,6.042
2/11/2016,9:45:44,0,9.6052,7.088
2/11/2016,10:00:44,0,9.6044,8.633
2/11/2016,10:15:44,0,9.6045,9.463
2/11/2016,10:30:44,0,9.607,10.294
2/11/2016,10:45:44,0,9.6067,10.235
2/11/2016,11:00:44,0,9.6054,10.95
2/11/2016,11:15:44,0,9.6037,12.427
2/11/2016,11:30:44,0,9.6025,12.437
2/11/2016,11:45:44,0,9.6002,12.69
2/11/2016,12:00:44,0,9.5963,12.812
2/11/2016,12:15:44,0,9.595,12.887
2/11/2016,12:30:44,0,9.5914,13.184
2/11/2016,12:45:44,0,9.5888,13.486
2/11/2016,13:00:44,0,9.5871,13.911
2/11/2016,13:15:44,0,9.5847,14.113
2/11/2016,13:30:44,0,9.5814,14.269
2/11/2016,13:45:44,0,9.5798,14.387
2/11/2016,14:00:44,0,9.5799,14.735
2/11/2016,14:15:44,0,9.5788,14.539
2/11/2016,14:30:44,0,9.5798,14.277
2/11/2016,14:45:44,0,9.5798,14.281
2/11/2016,15:00:44,0,9.5805,14.441
2/11/2016,15:15:44,0,9.5812,14.589
2/11/2016,15:30:44,0,9.5827,14.546
2/11/2016,15:45:44,0,9.583,14.374
2/11/2016,16:00:44,0,9.5836,14.073
2/11/2016,16:15:44,0,9.5852,13.502
2/11/2016,16:30:44,0,9.5866,13.234
2/11/2016,16:45:44,0,9.5869,12.872
2/11/2016,17:00:44,0,9.5862,12.475
2/11/2016,17:15:44,0,9.587,12.015
2/11/2016,17:30:44,0,9.5881,11.613
2/11/2016,17:45:44,0,9.59,11.198
2/11/2016,18:00:44,0,9.5922,10.833
2/11/2016,18:15:44,0,9.595,10.567
2/11/2016,18:30:44,0,9.5965,10.235
2/11/2016,18:45:44,0,9.5984,9.9
2/11/2016,19:00:44,0,9.5991,9.808
2/11/2016,19:15:44,0,9.6008,9.702
2/11/2016,19:30:44,0,9.6012,9.308
2/11/2016,19:45:44,0,9.6012,9.224
2/11/2016,20:00:44,0,9.601,8.822
2/11/2016,20:15:44,0,9.6011,8.703
2/11/2016,20:30:44,0,9.6029,8.7
2/11/2016,20:45:44,0,9.6032,8.536
2/11/2016,21:00:44,0,9.6036,8.383
2/11/2016,21:15:44,0,9.6044,8.303
2/11/2016,21:30:44,0,9.6051,8.052
2/11/2016,21:45:44,0,9.6051,7.983
2/11/2016,22:00:44,0,9.6054,7.764
2/11/2016,22:15:44,0,9.6062,7.59
2/11/2016,22:30:44,0,9.6069,7.531
2/11/2016,22:45:44,0,9.6063,7.401
2/11/2016,23:00:44,0,9.6053,7.215
2/11/2016,23:15:44,0,9.6075,6.993
2/11/2016,23:30:44,0,9.6096,6.883
2/11/2016,23:45:44,0,9.6105,6.797
2/12/2016,0:00:44,0,9.6113,6.591
2/12/2016,0:15:44,0,9.6112,6.513
2/12/2016,0:30:44,0,9.6102,6.38
2/12/2016,0:45:44,0,9.6111,6.18
2/12/2016,1:00:44,0,9.6113,5.939
2/12/2016,1:15:44,0,9.6107,5.859
2/12/2016,1:30:44,0,9.6116,5.81
2/12/2016,1:45:44,0,9.6123,5.706
2/12/2016,2:00:44,0,9.6131,5.646
2/12/2016,2:15:44,0,9.6139,5.441
2/12/2016,2:30:44,0,9.6131,5.307
2/12/2016,2:45:44,0,9.6122,5.251
2/12/2016,3:00:44,0,9.6109,4.993
2/12/2016,3:15:44,0,9.6094,4.945
2/12/2016,3:30:44,0,9.6095,4.83
2/12/2016,3:45:44,0,9.6097,4.828
2/12/2016,4:00:44,0,9.61,4.675
2/12/2016,4:15:44,0,9.61,4.649
2/12/2016,4:30:44,0,9.611,4.598
2/12/2016,4:45:44,0,9.6107,4.416
2/12/2016,5:00:44,0,9.6106,4.33
2/12/2016,5:15:44,0,9.6113,4.122
2/12/2016,5:30:44,0,9.6116,4.099
2/12/2016,5:45:44,0,9.6118,3.978
2/12/2016,6:00:44,0,9.6126,3.947
2/12/2016,6:15:44,0,9.6128,3.869
2/12/2016,6:30:44,0,9.6131,3.678
2/12/2016,6:45:44,0,9.6135,3.637
2/12/2016,7:00:44,0,9.6138,3.673
2/12/2016,7:15:44,0,9.6123,3.75
2/12/2016,7:30:44,0,9.6115,4.875
2/12/2016,7:45:44,0,9.6121,5.011
2/12/2016,8:00:44,0,9.6126,6.908
2/12/2016,8:15:44,0,9.6128,8.164
2/12/2016,8:30:44,0,9.6118,8.699
2/12/2016,8:45:44,0,9.6116,9.144
2/12/2016,9:00:44,0,9.6122,9.134
2/12/2016,9:15:44,0,9.6107,8.914
2/12/2016,9:30:44,0,9.6105,9.549
2/12/2016,9:45:44,0,9.6105,10.042
2/12/2016,10:00:44,0,9.6106,10.501
2/12/2016,10:15:44,0,9.6112,10.703
2/12/2016,10:30:44,0,9.6115,10.861
2/12/2016,10:45:44,0,9.6115,11.044
2/12/2016,11:00:44,0,9.611,11.714
2/12/2016,11:15:44,0,9.6093,12.64
2/12/2016,11:30:44,0,9.6079,12.82
2/12/2016,11:45:44,0,9.6067,12.818
2/12/2016,12:00:44,0,9.6029,12.753
2/12/2016,12:15:44,0,9.6007,13.326
2/12/2016,12:30:44,0,9.5978,13.495
2/12/2016,12:45:44,0,9.5958,14.1
2/12/2016,13:00:44,0,9.5924,14.572
2/12/2016,13:15:44,0,9.5907,14.799
2/12/2016,13:30:44,0,9.589,14.855
2/12/2016,13:45:44,0,9.5876,14.756
2/12/2016,14:00:44,0,9.5867,14.765
2/12/2016,14:15:44,0,9.5857,14.838
2/12/2016,14:30:44,0,9.5874,15.288
2/12/2016,14:45:44,0,9.5862,14.755
2/12/2016,15:00:44,0,9.5845,14.694
2/12/2016,15:15:44,0,9.5848,14.426
2/12/2016,15:30:44,0,9.5853,14.119
2/12/2016,15:45:44,0,9.5856,14.115
2/12/2016,16:00:44,0,9.5871,13.884
2/12/2016,16:15:44,0,9.5866,13.383
2/12/2016,16:30:44,0,9.5871,12.979
2/12/2016,16:45:44,0,9.5868,12.566
2/12/2016,17:00:44,0,9.5881,12.079
2/12/2016,17:15:44,0,9.5904,11.76
2/12/2016,17:30:44,0,9.5906,11.201
2/12/2016,17:45:44,0,9.5914,11.031
2/12/2016,18:00:44,0,9.5924,10.892
2/12/2016,18:15:44,0,9.5945,10.577
2/12/2016,18:30:44,0,9.5968,10.31
2/12/2016,18:45:44,0,9.5978,10.014
2/12/2016,19:00:44,0,9.599,9.687
2/12/2016,19:15:44,0,9.5994,9.468
2/12/2016,19:30:44,0,9.6006,9.447
2/12/2016,19:45:44,0,9.6014,9.171
2/12/2016,20:00:44,0,9.6016,9.1
2/12/2016,20:15:44,0,9.6036,8.874
2/12/2016,20:30:44,0,9.6042,8.666
2/12/2016,20:45:44,0,9.6054,8.601
2/12/2016,21:00:44,0,9.6066,8.463
2/12/2016,21:15:44,0,9.6071,8.217
2/12/2016,21:30:44,0,9.606,8.108
2/12/2016,21:45:44,0,9.6064,7.981
2/12/2016,22:00:44,0,9.6076,7.762
2/12/2016,22:15:44,0,9.6072,7.723
2/12/2016,22:30:44,0,9.6057,7.634
2/12/2016,22:45:44,0,9.6068,7.53
2/12/2016,23:00:44,0,9.6068,7.522
2/12/2016,23:15:44,0,9.6073,7.532
2/12/2016,23:30:44,0,9.6086,7.482
2/12/2016,23:45:44,0,9.608,7.295
2/13/2016,0:00:44,0,9.6065,7.092
2/13/2016,0:15:44,0,9.6076,6.983
2/13/2016,0:30:44,0,9.6084,6.884
2/13/2016,0:45:44,0,9.6068,6.672
2/13/2016,1:00:44,0,9.6079,6.547
2/13/2016,1:15:44,0,9.6098,6.477
2/13/2016,1:30:44,0,9.6089,6.149
2/13/2016,1:45:44,0,9.6092,5.86
2/13/2016,2:00:44,0,9.6095,5.746
2/13/2016,2:15:44,0,9.6119,5.687
2/13/2016,2:30:44,0,9.6107,5.516
2/13/2016,2:45:44,0,9.6115,5.296
2/13/2016,3:00:44,0,9.6109,5.023
2/13/2016,3:15:44,0,9.6097,5.05
2/13/2016,3:30:44,0,9.6094,4.805
2/13/2016,3:45:44,0,9.6099,4.842
2/13/2016,4:00:44,0,9.6115,4.801
2/13/2016,4:15:44,0,9.6114,4.547
2/13/2016,4:30:44,0,9.612,4.649
2/13/2016,4:45:44,0,9.6117,4.428
2/13/2016,5:00:44,0,9.6143,4.349
2/13/2016,5:15:44,0,9.615,4.365
2/13/2016,5:30:44,0,9.6185,4.342
2/13/2016,5:45:44,0,9.6187,4.206
2/13/2016,6:00:44,0,9.6217,4.03
2/13/2016,6:15:44,0,9.6221,3.876
2/13/2016,6:30:44,0,9.6202,3.615
2/13/2016,6:45:44,0,9.6193,3.376
2/13/2016,7:00:44,0,9.6217,3.644
2/13/2016,7:15:44,0,9.6252,3.558
2/13/2016,7:30:44,0,9.628,3.514
2/13/2016,7:45:44,0,9.6287,3.425
2/13/2016,8:00:44,0,9.6266,3.361
2/13/2016,8:15:44,0,9.6264,4.229
2/13/2016,8:30:44,0,9.6247,4.774
2/13/2016,8:45:44,0,9.6261,5.676
2/13/2016,9:00:44,0,9.6248,5.984
2/13/2016,9:15:44,0,9.6253,5.931
2/13/2016,9:30:44,0,9.624,7.941
2/13/2016,9:45:44,0,9.6235,8.477
2/13/2016,10:00:44,0,9.6202,8.89
2/13/2016,10:15:44,0,9.6202,9.355
2/13/2016,10:30:44,0,9.6196,10.086
2/13/2016,10:45:44,0,9.6169,10.18
2/13/2016,11:00:44,0,9.6151,10.639
2/13/2016,11:15:44,0,9.6142,11.531
2/13/2016,11:30:44,0,9.6139,11.571
2/13/2016,11:45:44,0,9.6126,11.958
2/13/2016,12:00:44,0,9.6117,12.004
2/13/2016,12:15:44,0,9.6112,12.44
2/13/2016,12:30:44,0,9.6082,12.301
2/13/2016,12:45:44,0,9.6039,12.903
2/13/2016,13:00:44,0,9.5991,13.389
2/13/2016,13:15:44,0,9.5955,13.833
2/13/2016,13:30:44,0,9.594,14.004
2/13/2016,13:45:44,0,9.5928,14.324
2/13/2016,14:00:44,0,9.5914,14.599
2/13/2016,14:15:44,0,9.5925,14.6
2/13/2016,14:30:44,0,9.5917,14.972
2/13/2016,14:45:44,0,9.59,15.042
2/13/2016,15:00:44,0,9.5891,14.885
2/13/2016,15:15:44,0,9.5885,15.139
2/13/2016,15:30:44,0,9.5884,15.076
2/13/2016,15:45:44,0,9.5908,14.545
2/13/2016,16:00:44,0,9.5917,14.4
2/13/2016,16:15:44,0,9.5924,13.87
2/13/2016,16:30:44,0,9.5947,13.076
2/13/2016,16:45:44,0,9.5961,12.511
2/13/2016,17:00:44,0,9.5955,12.214
2/13/2016,17:15:44,0,9.597,11.916
2/13/2016,17:30:44,0,9.5967,11.592
2/13/2016,17:45:44,0,9.5977,11.405
2/13/2016,18:00:44,0,9.5996,10.899
2/13/2016,18:15:44,0,9.6031,10.494
2/13/2016,18:30:44,0,9.6038,10.312
2/13/2016,18:45:44,0,9.6065,10.176
2/13/2016,19:00:44,0,9.6071,9.832
2/13/2016,19:15:44,0,9.6088,9.609
2/13/2016,19:30:44,0,9.6118,9.45
2/13/2016,19:45:44,0,9.6134,9.143
2/13/2016,20:00:44,0,9.6163,9.153
2/13/2016,20:15:44,0,9.6155,8.788
2/13/2016,20:30:44,0,9.6152,8.876
2/13/2016,20:45:44,0,9.6185,8.703
2/13/2016,21:00:44,0,9.6182,8.497
2/13/2016,21:15:44,0,9.6231,8.431
2/13/2016,21:30:44,0,9.6247,8.133
2/13/2016,21:45:44,0,9.6256,8.109
2/13/2016,22:00:44,0,9.6251,8.074
2/13/2016,22:15:44,0,9.6259,8.037
2/13/2016,22:30:44,0,9.6236,8.001
2/13/2016,22:45:44,0,9.6267,8.063
2/13/2016,23:00:44,0,9.6258,7.738
2/13/2016,23:15:44,0,9.6275,7.864
2/13/2016,23:30:44,0,9.626,7.718
2/13/2016,23:45:44,0,9.6261,7.598
2/14/2016,0:00:44,0,9.6264,7.417
2/14/2016,0:15:44,0,9.6284,7.313
2/14/2016,0:30:44,0,9.6313,7.239
2/14/2016,0:45:44,0,9.6271,7.056
2/14/2016,1:00:44,0,9.6286,6.949
2/14/2016,1:15:44,0,9.6252,6.805
2/14/2016,1:30:44,0,9.6257,6.698
2/14/2016,1:45:44,0,9.6228,6.451
2/14/2016,2:00:44,0,9.6253,6.359
2/14/2016,2:15:44,0,9.6245,6.166
2/14/2016,2:30:44,0,9.6279,6.005
2/14/2016,2:45:44,0,9.6294,6.023
2/14/2016,3:00:44,0,9.627,5.796
2/14/2016,3:15:44,0,9.6243,5.774
2/14/2016,3:30:44,0,9.6277,5.626
2/14/2016,3:45:44,0,9.6304,5.547
2/14/2016,4:00:44,0,9.6287,5.344
2/14/2016,4:15:44,0,9.6295,5.258
2/14/2016,4:30:44,0,9.6284,5.268
2/14/2016,4:45:44,0,9.6285,5.169
2/14/2016,5:00:44,0,9.6291,5.141
2/14/2016,5:15:44,0,9.6264,5.092
2/14/2016,5:30:44,0,9.6259,5.003
2/14/2016,5:45:44,0,9.6226,4.906
2/14/2016,6:00:44,0,9.6216,4.788
2/14/2016,6:15:44,0,9.6248,4.848
2/14/2016,6:30:44,0,9.6243,4.792
2/14/2016,6:45:44,0,9.6211,4.734
2/14/2016,7:00:44,0,9.6232,4.693
2/14/2016,7:15:44,0,9.6252,4.624
2/14/2016,7:30:44,0,9.6271,4.66
2/14/2016,7:45:44,0,9.6311,4.535
2/14/2016,8:00:44,0,9.6323,4.614
2/14/2016,8:15:44,0,9.6307,4.899
2/14/2016,8:30:44,0,9.6296,5.135
2/14/2016,8:45:44,0,9.6274,5.303
2/14/2016,9:00:44,0,9.6273,5.91
2/14/2016,9:15:44,0,9.6269,6.521
2/14/2016,9:30:44,0,9.6282,7.339
2/14/2016,9:45:44,0,9.6325,7.791
2/14/2016,10:00:44,0,9.633,8.552
2/14/2016,10:15:44,0,9.6347,9.223
2/14/2016,10:30:44,0,9.636,10.091
2/14/2016,10:45:44,0,9.6357,10.594
2/14/2016,11:00:44,0,9.628,11.015
2/14/2016,11:15:44,0,9.6267,11.843
2/14/2016,11:30:44,0,9.6227,12.1
2/14/2016,11:45:44,0,9.6233,12.713
2/14/2016,12:00:44,0,9.6175,12.97
2/14/2016,12:15:44,0,9.6135,13.703
2/14/2016,12:30:44,0,9.6101,14.06
2/14/2016,12:45:44,0,9.6097,14.665
2/14/2016,13:00:44,0,9.6088,15.54
2/14/2016,13:15:44,0,9.6059,15.86
2/14/2016,13:30:44,0,9.6043,16.476
2/14/2016,13:45:44,0,9.6056,18.139
2/14/2016,14:00:44,0,9.6073,18.331
2/14/2016,14:15:44,0,9.6074,18.472
2/14/2016,14:30:44,0,9.6075,18.418
2/14/2016,14:45:44,0,9.6067,18.465
2/14/2016,15:00:44,0,9.6074,18.518
2/14/2016,15:15:44,0,9.6044,18.692
2/14/2016,15:30:44,0,9.6038,19.107
2/14/2016,15:45:44,0,9.6042,18.747
2/14/2016,16:00:44,0,9.6069,18.026
2/14/2016,16:15:44,0,9.6049,16.661
2/14/2016,16:30:44,0,9.6022,15.99
2/14/2016,16:45:44,0,9.6028,15.406
2/14/2016,17:00:44,0,9.6063,14.727
2/14/2016,17:15:44,0,9.6078,14.136
2/14/2016,17:30:44,0,9.6095,13.666
2/14/2016,17:45:44,0,9.6061,13.097
2/14/2016,18:00:44,0,9.6067,12.43
2/14/2016,18:15:44,0,9.6131,12.127
2/14/2016,18:30:44,0,9.6167,11.869
2/14/2016,18:45:44,0,9.6147,11.453
2/14/2016,19:00:44,0,9.6135,11.013
2/14/2016,19:15:44,0,9.6131,10.843
2/14/2016,19:30:44,0,9.6147,10.598
2/14/2016,19:45:44,0,9.6129,10.416
2/14/2016,20:00:44,0,9.6136,10.409
2/14/2016,20:15:44,0,9.6149,10.26
2/14/2016,20:30:44,0,9.6137,10.156
2/14/2016,20:45:44,0,9.6141,10.123
2/14/2016,21:00:44,0,9.6137,9.994
2/14/2016,21:15:44,0,9.6159,9.906
2/14/2016,21:30:44,0,9.6122,9.822
2/14/2016,21:45:44,0,9.6159,9.656
2/14/2016,22:00:44,0,9.617,9.485
2/14/2016,22:15:44,0,9.6188,9.279
2/14/2016,22:30:44,0,9.6139,9.19
2/14/2016,22:45:44,0,9.6135,9.116
2/14/2016,23:00:44,0,9.6109,8.997
2/14/2016,23:15:44,0,9.6167,8.92
2/14/2016,23:30:44,0,9.6207,8.866
2/14/2016,23:45:44,0,9.6155,8.71
2/15/2016,0:00:44,0,9.6131,8.599
2/15/2016,0:15:44,0,9.6142,8.476
2/15/2016,0:30:44,0,9.6157,8.31
2/15/2016,0:45:44,0,9.6144,8.103
2/15/2016,1:00:44,0,9.6119,7.952
2/15/2016,1:15:44,0,9.6118,7.978
2/15/2016,1:30:44,0,9.6156,7.966
2/15/2016,1:45:44,0,9.6128,7.944
2/15/2016,2:00:44,0,9.6106,7.916
2/15/2016,2:15:44,0,9.6108,7.913
2/15/2016,2:30:44,0,9.6098,7.768
2/15/2016,2:45:44,0,9.608,7.766
2/15/2016,3:00:44,0,9.6063,7.657
2/15/2016,3:15:44,0,9.604,7.455
2/15/2016,3:30:44,0,9.603,7.359
2/15/2016,3:45:44,0,9.6001,7.271
2/15/2016,4:00:44,0,9.6012,7.155
2/15/2016,4:15:44,0,9.6011,7.042
2/15/2016,4:30:44,0,9.6009,7
2/15/2016,4:45:44,0,9.5998,6.909
2/15/2016,5:00:44,0,9.5989,6.708
2/15/2016,5:15:44,0,9.5999,6.638
2/15/2016,5:30:44,0,9.6001,6.548
2/15/2016,5:45:44,0,9.6,6.424
2/15/2016,6:00:44,0,9.6016,6.159
2/15/2016,6:15:44,0,9.6032,5.839
2/15/2016,6:30:44,0,9.6011,5.576
2/15/2016,6:45:44,0,9.6013,5.74
2/15/2016,7:00:44,0,9.6025,5.469
2/15/2016,7:15:44,0,9.601,5.537
2/15/2016,7:30:44,0,9.6044,5.526
2/15/2016,7:45:44,0,9.6057,5.538
2/15/2016,8:00:44,0,9.6063,5.344
2/15/2016,8:15:44,0,9.604,5.363
2/15/2016,8:30:44,0,9.6053,5.477
2/15/2016,8:45:44,0,9.6034,5.334
2/15/2016,9:00:44,0,9.604,5.505
2/15/2016,9:15:44,0,9.6015,6.142
2/15/2016,9:30:44,0,9.6028,9.008
2/15/2016,9:45:44,0,9.6042,8.847
2/15/2016,10:00:44,0,9.6045,9.451
2/15/2016,10:15:44,0,9.6025,10.221
2/15/2016,10:30:44,0,9.5988,11.449
2/15/2016,10:45:44,0,9.5976,11.161
2/15/2016,11:00:44,0,9.5946,12.174
2/15/2016,11:15:44,0,9.5919,12.973
2/15/2016,11:30:44,0,9.589,13.438
2/15/2016,11:45:44,0,9.5876,14.325
2/15/2016,12:00:44,0,9.5845,14.854
2/15/2016,12:15:44,0,9.5796,16.049
2/15/2016,12:30:44,0,9.5766,18.502
2/15/2016,12:45:44,0,9.5758,19.036
2/15/2016,13:00:44,0,9.5753,19.791
2/15/2016,13:15:44,0,9.573,19.26
2/15/2016,13:30:44,0,9.5726,19.393
2/15/2016,13:45:44,0,9.5693,19.968
2/15/2016,14:00:44,0,9.5689,20.035
2/15/2016,14:15:44,0,9.5661,19.905
2/15/2016,14:30:44,0,9.5671,20.586
2/15/2016,14:45:44,0,9.5658,20.592
2/15/2016,15:00:44,0,9.5635,19.98
2/15/2016,15:15:44,0,9.5627,18.415
2/15/2016,15:30:44,0,9.5608,17.567
2/15/2016,15:45:44,0,9.5589,17.082
2/15/2016,16:00:44,0,9.5587,16.611
2/15/2016,16:15:44,0,9.5596,16.094
2/15/2016,16:30:44,0,9.5593,15.248
2/15/2016,16:45:44,0,9.5605,14.566
2/15/2016,17:00:44,0,9.5608,13.944
2/15/2016,17:15:44,0,9.5622,13.584
2/15/2016,17:30:44,0,9.5647,13.24
2/15/2016,17:45:44,0,9.5657,12.982
2/15/2016,18:00:44,0,9.5656,12.599
2/15/2016,18:15:44,0,9.5671,12.212
2/15/2016,18:30:44,0,9.5685,12.064
2/15/2016,18:45:44,0,9.5687,11.547
2/15/2016,19:00:44,0,9.5689,11.371
2/15/2016,19:15:44,0,9.5677,11.034
2/15/2016,19:30:44,0,9.5685,10.765
2/15/2016,19:45:44,0,9.5704,10.598
2/15/2016,20:00:44,0,9.5722,10.35
2/15/2016,20:15:44,0,9.5732,10.236
2/15/2016,20:30:44,0,9.5732,9.985
2/15/2016,20:45:44,0,9.5736,9.749
2/15/2016,21:00:44,0,9.5748,9.88
2/15/2016,21:15:44,0,9.574,10.443
2/15/2016,21:30:44,0,9.5761,10.452
2/15/2016,21:45:44,0,9.5748,10.646
2/15/2016,22:00:44,0,9.5719,10.797
2/15/2016,22:15:44,0,9.5723,11.626
2/15/2016,22:30:44,0,9.5712,10.814
2/15/2016,22:45:44,0,9.5686,10.599
2/15/2016,23:00:44,0,9.5684,11.403
2/15/2016,23:15:44,0,9.5696,11.883
2/15/2016,23:30:44,0,9.5722,11.39
2/15/2016,23:45:44,0,9.5725,11.084
2/16/2016,0:00:44,0,9.571,10.583
2/16/2016,0:15:44,0,9.5717,10.678
2/16/2016,0:30:44,0,9.5687,11.029
2/16/2016,0:45:44,0,9.57,11.38
2/16/2016,1:00:44,0,9.5704,10.917
2/16/2016,1:15:44,0,9.5702,10.096
2/16/2016,1:30:44,0,9.5675,9.584
2/16/2016,1:45:44,0,9.5663,9.825
2/16/2016,2:00:44,0,9.5666,10.497
2/16/2016,2:15:44,0,9.5659,10.553
2/16/2016,2:30:44,0,9.5651,10.668
2/16/2016,2:45:44,0,9.5653,9.973
2/16/2016,3:00:44,0,9.5635,9.773
2/16/2016,3:15:44,0,9.5595,9.484
2/16/2016,3:30:44,0,9.5606,9.218
2/16/2016,3:45:44,0,9.5598,9.834
2/16/2016,4:00:44,0,9.5579,10.055
2/16/2016,4:15:44,0,9.5588,9.085
2/16/2016,4:30:44,0,9.5594,8.332
2/16/2016,4:45:44,0,9.5587,8.26
2/16/2016,5:00:44,0,9.5567,8.064
2/16/2016,5:15:44,0,9.556,8.129
2/16/2016,5:30:44,0,9.5549,8.879
2/16/2016,5:45:44,0,9.5567,9.311
2/16/2016,6:00:44,0,9.5563,8.561
2/16/2016,6:15:44,0,9.5551,7.827
2/16/2016,6:30:44,0,9.5553,7.93
2/16/2016,6:45:44,0,9.5543,7.763
2/16/2016,7:00:44,0,9.5549,7.592
2/16/2016,7:15:44,0,9.5571,7.047
2/16/2016,7:30:44,0,9.5583,6.708
2/16/2016,7:45:44,0,9.5577,6.431
2/16/2016,8:00:44,0,9.5589,6.363
2/16/2016,8:15:44,0,9.5591,6.378
2/16/2016,8:30:44,0,9.5585,6.304
2/16/2016,8:45:44,0,9.5555,6.494
2/16/2016,9:00:44,0,9.5542,6.964
2/16/2016,9:15:44,0,9.5514,8.335
2/16/2016,9:30:44,0,9.5508,12.167
2/16/2016,9:45:44,0,9.5499,12.103
2/16/2016,10:00:44,0,9.5484,11.982
2/16/2016,10:15:44,0,9.5464,12.592
2/16/2016,10:30:44,0,9.5427,13.421
2/16/2016,10:45:44,0,9.5402,13.782
2/16/2016,11:00:44,0,9.5367,13.76
2/16/2016,11:15:44,0,9.5363,14.194
2/16/2016,11:30:44,0,9.5354,14.871
2/16/2016,11:45:44,0,9.532,14.747
2/16/2016,12:00:44,0,9.5286,14.996
2/16/2016,12:15:44,0,9.5274,15.178
2/16/2016,12:30:44,0,9.5223,15.726
2/16/2016,12:45:44,0,9.5208,15.886
2/16/2016,13:00:44,0,9.5176,16.296
2/16/2016,13:15:44,0,9.5161,16.337
2/16/2016,13:30:44,0,9.5148,16.341
2/16/2016,13:45:44,0,9.5129,16.506
2/16/2016,14:00:44,0,9.5107,16.843
2/16/2016,14:15:44,0,9.5089,17.159
2/16/2016,14:30:44,0,9.509,17.881
2/16/2016,14:45:44,0,9.5066,17.762
2/16/2016,15:00:44,0,9.5026,17.421
2/16/2016,15:15:44,0,9.5001,16.744
2/16/2016,15:30:44,0,9.4961,15.934
2/16/2016,15:45:44,0,9.493,16.105
2/16/2016,16:00:44,0,9.4924,15.722
2/16/2016,16:15:44,0,9.4905,15.235
2/16/2016,16:30:44,0,9.4887,14.742
2/16/2016,16:45:44,0,9.4886,14.304
2/16/2016,17:00:44,0,9.4873,13.752
2/16/2016,17:15:44,0,9.4871,13.378
2/16/2016,17:30:44,0,9.4864,13.087
2/16/2016,17:45:44,0,9.4851,12.847
2/16/2016,18:00:44,0,9.4847,12.438
2/16/2016,18:15:44,0,9.4845,12.109
2/16/2016,18:30:44,0,9.4838,11.927
2/16/2016,18:45:44,0,9.4841,11.523
2/16/2016,19:00:44,0,9.4818,11.212
2/16/2016,19:15:44,0,9.4798,11.005
2/16/2016,19:30:44,0,9.4791,11.073
2/16/2016,19:45:44,0,9.479,10.978
2/16/2016,20:00:44,0,9.4776,10.792
2/16/2016,20:15:44,0,9.4781,10.586
2/16/2016,20:30:44,0,9.4789,10.531
2/16/2016,20:45:44,0,9.4797,10.422
2/16/2016,21:00:44,0,9.4786,10.355
2/16/2016,21:15:44,0,9.4767,10.079
2/16/2016,21:30:44,0,9.4715,9.688
2/16/2016,21:45:44,0,9.4706,9.745
2/16/2016,22:00:44,0,9.4709,9.797
2/16/2016,22:15:44,0,9.4713,9.731
2/16/2016,22:30:44,0,9.4713,9.596
2/16/2016,22:45:44,0,9.4687,9.49
2/16/2016,23:00:44,0,9.4663,9.114
2/16/2016,23:15:44,0,9.4656,9.103
2/16/2016,23:30:44,0,9.4621,9.179
2/16/2016,23:45:44,0,9.4609,9.227
2/17/2016,0:00:44,0,9.4548,10.701
2/17/2016,0:15:44,0,9.4564,11.334
2/17/2016,0:30:44,0,9.4582,10.391
2/17/2016,0:45:44,0,9.4586,9.893
2/17/2016,1:00:44,0,9.4551,9.593
2/17/2016,1:15:44,0,9.4572,9.467
2/17/2016,1:30:44,0,9.4607,9.286
2/17/2016,1:45:44,0,9.4591,8.933
2/17/2016,2:00:44,0,9.4545,8.705
2/17/2016,2:15:44,0,9.4564,8.682
2/17/2016,2:30:44,0,9.4575,8.632
2/17/2016,2:45:44,0,9.4596,8.526
2/17/2016,3:00:44,0,9.4564,8.327
2/17/2016,3:15:44,0,9.4507,8.263
2/17/2016,3:30:44,0,9.4538,8.247
2/17/2016,3:45:44,0,9.4458,8.086
2/17/2016,4:00:44,0,9.4406,8.172
2/17/2016,4:15:44,0,9.4376,8.111
2/17/2016,4:30:44,0,9.4346,8.025
2/17/2016,4:45:44,0,9.4328,8.017
2/17/2016,5:00:44,0,9.4337,7.953
2/17/2016,5:15:44,0,9.4343,7.987
2/17/2016,5:30:44,0,9.4331,7.957
2/17/2016,5:45:44,0,9.4348,7.861
2/17/2016,6:00:44,0,9.4329,7.616
2/17/2016,6:15:44,0,9.4364,7.665
2/17/2016,6:30:44,0,9.4344,7.615
2/17/2016,6:45:44,0,9.4347,7.698
2/17/2016,7:00:44,0,9.4381,7.564
2/17/2016,7:15:44,0,9.4375,7.801
2/17/2016,7:30:44,0,9.4353,8.208
2/17/2016,7:45:44,0,9.4372,8.401
2/17/2016,8:00:44,0,9.4412,8.836
2/17/2016,8:15:44,0,9.4492,9.145
2/17/2016,8:30:44,0,9.4554,9.6
2/17/2016,8:45:44,0,9.4528,9.588
2/17/2016,9:00:44,0,9.4545,9.498
2/17/2016,9:15:44,0,9.451,9.359
2/17/2016,9:30:44,0,9.4493,9.22
2/17/2016,9:45:44,0,9.4452,9.232
2/17/2016,10:00:44,0,9.4453,9.11
2/17/2016,10:15:44,0,9.4503,9.15
2/17/2016,10:30:44,0,9.4452,9.168
2/17/2016,10:45:44,0,9.4425,9.168
2/17/2016,11:00:44,0,9.4351,9.375
2/17/2016,11:15:44,0,9.43,9.599
2/17/2016,11:30:44,0,9.425,9.958
2/17/2016,11:45:44,0,9.4192,10.391
2/17/2016,12:00:44,0,9.4155,10.774
2/17/2016,12:15:44,0,9.4108,11.195
2/17/2016,12:30:44,0,9.4097,11.48
2/17/2016,12:45:44,0,9.4046,11.793
2/17/2016,13:00:44,0,9.401,11.956
2/17/2016,13:15:44,0,9.3998,11.973
2/17/2016,13:30:44,0,9.3974,11.72
2/17/2016,13:45:44,0,9.3948,11.392
2/17/2016,14:00:44,0,9.3956,11.227
2/17/2016,14:15:44,0,9.393,11.277
2/17/2016,14:30:44,0,9.3913,11.123
2/17/2016,14:45:44,0,9.3932,11.042
2/17/2016,15:00:44,0,9.3905,11.024
2/17/2016,15:15:44,0,9.3888,10.888
2/17/2016,15:30:44,0,9.3868,10.731
2/17/2016,15:45:44,0,9.3848,10.66
2/17/2016,16:00:44,0,9.3837,10.602
2/17/2016,16:15:44,0,9.3811,10.438
2/17/2016,16:30:44,0,9.3788,10.268
2/17/2016,16:45:44,0,9.376,10.128
2/17/2016,17:00:44,0,9.3727,9.947
2/17/2016,17:15:44,0,9.3721,9.91
2/17/2016,17:30:44,0,9.3717,9.818
2/17/2016,17:45:44,0,9.3686,9.739
2/17/2016,18:00:44,0,9.3675,9.745
2/17/2016,18:15:44,0,9.3644,9.782
2/17/2016,18:30:44,0,9.3613,9.602
2/17/2016,18:45:44,0,9.3578,9.676
2/17/2016,19:00:44,0,9.3562,9.656
2/17/2016,19:15:44,0,9.3579,9.593
2/17/2016,19:30:44,0,9.3547,9.473
2/17/2016,19:45:44,0,9.3526,9.33
2/17/2016,20:00:44,0,9.3479,9.289
2/17/2016,20:15:44,0,9.349,9.273
2/17/2016,20:30:44,0,9.3444,9.22
2/17/2016,20:45:44,0,9.3461,9.192
2/17/2016,21:00:44,0,9.3443,9.086
2/17/2016,21:15:44,0,9.3669,8.35
2/17/2016,21:30:44,0,9.3736,7.384
2/17/2016,21:45:44,0,9.3824,6.813
2/17/2016,22:00:44,0,9.3876,6.03
2/17/2016,22:15:44,0,9.393,4.775
2/17/2016,22:30:44,0,9.3947,3.34
2/17/2016,22:45:44,0,9.4,2.315
2/17/2016,23:00:44,0,9.3989,2.716
2/17/2016,23:15:44,0,9.3977,1.45
2/17/2016,23:30:44,0,9.4009,1.566
2/17/2016,23:45:44,0,9.4036,2.28
2/18/2016,0:00:44,0,9.4026,2.238
2/18/2016,0:15:44,0,9.4027,2.342
2/18/2016,0:30:44,0,9.4047,2.649
2/18/2016,0:45:44,0,9.4042,3.201
2/18/2016,1:00:44,0,9.406,3.388
2/18/2016,1:15:44,0,9.4113,2.927
2/18/2016,1:30:44,0,9.4087,2.352
2/18/2016,1:45:44,0,9.409,2.846
2/18/2016,2:00:44,0,9.407,2.342
2/18/2016,2:15:44,0,9.4081,2.783
2/18/2016,2:30:44,0,9.4077,2.48
2/18/2016,2:45:44,0,9.4114,2.815
2/18/2016,3:00:44,0,9.4139,2.25
2/18/2016,3:15:44,0,9.4167,2.626
2/18/2016,3:30:44,0,9.4168,2.824
2/18/2016,3:45:44,0,9.4156,2.807
2/18/2016,4:00:44,0,9.4207,2.696
2/18/2016,4:15:44,0,9.423,2.487
2/18/2016,4:30:44,0,9.4217,2.557
2/18/2016,4:45:44,0,9.4232,2.384
2/18/2016,5:00:44,0,9.4225,2.464
2/18/2016,5:15:44,0,9.4222,2.644
2/18/2016,5:30:44,0,9.425,2.962
2/18/2016,5:45:44,0,9.4286,2.973
2/18/2016,6:00:44,0,9.4315,2.955
2/18/2016,6:15:44,0,9.4365,3.093
2/18/2016,6:30:44,0,9.4419,3.21
2/18/2016,6:45:44,0,9.445,3.435
2/18/2016,7:00:44,0,9.4461,3.664
2/18/2016,7:15:44,0,9.4476,3.649
2/18/2016,7:30:44,0,9.4507,3.825
2/18/2016,7:45:44,0,9.4587,3.901
2/18/2016,8:00:44,0,9.4648,3.919
2/18/2016,8:15:44,0,9.4693,3.791
2/18/2016,8:30:44,0,9.4716,3.929
2/18/2016,8:45:44,0,9.4754,4.039
2/18/2016,9:00:44,0,9.4799,4.153
2/18/2016,9:15:44,0,9.482,4.185
2/18/2016,9:30:44,0,9.4872,4.312
2/18/2016,9:45:44,0,9.49,4.434
2/18/2016,10:00:44,0,9.4919,4.545
2/18/2016,10:15:44,0,9.4932,4.683
2/18/2016,10:30:44,0,9.4944,4.761
2/18/2016,10:45:44,0,9.4961,5.006
2/18/2016,11:00:44,0,9.4984,5.184
2/18/2016,11:15:44,0,9.502,5.23
2/18/2016,11:30:44,0,9.5031,5.367
2/18/2016,11:45:44,0,9.5059,5.479
2/18/2016,12:00:44,0,9.5064,5.615
2/18/2016,12:15:44,0,9.5055,5.677
2/18/2016,12:30:44,0,9.507,5.706
2/18/2016,12:45:44,0,9.5088,5.799
2/18/2016,13:00:44,0,9.5117,5.894
2/18/2016,13:15:44,0,9.5155,5.907
2/18/2016,13:30:44,0,9.5177,5.937
2/18/2016,13:45:44,0,9.5195,5.845
2/18/2016,14:00:44,0,9.5217,5.873
2/18/2016,14:15:44,0,9.523,5.837
2/18/2016,14:30:44,0,9.5256,5.765
2/18/2016,14:45:44,0,9.5274,5.735
2/18/2016,15:00:44,0,9.5297,5.769
2/18/2016,15:15:44,0,9.5324,5.856
2/18/2016,15:30:44,0,9.5327,5.879
2/18/2016,15:45:44,0,9.5334,5.794
2/18/2016,16:00:44,0,9.5354,5.731
2/18/2016,16:15:44,0,9.5355,5.719
2/18/2016,16:30:44,0,9.536,5.689
2/18/2016,16:45:44,0,9.5355,5.641
2/18/2016,17:00:44,0,9.5358,5.655
2/18/2016,17:15:44,0,9.5374,5.621
2/18/2016,17:30:44,0,9.5371,5.602
2/18/2016,17:45:44,0,9.5368,5.481
2/18/2016,18:00:44,0,9.5369,5.401
2/18/2016,18:15:44,0,9.5367,5.367
2/18/2016,18:30:44,0,9.5384,5.358
2/18/2016,18:45:44,0,9.5379,5.337
2/18/2016,19:00:44,0,9.5379,5.24
2/18/2016,19:15:44,0,9.5385,5.196
2/18/2016,19:30:44,0,9.5386,5.212
2/18/2016,19:45:44,0,9.5392,5.167
2/18/2016,20:00:44,0,9.5378,5.154
2/18/2016,20:15:44,0,9.5385,5.089
2/18/2016,20:30:44,0,9.5384,5.053
2/18/2016,20:45:44,0,9.5378,4.993
2/18/2016,21:00:44,0,9.54,5.042
2/18/2016,21:15:44,0,9.5417,4.995
2/18/2016,21:30:44,0,9.5437,5.001
2/18/2016,21:45:44,0,9.5434,4.946
2/18/2016,22:00:44,0,9.5441,4.868
2/18/2016,22:15:44,0,9.5452,4.661
2/18/2016,22:30:44,0,9.5438,4.378
2/18/2016,22:45:44,0,9.5425,4.34
2/18/2016,23:00:44,0,9.5414,4.191
2/18/2016,23:15:44,0,9.5396,4.099
2/18/2016,23:30:44,0,9.543,4.23
2/18/2016,23:45:44,0,9.544,3.974
2/19/2016,0:00:44,0,9.5399,3.843
2/19/2016,0:15:44,0,9.5365,3.631
2/19/2016,0:30:44,0,9.5318,3.665
2/19/2016,0:45:44,0,9.5351,3.778
2/19/2016,1:00:44,0,9.5322,3.437
2/19/2016,1:15:44,0,9.5358,3.526
2/19/2016,1:30:44,0,9.5314,3.179
2/19/2016,1:45:44,0,9.5363,3.233
2/19/2016,2:00:44,0,9.5403,3.234
2/19/2016,2:15:44,0,9.5448,3.335
2/19/2016,2:30:44,0,9.5445,2.908
2/19/2016,2:45:44,0,9.543,2.958
2/19/2016,3:00:44,0,9.5403,3.071
2/19/2016,3:15:44,0,9.5361,3.231
2/19/2016,3:30:44,0,9.5363,3.236
2/19/2016,3:45:44,0,9.5361,3.267
2/19/2016,4:00:44,0,9.5379,3.223
2/19/2016,4:15:44,0,9.5371,3.336
2/19/2016,4:30:44,0,9.5398,3.29
2/19/2016,4:45:44,0,9.5382,3.391
2/19/2016,5:00:44,0,9.5388,3.294
2/19/2016,5:15:44,0,9.5439,3.382
2/19/2016,5:30:44,0,9.5447,3.391
2/19/2016,5:45:44,0,9.5416,3.479
2/19/2016,6:00:44,0,9.5361,3.479
2/19/2016,6:15:44,0,9.5398,3.493
2/19/2016,6:30:44,0,9.5388,3.412
2/19/2016,6:45:44,0,9.5383,3.458
2/19/2016,7:00:44,0,9.5359,3.449
2/19/2016,7:15:44,0,9.5407,3.511
2/19/2016,7:30:44,0,9.5429,3.521
2/19/2016,7:45:44,0,9.5465,3.616
2/19/2016,8:00:44,0,9.5489,3.629
2/19/2016,8:15:44,0,9.5519,3.71
2/19/2016,8:30:44,0,9.5496,3.726
2/19/2016,8:45:44,0,9.5505,3.891
2/19/2016,9:00:44,0,9.5528,4.078
2/19/2016,9:15:44,0,9.55,4.167
2/19/2016,9:30:44,0,9.5482,4.439
2/19/2016,9:45:44,0,9.5483,4.641
2/19/2016,10:00:44,0,9.5453,4.921
2/19/2016,10:15:44,0,9.547,5.019
2/19/2016,10:30:44,0,9.5494,5.157
2/19/2016,10:45:44,0,9.5508,5.293
2/19/2016,11:00:44,0,9.5518,5.357
2/19/2016,11:15:44,0,9.5477,5.472
2/19/2016,11:30:44,0,9.5502,5.547
2/19/2016,11:45:44,0,9.5501,5.715
2/19/2016,12:00:44,0,9.5507,5.774
2/19/2016,12:15:44,0,9.552,5.779
2/19/2016,12:30:44,0,9.5518,5.748
2/19/2016,12:45:44,0,9.5519,5.778
2/19/2016,13:00:44,0,9.5551,5.744
2/19/2016,13:15:44,0,9.5573,5.805
2/19/2016,13:30:44,0,9.5567,5.818
2/19/2016,13:45:44,0,9.5567,5.871
2/19/2016,14:00:44,0,9.5604,5.842
2/19/2016,14:15:44,0,9.5621,5.754
2/19/2016,14:30:44,0,9.5625,5.738
2/19/2016,14:45:44,0,9.5612,5.797
2/19/2016,15:00:44,0,9.5647,5.851
2/19/2016,15:15:44,0,9.5656,5.867
2/19/2016,15:30:44,0,9.568,5.847
2/19/2016,15:45:44,0,9.5681,5.738
2/19/2016,16:00:44,0,9.5693,5.715
2/19/2016,16:15:44,0,9.5706,5.712
2/19/2016,16:30:44,0,9.57,5.718
2/19/2016,16:45:44,0,9.5711,5.648
2/19/2016,17:00:44,0,9.5724,5.633
2/19/2016,17:15:44,0,9.5724,5.564
2/19/2016,17:30:44,0,9.5728,5.518
2/19/2016,17:45:44,0,9.5737,5.459
2/19/2016,18:00:44,0,9.5758,5.409
2/19/2016,18:15:44,0,9.5767,5.408
2/19/2016,18:30:44,0,9.5777,5.382
2/19/2016,18:45:44,0,9.579,5.182
2/19/2016,19:00:44,0,9.5785,5.062
2/19/2016,19:15:44,0,9.5806,5.117
2/19/2016,19:30:44,0,9.5811,5.092
2/19/2016,19:45:44,0,9.5833,5.089
2/19/2016,20:00:44,0,9.5854,5.098
2/19/2016,20:15:44,0,9.5878,5.04
2/19/2016,20:30:44,0,9.5882,5.017
2/19/2016,20:45:44,0,9.5886,4.99
2/19/2016,21:00:44,0,9.5902,4.945
2/19/2016,21:15:44,0,9.5898,4.999
2/19/2016,21:30:44,0,9.5914,5.034
2/19/2016,21:45:44,0,9.5909,4.966
2/19/2016,22:00:44,0,9.5966,5.022
2/19/2016,22:15:44,0,9.5954,4.962
2/19/2016,22:30:44,0,9.5947,4.937
2/19/2016,22:45:44,0,9.59,4.97
2/19/2016,23:00:44,0,9.5894,4.993
2/19/2016,23:15:44,0,9.593,5.022
2/19/2016,23:30:44,0,9.5918,5.06
2/19/2016,23:45:44,0,9.5939,5.08
2/20/2016,0:00:44,0,9.5951,5.071
2/20/2016,0:15:44,0,9.5949,5.088
2/20/2016,0:30:44,0,9.5949,5.072
2/20/2016,0:45:44,0,9.5958,5.085
2/20/2016,1:00:44,0,9.5986,5.084
2/20/2016,1:15:44,0,9.5978,5.045
2/20/2016,1:30:44,0,9.5984,5.068
2/20/2016,1:45:44,0,9.6,5.094
2/20/2016,2:00:44,0,9.6002,5.113
2/20/2016,2:15:44,0,9.6038,5.127
2/20/2016,2:30:44,0,9.6033,5.086
2/20/2016,2:45:44,0,9.6006,5.101
2/20/2016,3:00:44,0,9.5958,5.107
2/20/2016,3:15:44,0,9.5962,5.106
2/20/2016,3:30:44,0,9.5957,5.111
2/20/2016,3:45:44,0,9.5961,5.12
2/20/2016,4:00:44,0,9.597,5.104
2/20/2016,4:15:44,0,9.597,5.094
2/20/2016,4:30:44,0,9.598,5.084
2/20/2016,4:45:44,0,9.5971,5.077
2/20/2016,5:00:44,0,9.5957,5.015
2/20/2016,5:15:44,0,9.5953,4.965
2/20/2016,5:30:44,0,9.5943,4.841
2/20/2016,5:45:44,0,9.5938,4.72
2/20/2016,6:00:44,0,9.5938,4.532
2/20/2016,6:15:44,0,9.5927,4.393
2/20/2016,6:30:44,0,9.5947,4.2
2/20/2016,6:45:44,0,9.5951,4.079
2/20/2016,7:00:44,0,9.5961,4.059
2/20/2016,7:15:44,0,9.5966,4.026
2/20/2016,7:30:44,0,9.5968,4.032
2/20/2016,7:45:44,0,9.5986,3.99
2/20/2016,8:00:44,0,9.5982,4.01
2/20/2016,8:15:44,0,9.5983,4.196
2/20/2016,8:30:44,0,9.599,4.398
2/20/2016,8:45:44,0,9.5981,4.542
2/20/2016,9:00:44,0,9.5981,4.811
2/20/2016,9:15:44,0,9.5986,6.31
2/20/2016,9:30:44,0,9.5988,7.037
2/20/2016,9:45:44,0,9.5969,7.055
2/20/2016,10:00:44,0,9.5934,6.874
2/20/2016,10:15:44,0,9.5922,7.619
2/20/2016,10:30:44,0,9.5955,7.538
2/20/2016,10:45:44,0,9.5955,7.443
2/20/2016,11:00:44,0,9.594,7.546
2/20/2016,11:15:44,0,9.5918,8.358
2/20/2016,11:30:44,0,9.5889,8.266
2/20/2016,11:45:44,0,9.5874,8.433
2/20/2016,12:00:44,0,9.5859,8.341
2/20/2016,12:15:44,0,9.5825,8.765
2/20/2016,12:30:44,0,9.5793,9.171
2/20/2016,12:45:44,0,9.5772,8.948
2/20/2016,13:00:44,0,9.572,9.124
2/20/2016,13:15:44,0,9.5688,9.624
2/20/2016,13:30:44,0,9.5674,9.192
2/20/2016,13:45:44,0,9.5658,9.381
2/20/2016,14:00:44,0,9.5626,9.315
2/20/2016,14:15:44,0,9.5651,9.583
2/20/2016,14:30:44,0,9.5664,10.174
2/20/2016,14:45:44,0,9.5687,9.822
2/20/2016,15:00:44,0,9.5705,9.899
2/20/2016,15:15:44,0,9.5698,10.086
2/20/2016,15:30:44,0,9.5708,10.107
2/20/2016,15:45:44,0,9.5701,10.187
2/20/2016,16:00:44,0,9.5704,10.206
2/20/2016,16:15:44,0,9.5712,10.204
2/20/2016,16:30:44,0,9.5709,10.193
2/20/2016,16:45:44,0,9.5717,10.066
2/20/2016,17:00:44,0,9.573,9.871
2/20/2016,17:15:44,0,9.5725,9.768
2/20/2016,17:30:44,0,9.5732,9.503
2/20/2016,17:45:44,0,9.575,9.233
2/20/2016,18:00:44,0,9.5769,9.091
2/20/2016,18:15:44,0,9.5774,8.671
2/20/2016,18:30:44,0,9.5795,8.552
2/20/2016,18:45:44,0,9.5808,8.375
2/20/2016,19:00:44,0,9.584,7.978
2/20/2016,19:15:44,0,9.5845,7.599
2/20/2016,19:30:44,0,9.5845,7.242
2/20/2016,19:45:44,0,9.5839,7.113
2/20/2016,20:00:44,0,9.5846,6.975
2/20/2016,20:15:44,0,9.585,6.852
2/20/2016,20:30:44,0,9.5857,6.917
2/20/2016,20:45:44,0,9.5875,6.912
2/20/2016,21:00:44,0,9.589,6.861
2/20/2016,21:15:44,0,9.5909,6.691
2/20/2016,21:30:44,0,9.5907,6.389
2/20/2016,21:45:44,0,9.5908,6.181
2/20/2016,22:00:44,0,9.5923,5.814
2/20/2016,22:15:44,0,9.5928,5.53
2/20/2016,22:30:44,0,9.593,5.318
2/20/2016,22:45:44,0,9.5932,5.149
2/20/2016,23:00:44,0,9.5942,5.086
2/20/2016,23:15:44,0,9.5943,5.095
2/20/2016,23:30:44,0,9.5963,4.993
2/20/2016,23:45:44,0,9.5972,4.785
2/21/2016,0:00:44,0,9.5975,4.581
2/21/2016,0:15:44,0,9.5985,4.539
2/21/2016,0:30:44,0,9.5984,4.655
2/21/2016,0:45:44,0,9.5996,4.644
2/21/2016,1:00:44,0,9.5993,4.737
2/21/2016,1:15:44,0,9.6004,4.879
2/21/2016,1:30:44,0,9.6017,4.561
2/21/2016,1:45:44,0,9.6026,4.377
2/21/2016,2:00:44,0,9.601,4.197
2/21/2016,2:15:44,0,9.5989,4.065
2/21/2016,2:30:44,0,9.6001,3.879
2/21/2016,2:45:44,0,9.5979,3.751
2/21/2016,3:00:44,0,9.5969,3.662
2/21/2016,3:15:44,0,9.5974,3.33
2/21/2016,3:30:44,0,9.5967,3.213
2/21/2016,3:45:44,0,9.5966,3.176
2/21/2016,4:00:44,0,9.5992,3.032
2/21/2016,4:15:44,0,9.5989,2.896
2/21/2016,4:30:44,0,9.6023,2.803
2/21/2016,4:45:44,0,9.6055,2.757
2/21/2016,5:00:44,0,9.6077,2.787
2/21/2016,5:15:44,0,9.6076,2.845
2/21/2016,5:30:44,0,9.6099,2.721
2/21/2016,5:45:44,0,9.6106,2.66
2/21/2016,6:00:44,0,9.6096,2.364
2/21/2016,6:15:44,0,9.6081,1.95
2/21/2016,6:30:44,0,9.6086,1.979
2/21/2016,6:45:44,0,9.6102,1.9
2/21/2016,7:00:44,0,9.6085,1.919
2/21/2016,7:15:44,0,9.6067,2.11
2/21/2016,7:30:44,0,9.6072,2.253
2/21/2016,7:45:44,0,9.6095,2.416
2/21/2016,8:00:44,0,9.6116,2.475
2/21/2016,8:15:44,0,9.6113,2.866
2/21/2016,8:30:44,0,9.6117,3.279
2/21/2016,8:45:44,0,9.6118,3.391
2/21/2016,9:00:44,0,9.6128,3.468
2/21/2016,9:15:44,0,9.6131,4.126
2/21/2016,9:30:44,0,9.6128,4.753
2/21/2016,9:45:44,0,9.6114,5.064
2/21/2016,10:00:44,0,9.6107,5.487
2/21/2016,10:15:44,0,9.6095,6.013
2/21/2016,10:30:44,0,9.6086,6.152
2/21/2016,10:45:44,0,9.6092,6.439
2/21/2016,11:00:44,0,9.6067,6.966
2/21/2016,11:15:44,0,9.6075,8.787
2/21/2016,11:30:44,0,9.6077,8.257
2/21/2016,11:45:44,0,9.6064,8.156
2/21/2016,12:00:44,0,9.6033,8.433
2/21/2016,12:15:44,0,9.601,8.921
2/21/2016,12:30:44,0,9.5977,9.124
2/21/2016,12:45:44,0,9.5962,9.52
2/21/2016,13:00:44,0,9.596,10.025
2/21/2016,13:15:44,0,9.5943,9.896
2/21/2016,13:30:44,0,9.5936,10.524
2/21/2016,13:45:44,0,9.5933,10.664
2/21/2016,14:00:44,0,9.594,10.682
2/21/2016,14:15:44,0,9.593,10.746
2/21/2016,14:30:44,0,9.5943,11.308
2/21/2016,14:45:44,0,9.5954,11.233
2/21/2016,15:00:44,0,9.5932,10.762
2/21/2016,15:15:44,0,9.5935,10.676
2/21/2016,15:30:44,0,9.5935,10.427
2/21/2016,15:45:44,0,9.5937,10.165
2/21/2016,16:00:44,0,9.5941,9.906
2/21/2016,16:15:44,0,9.5943,9.68
2/21/2016,16:30:44,0,9.593,9.578
2/21/2016,16:45:44,0,9.594,9.538
2/21/2016,17:00:44,0,9.5981,9.557
2/21/2016,17:15:44,0,9.6027,9.292
2/21/2016,17:30:44,0,9.6035,9.077
2/21/2016,17:45:44,0,9.603,8.895
2/21/2016,18:00:44,0,9.6017,8.778
2/21/2016,18:15:44,0,9.6008,8.618
2/21/2016,18:30:44,0,9.6011,8.38
2/21/2016,18:45:44,0,9.6026,8.192
2/21/2016,19:00:44,0,9.6025,7.964
2/21/2016,19:15:44,0,9.6028,7.745
2/21/2016,19:30:44,0,9.5991,7.523
2/21/2016,19:45:44,0,9.6001,7.522
2/21/2016,20:00:44,0,9.6055,7.489
2/21/2016,20:15:44,0,9.6057,7.192
2/21/2016,20:30:44,0,9.6034,7.022
2/21/2016,20:45:44,0,9.6068,6.98
2/21/2016,21:00:44,0,9.6117,6.902
2/21/2016,21:15:44,0,9.616,6.865
2/21/2016,21:30:44,0,9.6164,6.748
2/21/2016,21:45:44,0,9.6133,6.593
2/21/2016,22:00:44,0,9.614,6.659
2/21/2016,22:15:44,0,9.6183,6.64
2/21/2016,22:30:44,0,9.6188,6.614
2/21/2016,22:45:44,0,9.6169,6.591
2/21/2016,23:00:44,0,9.6162,6.479
2/21/2016,23:15:44,0,9.6098,6.101
2/21/2016,23:30:44,0,9.6091,6.004
2/21/2016,23:45:44,0,9.6086,5.906
2/22/2016,0:00:44,0,9.606,5.657
2/22/2016,0:15:44,0,9.6068,5.66
2/22/2016,0:30:44,0,9.6097,5.339
2/22/2016,0:45:44,0,9.6119,5.267
2/22/2016,1:00:44,0,9.61,5.181
2/22/2016,1:15:44,0,9.6098,5.149
2/22/2016,1:30:44,0,9.6125,4.998
2/22/2016,1:45:44,0,9.6127,4.714
2/22/2016,2:00:44,0,9.6148,4.548
2/22/2016,2:15:44,0,9.6154,4.354
2/22/2016,2:30:44,0,9.6137,4.146
2/22/2016,2:45:44,0,9.614,3.936
2/22/2016,3:00:44,0,9.6158,4.02
2/22/2016,3:15:44,0,9.6163,3.784
2/22/2016,3:30:44,0,9.6167,3.825
2/22/2016,3:45:44,0,9.6159,3.374
2/22/2016,4:00:44,0,9.616,3.473
2/22/2016,4:15:44,0,9.6151,3.306
2/22/2016,4:30:44,0,9.6146,3.056
2/22/2016,4:45:44,0,9.6133,2.923
2/22/2016,5:00:44,0,9.6123,2.632
2/22/2016,5:15:44,0,9.6118,2.757
2/22/2016,5:30:44,0,9.6148,2.656
2/22/2016,5:45:44,0,9.6113,2.56
2/22/2016,6:00:44,0,9.6084,2.243
2/22/2016,6:15:44,0,9.6027,2.106
2/22/2016,6:30:44,0,9.6037,1.979
2/22/2016,6:45:44,0,9.6078,1.713
2/22/2016,7:00:44,0,9.6113,1.868
2/22/2016,7:15:44,0,9.6137,1.747
2/22/2016,7:30:44,0,9.6143,1.457
2/22/2016,7:45:44,0,9.6136,1.706
2/22/2016,8:00:44,0,9.6117,1.685
2/22/2016,8:15:44,0,9.6126,1.318
2/22/2016,8:30:44,0,9.6119,1.702
2/22/2016,8:45:44,0,9.6126,1.997
2/22/2016,9:00:44,0,9.611,2.443
2/22/2016,9:15:44,0,9.611,4.966
2/22/2016,9:30:44,0,9.6134,6.271
2/22/2016,9:45:44,0,9.6135,6.171
2/22/2016,10:00:44,0,9.6117,6.679
2/22/2016,10:15:44,0,9.6077,6.781
2/22/2016,10:30:44,0,9.6047,6.753
2/22/2016,10:45:44,0,9.6013,7.073
2/22/2016,11:00:44,0,9.597,7.966
2/22/2016,11:15:44,0,9.5976,9.094
2/22/2016,11:30:44,0,9.5961,8.709
2/22/2016,11:45:44,0,9.594,8.715
2/22/2016,12:00:44,0,9.592,8.871
2/22/2016,12:15:44,0,9.5886,9.678
2/22/2016,12:30:44,0,9.586,9.949
2/22/2016,12:45:44,0,9.5839,10.564
2/22/2016,13:00:44,0,9.5827,10.741
2/22/2016,13:15:44,0,9.5793,11.28
2/22/2016,13:30:44,0,9.5766,11.285
2/22/2016,13:45:44,0,9.5756,11.396
2/22/2016,14:00:44,0,9.5732,11.632
2/22/2016,14:15:44,0,9.5715,12.255
2/22/2016,14:30:44,0,9.5726,13.275
2/22/2016,14:45:44,0,9.5725,12.899
2/22/2016,15:00:44,0,9.5732,12.188
2/22/2016,15:15:44,0,9.5724,11.867
2/22/2016,15:30:44,0,9.5715,10.995
2/22/2016,15:45:44,0,9.5704,10.774
2/22/2016,16:00:44,0,9.569,10.852
2/22/2016,16:15:44,0,9.57,10.303
2/22/2016,16:30:44,0,9.568,10.145
2/22/2016,16:45:44,0,9.5681,9.355
2/22/2016,17:00:44,0,9.5703,8.974
2/22/2016,17:15:44,0,9.5713,8.497
2/22/2016,17:30:44,0,9.5724,7.98
2/22/2016,17:45:44,0,9.5733,7.784
2/22/2016,18:00:44,0,9.5758,7.72
2/22/2016,18:15:44,0,9.5778,7.54
2/22/2016,18:30:44,0,9.5806,7.255
2/22/2016,18:45:44,0,9.5825,6.924
2/22/2016,19:00:44,0,9.5829,6.741
2/22/2016,19:15:44,0,9.5839,6.569
2/22/2016,19:30:44,0,9.5847,6.156
2/22/2016,19:45:44,0,9.5836,6.061
2/22/2016,20:00:44,0,9.5848,5.818
2/22/2016,20:15:44,0,9.5834,5.49
2/22/2016,20:30:44,0,9.5823,5.285
2/22/2016,20:45:44,0,9.5833,5.051
2/22/2016,21:00:44,0,9.5834,4.898
2/22/2016,21:15:44,0,9.5839,4.731
2/22/2016,21:30:44,0,9.5841,4.467
2/22/2016,21:45:44,0,9.5801,4.4
2/22/2016,22:00:44,0,9.5796,4.153
2/22/2016,22:15:44,0,9.5785,4.034
2/22/2016,22:30:44,0,9.5785,3.851
2/22/2016,22:45:44,0,9.5774,3.711
2/22/2016,23:00:44,0,9.5764,3.541
2/22/2016,23:15:44,0,9.5765,3.531
2/22/2016,23:30:44,0,9.5752,3.088
2/22/2016,23:45:44,0,9.5734,3.186
2/23/2016,0:00:44,0,9.573,3.011
2/23/2016,0:15:44,0,9.5725,2.903
2/23/2016,0:30:44,0,9.5694,2.57
2/23/2016,0:45:44,0,9.5675,2.473
2/23/2016,1:00:44,0,9.5668,2.473
2/23/2016,1:15:44,0,9.5644,2.587
2/23/2016,1:30:44,0,9.562,3.062
2/23/2016,1:45:44,0,9.5622,2.705
2/23/2016,2:00:44,0,9.5591,2.389
2/23/2016,2:15:44,0,9.5595,2.291
2/23/2016,2:30:44,0,9.5586,2.163
2/23/2016,2:45:44,0,9.5562,1.925
2/23/2016,3:00:44,0,9.5537,1.962
2/23/2016,3:15:44,0,9.5501,3.146
2/23/2016,3:30:44,0,9.5501,3.354
2/23/2016,3:45:44,0,9.5514,3.031
2/23/2016,4:00:44,0,9.5515,2.402
2/23/2016,4:15:44,0,9.551,2.147
2/23/2016,4:30:44,0,9.5509,3.347
2/23/2016,4:45:44,0,9.5511,2.53
2/23/2016,5:00:44,0,9.552,2.027
2/23/2016,5:15:44,0,9.553,1.811
2/23/2016,5:30:44,0,9.5531,1.661
2/23/2016,5:45:44,0,9.5523,1.469
2/23/2016,6:00:44,0,9.5549,1.332
2/23/2016,6:15:44,0,9.5563,1.405
2/23/2016,6:30:44,0,9.557,1.404
2/23/2016,6:45:44,0,9.5581,1.346
2/23/2016,7:00:44,0,9.5581,1.25
2/23/2016,7:15:44,0,9.5592,1.228
2/23/2016,7:30:44,0,9.5605,1.258
2/23/2016,7:45:44,0,9.559,1.364
2/23/2016,8:00:44,0,9.5595,1.459
2/23/2016,8:15:44,0,9.5612,1.594
2/23/2016,8:30:44,0,9.5625,1.786
2/23/2016,8:45:44,0,9.5628,2.339
2/23/2016,9:00:44,0,9.5673,3.345
2/23/2016,9:15:44,0,9.5666,5.311
2/23/2016,9:30:44,0,9.571,7.215
2/23/2016,9:45:44,0,9.5713,6.904
2/23/2016,10:00:44,0,9.5703,7.654
2/23/2016,10:15:44,0,9.5677,7.975
2/23/2016,10:30:44,0,9.5637,8.629
2/23/2016,10:45:44,0,9.5616,9.103
2/23/2016,11:00:44,0,9.5584,9.752
2/23/2016,11:15:44,0,9.5577,11.206
2/23/2016,11:30:44,0,9.557,10.81
2/23/2016,11:45:44,0,9.5523,11.207
2/23/2016,12:00:44,0,9.5484,11.349
2/23/2016,12:15:44,0,9.5458,11.941
2/23/2016,12:30:44,0,9.5434,12.239
2/23/2016,12:45:44,0,9.5401,12.379
2/23/2016,13:00:44,0,9.5375,12.775
2/23/2016,13:15:44,0,9.5358,13.192
2/23/2016,13:30:44,0,9.5343,13.421
2/23/2016,13:45:44,0,9.5347,13.684
2/23/2016,14:00:44,0,9.534,14.267
2/23/2016,14:15:44,0,9.5336,14.911
2/23/2016,14:30:44,0,9.5373,17.159
2/23/2016,14:45:44,0,9.5386,17.808
2/23/2016,15:00:44,0,9.5388,16.449
2/23/2016,15:15:44,0,9.5392,15.308
2/23/2016,15:30:44,0,9.5393,14.348
2/23/2016,15:45:44,0,9.5393,13.591
2/23/2016,16:00:44,0,9.5408,13.097
2/23/2016,16:15:44,0,9.542,12.798
2/23/2016,16:30:44,0,9.542,12.53
2/23/2016,16:45:44,0,9.5427,12.196
2/23/2016,17:00:44,0,9.5443,11.543
2/23/2016,17:15:44,0,9.5441,10.992
2/23/2016,17:30:44,0,9.5439,10.713
2/23/2016,17:45:44,0,9.5436,10.229
2/23/2016,18:00:44,0,9.5438,9.906
2/23/2016,18:15:44,0,9.5461,9.611
2/23/2016,18:30:44,0,9.549,9.344
2/23/2016,18:45:44,0,9.5492,8.938
2/23/2016,19:00:44,0,9.5535,8.902
2/23/2016,19:15:44,0,9.5564,8.63
2/23/2016,19:30:44,0,9.5594,8.458
2/23/2016,19:45:44,0,9.5599,8.252
2/23/2016,20:00:44,0,9.562,8.193
2/23/2016,20:15:44,0,9.5638,7.969
2/23/2016,20:30:44,0,9.5653,7.516
2/23/2016,20:45:44,0,9.567,7.527
2/23/2016,21:00:44,0,9.5694,7.493
2/23/2016,21:15:44,0,9.5723,7.348
2/23/2016,21:30:44,0,9.5744,7.228
2/23/2016,21:45:44,0,9.577,6.983
2/23/2016,22:00:44,0,9.5787,6.793
2/23/2016,22:15:44,0,9.5793,6.812
2/23/2016,22:30:44,0,9.5784,6.68
2/23/2016,22:45:44,0,9.58,6.668
2/23/2016,23:00:44,0,9.5787,6.656
2/23/2016,23:15:44,0,9.5793,6.66
2/23/2016,23:30:44,0,9.5792,6.575
2/23/2016,23:45:44,0,9.5779,6.497
2/24/2016,0:00:44,0,9.5783,6.167
2/24/2016,0:15:44,0,9.5793,5.989
2/24/2016,0:30:44,0,9.58,5.871
2/24/2016,0:45:44,0,9.5806,5.796
2/24/2016,1:00:44,0,9.5818,5.687
2/24/2016,1:15:44,0,9.5828,5.51
2/24/2016,1:30:44,0,9.582,5.424
2/24/2016,1:45:44,0,9.5815,5.287
2/24/2016,2:00:44,0,9.5807,5.15
2/24/2016,2:15:44,0,9.5787,5.266
2/24/2016,2:30:44,0,9.5778,5.349
2/24/2016,2:45:44,0,9.5768,5.346
2/24/2016,3:00:44,0,9.576,5.229
2/24/2016,3:15:44,0,9.5766,5.142
2/24/2016,3:30:44,0,9.5764,4.892
2/24/2016,3:45:44,0,9.5767,4.77
2/24/2016,4:00:44,0,9.577,4.63
2/24/2016,4:15:44,0,9.5782,4.456
2/24/2016,4:30:44,0,9.5806,4.501
2/24/2016,4:45:44,0,9.5825,4.327
2/24/2016,5:00:44,0,9.5825,4.226
2/24/2016,5:15:44,0,9.5836,4.015
2/24/2016,5:30:44,0,9.5838,3.978
2/24/2016,5:45:44,0,9.5849,3.94
2/24/2016,6:00:44,0,9.5866,3.876
2/24/2016,6:15:44,0,9.5876,3.765
2/24/2016,6:30:44,0,9.587,3.694
2/24/2016,6:45:44,0,9.5876,3.515
2/24/2016,7:00:44,0,9.5879,3.462
2/24/2016,7:15:44,0,9.5892,3.489
2/24/2016,7:30:44,0,9.5912,3.599
2/24/2016,7:45:44,0,9.5936,3.682
2/24/2016,8:00:44,0,9.5933,3.586
2/24/2016,8:15:44,0,9.594,3.738
2/24/2016,8:30:44,0,9.5954,3.994
2/24/2016,8:45:44,0,9.5953,5.042
2/24/2016,9:00:44,0,9.5955,6.594
2/24/2016,9:15:44,0,9.5945,9.797
2/24/2016,9:30:44,0,9.5978,11.432
2/24/2016,9:45:44,0,9.5983,10.962
2/24/2016,10:00:44,0,9.597,11.268
2/24/2016,10:15:44,0,9.595,10.753
2/24/2016,10:30:44,0,9.5939,10.637
2/24/2016,10:45:44,0,9.5922,10.555
2/24/2016,11:00:44,0,9.5906,11.026
2/24/2016,11:15:44,0,9.5903,12.012
2/24/2016,11:30:44,0,9.589,11.95
2/24/2016,11:45:44,0,9.5866,12.286
2/24/2016,12:00:44,0,9.5843,12.523
2/24/2016,12:15:44,0,9.5823,12.737
2/24/2016,12:30:44,0,9.5797,13.248
2/24/2016,12:45:44,0,9.5779,13.489
2/24/2016,13:00:44,0,9.5762,14.323
2/24/2016,13:15:44,0,9.5736,14.973
2/24/2016,13:30:44,0,9.5741,15.039
2/24/2016,13:45:44,0,9.5734,14.929
2/24/2016,14:00:44,0,9.5717,15.25
2/24/2016,14:15:44,0,9.5718,15.503
2/24/2016,14:30:44,0,9.5722,16.148
2/24/2016,14:45:44,0,9.5721,16.237
2/24/2016,15:00:44,0,9.5721,16.526
2/24/2016,15:15:44,0,9.5713,16.325
2/24/2016,15:30:44,0,9.5714,15.551
2/24/2016,15:45:44,0,9.5714,15.052
2/24/2016,16:00:44,0,9.5709,14.372
2/24/2016,16:15:44,0,9.5705,13.902
2/24/2016,16:30:44,0,9.57,13.653
2/24/2016,16:45:44,0,9.5704,13.159
2/24/2016,17:00:44,0,9.5708,12.609
2/24/2016,17:15:44,0,9.5716,12.343
2/24/2016,17:30:44,0,9.5723,11.759
2/24/2016,17:45:44,0,9.5743,11.537
2/24/2016,18:00:44,0,9.5759,10.916
2/24/2016,18:15:44,0,9.5761,10.483
2/24/2016,18:30:44,0,9.5792,10.484
2/24/2016,18:45:44,0,9.5816,10.171
2/24/2016,19:00:44,0,9.5838,9.856
2/24/2016,19:15:44,0,9.5854,9.651
2/24/2016,19:30:44,0,9.587,9.547
2/24/2016,19:45:44,0,9.5878,9.362
2/24/2016,20:00:44,0,9.5876,9.293
2/24/2016,20:15:44,0,9.5871,9.209
2/24/2016,20:30:44,0,9.5863,9.072
2/24/2016,20:45:44,0,9.5864,8.852
2/24/2016,21:00:44,0,9.5883,8.785
2/24/2016,21:15:44,0,9.588,8.6
2/24/2016,21:30:44,0,9.5874,8.268
2/24/2016,21:45:44,0,9.5864,8.067
2/24/2016,22:00:44,0,9.5863,7.924
2/24/2016,22:15:44,0,9.5873,7.644
2/24/2016,22:30:44,0,9.5875,7.453
2/24/2016,22:45:44,0,9.5878,7.289
2/24/2016,23:00:44,0,9.5863,7.183
2/24/2016,23:15:44,0,9.5852,6.936
2/24/2016,23:30:44,0,9.5843,6.906
2/24/2016,23:45:44,0,9.584,6.726
2/25/2016,0:00:44,0,9.5831,6.614
2/25/2016,0:15:44,0,9.5827,6.422
2/25/2016,0:30:44,0,9.5821,6.416
2/25/2016,0:45:44,0,9.583,6.268
2/25/2016,1:00:44,0,9.5836,6.243
2/25/2016,1:15:44,0,9.5841,6.195
2/25/2016,1:30:44,0,9.5854,6.079
2/25/2016,1:45:44,0,9.5847,5.84
2/25/2016,2:00:44,0,9.5843,5.708
2/25/2016,2:15:44,0,9.584,5.647
2/25/2016,2:30:44,0,9.5827,5.395
2/25/2016,2:45:44,0,9.5826,5.29
2/25/2016,3:00:44,0,9.5812,5.169
2/25/2016,3:15:44,0,9.5814,5.011
2/25/2016,3:30:44,0,9.5818,4.919
2/25/2016,3:45:44,0,9.5823,4.827
2/25/2016,4:00:44,0,9.5818,4.776
2/25/2016,4:15:44,0,9.5827,4.604
2/25/2016,4:30:44,0,9.5837,4.572
2/25/2016,4:45:44,0,9.5829,4.412
2/25/2016,5:00:44,0,9.5837,4.307
2/25/2016,5:15:44,0,9.5828,4.25
2/25/2016,5:30:44,0,9.583,4.131
2/25/2016,5:45:44,0,9.5836,4.029
2/25/2016,6:00:44,0,9.5861,4.032
2/25/2016,6:15:44,0,9.5861,3.923
2/25/2016,6:30:44,0,9.588,3.86
2/25/2016,6:45:44,0,9.5892,3.783
2/25/2016,7:00:44,0,9.5906,3.674
2/25/2016,7:15:44,0,9.5919,3.729
2/25/2016,7:30:44,0,9.5941,3.649
2/25/2016,7:45:44,0,9.5952,3.616
2/25/2016,8:00:44,0,9.595,3.619
2/25/2016,8:15:44,0,9.5942,3.65
2/25/2016,8:30:44,0,9.5933,3.792
2/25/2016,8:45:44,0,9.5943,5.086
2/25/2016,9:00:44,0,9.5944,6.905
2/25/2016,9:15:44,0,9.5942,10.212
2/25/2016,9:30:44,0,9.5956,11.585
2/25/2016,9:45:44,0,9.5965,11.804
2/25/2016,10:00:44,0,9.5963,12.039
2/25/2016,10:15:44,0,9.5933,11.582
2/25/2016,10:30:44,0,9.5932,11.373
2/25/2016,10:45:44,0,9.5918,11.423
2/25/2016,11:00:44,0,9.5896,11.92
2/25/2016,11:15:44,0,9.5862,13.669
2/25/2016,11:30:44,0,9.5861,13.465
2/25/2016,11:45:44,0,9.5846,13.533
2/25/2016,12:00:44,0,9.5823,13.726
2/25/2016,12:15:44,0,9.5789,14.014
2/25/2016,12:30:44,0,9.5774,14.368
2/25/2016,12:45:44,0,9.5752,14.759
2/25/2016,13:00:44,0,9.5734,15.15
2/25/2016,13:15:44,0,9.5721,15.559
2/25/2016,13:30:44,0,9.5706,15.56
2/25/2016,13:45:44,0,9.5686,16.003
2/25/2016,14:00:44,0,9.5686,16.304
2/25/2016,14:15:44,0,9.5684,16.399
2/25/2016,14:30:44,0,9.5671,17.123
2/25/2016,14:45:44,0,9.5686,17.3
2/25/2016,15:00:44,0,9.5667,16.552
2/25/2016,15:15:44,0,9.5657,16.008
2/25/2016,15:30:44,0,9.5648,15.613
2/25/2016,15:45:44,0,9.5642,15.231
2/25/2016,16:00:44,0,9.5643,15.118
2/25/2016,16:15:44,0,9.5667,14.574
2/25/2016,16:30:44,0,9.5665,14.022
2/25/2016,16:45:44,0,9.5664,13.622
2/25/2016,17:00:44,0,9.5671,13.453
2/25/2016,17:15:44,0,9.5671,13.178
2/25/2016,17:30:44,0,9.5672,12.896
2/25/2016,17:45:44,0,9.5686,12.606
2/25/2016,18:00:44,0,9.5697,12.122
2/25/2016,18:15:44,0,9.5708,11.658
2/25/2016,18:30:44,0,9.5726,11.341
2/25/2016,18:45:44,0,9.5736,11.074
2/25/2016,19:00:44,0,9.5748,10.691
2/25/2016,19:15:44,0,9.5754,10.447
2/25/2016,19:30:44,0,9.5755,10.066
2/25/2016,19:45:44,0,9.5765,9.967
2/25/2016,20:00:44,0,9.5785,9.912
2/25/2016,20:15:44,0,9.5799,9.456
2/25/2016,20:30:44,0,9.5803,9.273
2/25/2016,20:45:44,0,9.5801,9.255
2/25/2016,21:00:44,0,9.5809,9.104
2/25/2016,21:15:44,0,9.582,8.949
2/25/2016,21:30:44,0,9.5812,8.775
2/25/2016,21:45:44,0,9.5802,8.494
2/25/2016,22:00:44,0,9.5815,8.491
2/25/2016,22:15:44,0,9.5832,8.295
2/25/2016,22:30:44,0,9.5835,8.273
2/25/2016,22:45:44,0,9.5838,8.1
2/25/2016,23:00:44,0,9.5834,7.888
2/25/2016,23:15:44,0,9.5819,7.811
2/25/2016,23:30:44,0,9.5815,7.662
2/25/2016,23:45:44,0,9.5806,7.445
2/26/2016,0:00:44,0,9.5797,7.314
2/26/2016,0:15:44,0,9.5793,7.193
2/26/2016,0:30:44,0,9.5796,7.037
2/26/2016,0:45:44,0,9.5799,6.859
2/26/2016,1:00:44,0,9.5784,6.725
2/26/2016,1:15:44,0,9.5783,6.516
2/26/2016,1:30:44,0,9.5777,6.423
2/26/2016,1:45:44,0,9.5767,6.389
2/26/2016,2:00:44,0,9.5775,6.4
2/26/2016,2:15:44,0,9.5768,6.386
2/26/2016,2:30:44,0,9.5756,6.255
2/26/2016,2:45:44,0,9.5756,6.22
2/26/2016,3:00:44,0,9.5744,6.079
2/26/2016,3:15:44,0,9.5759,6.006
2/26/2016,3:30:44,0,9.5779,5.898
2/26/2016,3:45:44,0,9.5794,5.843
2/26/2016,4:00:44,0,9.5759,5.589
2/26/2016,4:15:44,0,9.577,5.664
2/26/2016,4:30:44,0,9.5794,5.66
2/26/2016,4:45:44,0,9.5788,5.628
2/26/2016,5:00:44,0,9.5794,5.609
2/26/2016,5:15:44,0,9.5796,5.574
2/26/2016,5:30:44,0,9.5804,5.581
2/26/2016,5:45:44,0,9.5787,5.357
2/26/2016,6:00:44,0,9.5787,5.222
2/26/2016,6:15:44,0,9.5789,4.934
2/26/2016,6:30:44,0,9.5791,4.964
2/26/2016,6:45:44,0,9.5798,4.889
2/26/2016,7:00:44,0,9.5785,4.741
2/26/2016,7:15:44,0,9.5805,4.878
2/26/2016,7:30:44,0,9.5818,4.955
2/26/2016,7:45:44,0,9.5809,4.995
2/26/2016,8:00:44,0,9.5808,5.26
2/26/2016,8:15:44,0,9.5813,5.554
2/26/2016,8:30:44,0,9.5795,6.072
2/26/2016,8:45:44,0,9.5807,7.607
2/26/2016,9:00:44,0,9.5811,8.45
2/26/2016,9:15:44,0,9.5788,10.646
2/26/2016,9:30:44,0,9.5802,12.162
2/26/2016,9:45:44,0,9.5806,13.323
2/26/2016,10:00:44,0,9.5813,13.336
2/26/2016,10:15:44,0,9.5798,12.166
2/26/2016,10:30:44,0,9.5787,12.375
2/26/2016,10:45:44,0,9.575,11.983
2/26/2016,11:00:44,0,9.5732,12.416
2/26/2016,11:15:44,0,9.5724,13.866
2/26/2016,11:30:44,0,9.5698,14.159
2/26/2016,11:45:44,0,9.5673,13.973
2/26/2016,12:00:44,0,9.5641,14.296
2/26/2016,12:15:44,0,9.562,14.475
2/26/2016,12:30:44,0,9.5606,14.752
2/26/2016,12:45:44,0,9.5596,15.022
2/26/2016,13:00:44,0,9.5569,16.054
2/26/2016,13:15:44,0,9.554,16.276
2/26/2016,13:30:44,0,9.5521,16.609
2/26/2016,13:45:44,0,9.5512,16.983
2/26/2016,14:00:44,0,9.5526,17.431
2/26/2016,14:15:44,0,9.5512,17.741
2/26/2016,14:30:44,0,9.5524,18.871
2/26/2016,14:45:44,0,9.5557,18.63
2/26/2016,15:00:44,0,9.5586,17.722
2/26/2016,15:15:44,0,9.5579,17.386
2/26/2016,15:30:44,0,9.5583,16.997
2/26/2016,15:45:44,0,9.5594,16.844
2/26/2016,16:00:44,0,9.5606,16.768
2/26/2016,16:15:44,0,9.5613,16.396
2/26/2016,16:30:44,0,9.5634,15.744
2/26/2016,16:45:44,0,9.5655,14.647
2/26/2016,17:00:44,0,9.5657,13.914
2/26/2016,17:15:44,0,9.5647,13.165
2/26/2016,17:30:44,0,9.5642,12.636
2/26/2016,17:45:44,0,9.5642,12.31
2/26/2016,18:00:44,0,9.5672,11.911
2/26/2016,18:15:44,0,9.5712,12.032
2/26/2016,18:30:44,0,9.5723,11.802
2/26/2016,18:45:44,0,9.5755,11.679
2/26/2016,19:00:44,0,9.5759,11.384
2/26/2016,19:15:44,0,9.5803,11.229
2/26/2016,19:30:44,0,9.5805,10.888
2/26/2016,19:45:44,0,9.5811,10.757
2/26/2016,20:00:44,0,9.5811,10.701
2/26/2016,20:15:44,0,9.5815,10.383
2/26/2016,20:30:44,0,9.5809,10.326
2/26/2016,20:45:44,0,9.5786,10.201
2/26/2016,21:00:44,0,9.5811,10.271
2/26/2016,21:15:44,0,9.583,10.026
2/26/2016,21:30:44,0,9.582,9.964
2/26/2016,21:45:44,0,9.5829,9.884
2/26/2016,22:00:44,0,9.5837,9.712
2/26/2016,22:15:44,0,9.5847,9.559
2/26/2016,22:30:44,0,9.5866,9.336
2/26/2016,22:45:44,0,9.5876,9.094
2/26/2016,23:00:44,0,9.5876,8.997
2/26/2016,23:15:44,0,9.5901,9.002
2/26/2016,23:30:44,0,9.5886,8.907
2/26/2016,23:45:44,0,9.5867,9.097
2/27/2016,0:00:44,0,9.5868,9.087
2/27/2016,0:15:44,0,9.5859,8.891
2/27/2016,0:30:44,0,9.5868,8.969
2/27/2016,0:45:44,0,9.5871,8.695
2/27/2016,1:00:44,0,9.5865,8.728
2/27/2016,1:15:44,0,9.587,8.94
2/27/2016,1:30:44,0,9.588,8.992
2/27/2016,1:45:44,0,9.5854,8.91
2/27/2016,2:00:44,0,9.5845,8.858
2/27/2016,2:15:44,0,9.5862,8.845
2/27/2016,2:30:44,0,9.5862,9
2/27/2016,2:45:44,0,9.5869,8.824
2/27/2016,3:00:44,0,9.5861,8.787
2/27/2016,3:15:44,0,9.5845,8.882
2/27/2016,3:30:44,0,9.5848,8.896
2/27/2016,3:45:44,0,9.5847,8.759
2/27/2016,4:00:44,0,9.5856,8.717
2/27/2016,4:15:44,0,9.5824,8.806
2/27/2016,4:30:44,0,9.5773,8.609
2/27/2016,4:45:44,0,9.579,8.472
2/27/2016,5:00:44,0,9.5802,8.323
2/27/2016,5:15:44,0,9.5816,8.134
2/27/2016,5:30:44,0,9.5852,8.064
2/27/2016,5:45:44,0,9.5832,7.597
2/27/2016,6:00:44,0,9.5856,7.596
2/27/2016,6:15:44,0,9.5832,7.416
2/27/2016,6:30:44,0,9.5847,7.428
2/27/2016,6:45:44,0,9.5835,7.337
2/27/2016,7:00:44,0,9.5837,7.383
2/27/2016,7:15:44,0,9.5843,7.284
2/27/2016,7:30:44,0,9.5828,7.248
2/27/2016,7:45:44,0,9.5835,7.548
2/27/2016,8:00:44,0,9.5844,7.767
2/27/2016,8:15:44,0,9.585,7.83
2/27/2016,8:30:44,0,9.585,8.316
2/27/2016,8:45:44,0,9.5854,9.49
2/27/2016,9:00:44,0,9.5849,10.677
2/27/2016,9:15:44,0,9.5825,12.799
2/27/2016,9:30:44,0,9.5857,14.086
2/27/2016,9:45:44,0,9.5871,13.615
2/27/2016,10:00:44,0,9.5833,14.418
2/27/2016,10:15:44,0,9.5823,13.784
2/27/2016,10:30:44,0,9.5837,13.954
2/27/2016,10:45:44,0,9.5804,13.329
2/27/2016,11:00:44,0,9.5796,13.804
2/27/2016,11:15:44,0,9.5802,14.415
2/27/2016,11:30:44,0,9.5823,14.894
2/27/2016,11:45:44,0,9.5843,14.497
2/27/2016,12:00:44,0,9.5836,14.466
2/27/2016,12:15:44,0,9.5847,14.297
2/27/2016,12:30:44,0,9.5861,14.271
2/27/2016,12:45:44,0,9.5835,14.029
2/27/2016,13:00:44,0,9.582,14.012
2/27/2016,13:15:44,0,9.5809,13.992
2/27/2016,13:30:44,0,9.5756,13.996
2/27/2016,13:45:44,0,9.5746,14.182
2/27/2016,14:00:44,0,9.5714,14.292
2/27/2016,14:15:44,0,9.5706,14.5
2/27/2016,14:30:44,0,9.5674,14.954
2/27/2016,14:45:44,0,9.568,15.289
2/27/2016,15:00:44,0,9.5675,15.249
2/27/2016,15:15:44,0,9.5682,15.021
2/27/2016,15:30:44,0,9.5662,14.756
2/27/2016,15:45:44,0,9.5646,14.676
2/27/2016,16:00:44,0,9.5657,14.593
2/27/2016,16:15:44,0,9.5677,14.431
2/27/2016,16:30:44,0,9.5648,13.933
2/27/2016,16:45:44,0,9.5658,13.844
2/27/2016,17:00:44,0,9.5667,13.489
2/27/2016,17:15:44,0,9.5688,13.27
2/27/2016,17:30:44,0,9.57,12.835
2/27/2016,17:45:44,0,9.5707,12.519
2/27/2016,18:00:44,0,9.5694,12.088
2/27/2016,18:15:44,0,9.5713,11.839
2/27/2016,18:30:44,0,9.5733,11.606
2/27/2016,18:45:44,0,9.5762,11.259
2/27/2016,19:00:44,0,9.5767,10.619
2/27/2016,19:15:44,0,9.5786,10.457
2/27/2016,19:30:44,0,9.5791,10.059
2/27/2016,19:45:44,0,9.5799,9.824
2/27/2016,20:00:44,0,9.5826,9.605
2/27/2016,20:15:44,0,9.5842,9.334
2/27/2016,20:30:44,0,9.5835,9.164
2/27/2016,20:45:44,0,9.5859,9.031
2/27/2016,21:00:44,0,9.5872,8.732
2/27/2016,21:15:44,0,9.5874,8.473
2/27/2016,21:30:44,0,9.5869,8.394
2/27/2016,21:45:44,0,9.5869,8.064
2/27/2016,22:00:44,0,9.5867,7.611
2/27/2016,22:15:44,0,9.5886,7.509
2/27/2016,22:30:44,0,9.589,7.313
2/27/2016,22:45:44,0,9.59,7.179
2/27/2016,23:00:44,0,9.5901,7.023
2/27/2016,23:15:44,0,9.5913,6.952
2/27/2016,23:30:44,0,9.591,6.806
2/27/2016,23:45:44,0,9.5923,6.688
2/28/2016,0:00:44,0,9.5916,6.36
2/28/2016,0:15:44,0,9.5909,6.29
2/28/2016,0:30:44,0,9.5913,6.138
2/28/2016,0:45:44,0,9.5876,5.832
2/28/2016,1:00:44,0,9.5875,5.801
2/28/2016,1:15:44,0,9.584,5.777
2/28/2016,1:30:44,0,9.5843,5.692
2/28/2016,1:45:44,0,9.5847,5.493
2/28/2016,2:00:44,0,9.5853,5.483
2/28/2016,2:15:44,0,9.5887,5.46
2/28/2016,2:30:44,0,9.5908,5.391
2/28/2016,2:45:44,0,9.5892,5.3
2/28/2016,3:00:44,0,9.5895,5.175
2/28/2016,3:15:44,0,9.5902,4.882
2/28/2016,3:30:44,0,9.5927,4.904
2/28/2016,3:45:44,0,9.5902,4.703
2/28/2016,4:00:44,0,9.5889,4.528
2/28/2016,4:15:44,0,9.5899,4.549
2/28/2016,4:30:44,0,9.5881,4.314
2/28/2016,4:45:44,0,9.5889,4.15
2/28/2016,5:00:44,0,9.5898,4.047
2/28/2016,5:15:44,0,9.5884,3.996
2/28/2016,5:30:44,0,9.5889,3.693
2/28/2016,5:45:44,0,9.5912,3.744
2/28/2016,6:00:44,0,9.5921,3.679
2/28/2016,6:15:44,0,9.5926,3.668
2/28/2016,6:30:44,0,9.5934,3.495
2/28/2016,6:45:44,0,9.5931,3.301
2/28/2016,7:00:44,0,9.5939,3.352
2/28/2016,7:15:44,0,9.5955,3.253
2/28/2016,7:30:44,0,9.5959,3.436
2/28/2016,7:45:44,0,9.5952,3.465
2/28/2016,8:00:44,0,9.5955,3.73
2/28/2016,8:15:44,0,9.5958,4.246
2/28/2016,8:30:44,0,9.5954,4.652
2/28/2016,8:45:44,0,9.5961,6.129
2/28/2016,9:00:44,0,9.5962,7.283
2/28/2016,9:15:44,0,9.5962,9.142
2/28/2016,9:30:44,0,9.5985,10.027
2/28/2016,9:45:44,0,9.6004,9.866
2/28/2016,10:00:44,0,9.6016,10.208
2/28/2016,10:15:44,0,9.601,10.637
2/28/2016,10:30:44,0,9.595,10.43
2/28/2016,10:45:44,0,9.5921,10.749
2/28/2016,11:00:44,0,9.592,11.04
2/28/2016,11:15:44,0,9.5918,11.449
2/28/2016,11:30:44,0,9.591,12.457
2/28/2016,11:45:44,0,9.5905,12.488
2/28/2016,12:00:44,0,9.5893,12.711
2/28/2016,12:15:44,0,9.5846,13.076
2/28/2016,12:30:44,0,9.5839,13.61
2/28/2016,12:45:44,0,9.5812,14.123
2/28/2016,13:00:44,0,9.5803,14.486
2/28/2016,13:15:44,0,9.5805,14.664
2/28/2016,13:30:44,0,9.5795,14.88
2/28/2016,13:45:44,0,9.5801,15.064
2/28/2016,14:00:44,0,9.579,15.256
2/28/2016,14:15:44,0,9.5803,15.584
2/28/2016,14:30:44,0,9.5816,16.222
2/28/2016,14:45:44,0,9.5824,17.766
2/28/2016,15:00:44,0,9.5826,16.665
2/28/2016,15:15:44,0,9.5827,15.828
2/28/2016,15:30:44,0,9.5821,15.293
2/28/2016,15:45:44,0,9.5832,14.976
2/28/2016,16:00:44,0,9.5842,14.637
2/28/2016,16:15:44,0,9.5847,13.627
2/28/2016,16:30:44,0,9.5854,13.267
2/28/2016,16:45:44,0,9.5849,12.524
2/28/2016,17:00:44,0,9.5859,12.25
2/28/2016,17:15:44,0,9.5865,11.509
2/28/2016,17:30:44,0,9.5873,11.219
2/28/2016,17:45:44,0,9.5877,11.001
2/28/2016,18:00:44,0,9.5898,10.389
2/28/2016,18:15:44,0,9.5911,10.042
2/28/2016,18:30:44,0,9.5926,9.656
2/28/2016,18:45:44,0,9.5945,9.164
2/28/2016,19:00:44,0,9.5953,9.019
2/28/2016,19:15:44,0,9.5983,8.805
2/28/2016,19:30:44,0,9.6021,8.592
2/28/2016,19:45:44,0,9.6011,7.836
2/28/2016,20:00:44,0,9.6004,7.932
2/28/2016,20:15:44,0,9.6009,7.494
2/28/2016,20:30:44,0,9.6006,7.339
2/28/2016,20:45:44,0,9.6019,7.38
2/28/2016,21:00:44,0,9.6036,7.189
2/28/2016,21:15:44,0,9.6044,6.869
2/28/2016,21:30:44,0,9.6052,6.575
2/28/2016,21:45:44,0,9.605,6.635
2/28/2016,22:00:44,0,9.6047,6.723
2/28/2016,22:15:44,0,9.6051,6.64
2/28/2016,22:30:44,0,9.6053,6.556
2/28/2016,22:45:44,0,9.6035,6.455
2/28/2016,23:00:44,0,9.606,6.336
2/28/2016,23:15:44,0,9.6094,6.25
2/28/2016,23:30:44,0,9.6074,6.026
2/28/2016,23:45:44,0,9.6081,5.876
2/29/2016,0:00:44,0,9.6066,5.775
2/29/2016,0:15:44,0,9.6045,5.645
2/29/2016,0:30:44,0,9.6018,5.567
2/29/2016,0:45:44,0,9.603,5.508
2/29/2016,1:00:44,0,9.6037,5.575
2/29/2016,1:15:44,0,9.6013,5.508
2/29/2016,1:30:44,0,9.6004,5.367
2/29/2016,1:45:44,0,9.5985,5.268
2/29/2016,2:00:44,0,9.5969,4.967
2/29/2016,2:15:44,0,9.5967,4.874
2/29/2016,2:30:44,0,9.5961,4.68
2/29/2016,2:45:44,0,9.5944,4.55
2/29/2016,3:00:44,0,9.5926,4.448
2/29/2016,3:15:44,0,9.592,4.362
2/29/2016,3:30:44,0,9.5915,4.29
2/29/2016,3:45:44,0,9.5913,4.127
2/29/2016,4:00:44,0,9.5906,3.917
2/29/2016,4:15:44,0,9.592,3.849
2/29/2016,4:30:44,0,9.5939,3.813
2/29/2016,4:45:44,0,9.5952,3.689
2/29/2016,5:00:44,0,9.5956,3.668
2/29/2016,5:15:44,0,9.5968,3.512
2/29/2016,5:30:44,0,9.5968,3.431
2/29/2016,5:45:44,0,9.5965,3.296
2/29/2016,6:00:44,0,9.5966,3.137
2/29/2016,6:15:44,0,9.5961,3.107
2/29/2016,6:30:44,0,9.5975,2.87
2/29/2016,6:45:44,0,9.5979,2.718
2/29/2016,7:00:44,0,9.6,2.81
2/29/2016,7:15:44,0,9.6032,2.833
2/29/2016,7:30:44,0,9.6052,2.918
2/29/2016,7:45:44,0,9.6055,2.907
2/29/2016,8:00:44,0,9.6052,2.904
2/29/2016,8:15:44,0,9.6069,3.618
2/29/2016,8:30:44,0,9.6064,4.016
2/29/2016,8:45:44,0,9.6059,7.186
2/29/2016,9:00:44,0,9.6065,8.443
2/29/2016,9:15:44,0,9.6066,10.218
2/29/2016,9:30:44,0,9.6095,11.175
2/29/2016,9:45:44,0,9.6088,12.305
2/29/2016,10:00:44,0,9.6098,12.948
2/29/2016,10:15:44,0,9.6071,12.025
2/29/2016,10:30:44,0,9.6042,11.749
2/29/2016,10:45:44,0,9.6025,11.649
2/29/2016,11:00:44,0,9.6006,11.568
2/29/2016,11:15:44,0,9.5975,11.959
2/29/2016,11:30:44,0,9.5968,12.589
2/29/2016,11:45:44,0,9.5947,12.744
2/29/2016,12:00:44,0,9.5906,13.304
2/29/2016,12:15:44,0,9.5887,13.472
2/29/2016,12:30:44,0,9.5869,13.629
2/29/2016,12:45:44,0,9.5844,14.367
2/29/2016,13:00:44,0,9.5832,14.872
2/29/2016,13:15:44,0,9.5821,15.449
2/29/2016,13:30:44,0,9.5813,16.303
2/29/2016,13:45:44,0,9.5809,16.635
2/29/2016,14:00:44,0,9.5788,17.275
2/29/2016,14:15:44,0,9.5768,17.248
2/29/2016,14:30:44,0,9.577,17.321
2/29/2016,14:45:44,0,9.5771,17.698
2/29/2016,15:00:44,0,9.5758,16.486
2/29/2016,15:15:44,0,9.5735,16.708
2/29/2016,15:30:44,0,9.5747,16.097
2/29/2016,15:45:44,0,9.5738,15.825
2/29/2016,16:00:44,0,9.5731,15.193
2/29/2016,16:15:44,0,9.5729,14.447
2/29/2016,16:30:44,0,9.5749,14.294
2/29/2016,16:45:44,0,9.5743,13.855
2/29/2016,17:00:44,0,9.5775,13.364
2/29/2016,17:15:44,0,9.5808,13.07
2/29/2016,17:30:44,0,9.5832,12.583
2/29/2016,17:45:44,0,9.5865,12.212
2/29/2016,18:00:44,0,9.5868,11.933
2/29/2016,18:15:44,0,9.5884,11.915
2/29/2016,18:30:44,0,9.5914,11.866
2/29/2016,18:45:44,0,9.5921,11.539
2/29/2016,19:00:44,0,9.5929,11.132
2/29/2016,19:15:44,0,9.5887,10.876
2/29/2016,19:30:44,0,9.5878,10.808
2/29/2016,19:45:44,0,9.5889,10.77
2/29/2016,20:00:44,0,9.5898,10.675
2/29/2016,20:15:44,0,9.5863,10.1
2/29/2016,20:30:44,0,9.5862,10.015
2/29/2016,20:45:44,0,9.5874,9.552
2/29/2016,21:00:44,0,9.5873,9.448
2/29/2016,21:15:44,0,9.5898,9.188
2/29/2016,21:30:44,0,9.5907,9.122
2/29/2016,21:45:44,0,9.5905,8.65
2/29/2016,22:00:44,0,9.5899,8.804
2/29/2016,22:15:44,0,9.5919,8.793
2/29/2016,22:30:44,0,9.5908,8.414
2/29/2016,22:45:44,0,9.5924,8.226
2/29/2016,23:00:44,0,9.5934,8.246
2/29/2016,23:15:44,0,9.59,8.111
2/29/2016,23:30:44,0,9.5915,8.159
2/29/2016,23:45:44,0,9.5902,8.028
3/1/2016,0:00:44,0,9.5874,7.953
3/1/2016,0:15:44,0,9.5888,7.831
3/1/2016,0:30:44,0,9.588,7.744
3/1/2016,0:45:44,0,9.5873,7.666
3/1/2016,1:00:44,0,9.5865,7.639
3/1/2016,1:15:44,0,9.5857,7.505
3/1/2016,1:30:44,0,9.5858,7.296
3/1/2016,1:45:44,0,9.584,7.03
3/1/2016,2:00:44,0,9.5838,6.987
3/1/2016,2:15:44,0,9.5833,6.81
3/1/2016,2:30:44,0,9.583,6.785
3/1/2016,2:45:44,0,9.582,6.682
3/1/2016,3:00:44,0,9.5814,6.623
3/1/2016,3:15:44,0,9.5779,6.438
3/1/2016,3:30:44,0,9.5793,6.221
3/1/2016,3:45:44,0,9.5782,6.234
3/1/2016,4:00:44,0,9.5778,6.069
3/1/2016,4:15:44,0,9.5775,5.974
3/1/2016,4:30:44,0,9.5765,5.86
3/1/2016,4:45:44,0,9.5772,5.735
3/1/2016,5:00:44,0,9.5779,5.735
3/1/2016,5:15:44,0,9.5791,5.672
3/1/2016,5:30:44,0,9.578,5.712
3/1/2016,5:45:44,0,9.5763,5.564
3/1/2016,6:00:44,0,9.5763,5.452
3/1/2016,6:15:44,0,9.5756,5.414
3/1/2016,6:30:44,0,9.5751,5.284
3/1/2016,6:45:44,0,9.5759,5.284
3/1/2016,7:00:44,0,9.5781,5.286
3/1/2016,7:15:44,0,9.581,5.273
3/1/2016,7:30:44,0,9.5819,5.321
3/1/2016,7:45:44,0,9.5825,5.303
3/1/2016,8:00:44,0,9.5821,5.277
3/1/2016,8:15:44,0,9.5823,5.737
3/1/2016,8:30:44,0,9.5829,6.417
3/1/2016,8:45:44,0,9.583,7.947
3/1/2016,9:00:44,0,9.5854,9.138
3/1/2016,9:15:44,0,9.5853,10.339
3/1/2016,9:30:44,0,9.5874,11.415
3/1/2016,9:45:44,0,9.5856,13.06
3/1/2016,10:00:44,0,9.5862,13.639
3/1/2016,10:15:44,0,9.5865,12.928
3/1/2016,10:30:44,0,9.5833,12.982
3/1/2016,10:45:44,0,9.5797,13.187
3/1/2016,11:00:44,0,9.5765,13.562
3/1/2016,11:15:44,0,9.5762,14.046
3/1/2016,11:30:44,0,9.5748,14.664
3/1/2016,11:45:44,0,9.5752,15.086
3/1/2016,12:00:44,0,9.5741,15.759
3/1/2016,12:15:44,0,9.5711,16.591
3/1/2016,12:30:44,0,9.5689,17.047
3/1/2016,12:45:44,0,9.5645,17.547
3/1/2016,13:00:44,0,9.5645,17.85
3/1/2016,13:15:44,0,9.5629,18.03
3/1/2016,13:30:44,0,9.5608,18.375
3/1/2016,13:45:44,0,9.5597,17.993
3/1/2016,14:00:44,0,9.5556,18.711
3/1/2016,14:15:44,0,9.5589,19.336
3/1/2016,14:30:44,0,9.559,20.298
3/1/2016,14:45:44,0,9.5585,21.153
3/1/2016,15:00:44,0,9.5585,19.996
3/1/2016,15:15:44,0,9.555,19.11
3/1/2016,15:30:44,0,9.5534,18.176
3/1/2016,15:45:44,0,9.5596,16.936
3/1/2016,16:00:44,0,9.5626,16.194
3/1/2016,16:15:44,0,9.5633,15.716
3/1/2016,16:30:44,0,9.562,15.26
3/1/2016,16:45:44,0,9.5624,14.809
3/1/2016,17:00:44,0,9.5628,14.309
3/1/2016,17:15:44,0,9.5681,14.159
3/1/2016,17:30:44,0,9.5704,13.565
3/1/2016,17:45:44,0,9.5728,13.224
3/1/2016,18:00:44,0,9.5744,13.078
3/1/2016,18:15:44,0,9.5803,12.624
3/1/2016,18:30:44,0,9.582,12.011
3/1/2016,18:45:44,0,9.5867,11.155
3/1/2016,19:00:44,0,9.5849,10.311
3/1/2016,19:15:44,0,9.5817,10.275
3/1/2016,19:30:44,0,9.5828,10.025
3/1/2016,19:45:44,0,9.5813,9.557
3/1/2016,20:00:44,0,9.5838,9.511
3/1/2016,20:15:44,0,9.5846,9.515
3/1/2016,20:30:44,0,9.5849,9.476
3/1/2016,20:45:44,0,9.5876,9.704
3/1/2016,21:00:44,0,9.5869,9.377
3/1/2016,21:15:44,0,9.5885,9.554
3/1/2016,21:30:44,0,9.5894,9.328
3/1/2016,21:45:44,0,9.5892,9.338
3/1/2016,22:00:44,0,9.5902,9.309
3/1/2016,22:15:44,0,9.5898,9.286
3/1/2016,22:30:44,0,9.5894,9.375
3/1/2016,22:45:44,0,9.5902,9.351
3/1/2016,23:00:44,0,9.589,9.338
3/1/2016,23:15:44,0,9.5874,9.061
3/1/2016,23:30:44,0,9.5882,9.028
3/1/2016,23:45:44,0,9.588,8.855
3/2/2016,0:00:44,0,9.5891,8.628
3/2/2016,0:15:44,0,9.5874,8.39
3/2/2016,0:30:44,0,9.5867,8.2
3/2/2016,0:45:44,0,9.5872,8.1
3/2/2016,1:00:44,0,9.5876,7.955
3/2/2016,1:15:44,0,9.5859,7.853
3/2/2016,1:30:44,0,9.5859,7.574
3/2/2016,1:45:44,0,9.5856,7.478
3/2/2016,2:00:44,0,9.5848,7.376
3/2/2016,2:15:44,0,9.5831,7.17
3/2/2016,2:30:44,0,9.5832,7.107
3/2/2016,2:45:44,0,9.5819,6.984
3/2/2016,3:00:44,0,9.5804,6.758
3/2/2016,3:15:44,0,9.5771,6.722
3/2/2016,3:30:44,0,9.5762,6.572
3/2/2016,3:45:44,0,9.5762,6.337
3/2/2016,4:00:44,0,9.5746,6.242
3/2/2016,4:15:44,0,9.5747,6.159
3/2/2016,4:30:44,0,9.5758,6.093
3/2/2016,4:45:44,0,9.5768,6.061
3/2/2016,5:00:44,0,9.5754,5.96
3/2/2016,5:15:44,0,9.5759,6.019
3/2/2016,5:30:44,0,9.5755,5.97
3/2/2016,5:45:44,0,9.5747,5.929
3/2/2016,6:00:44,0,9.5734,5.945
3/2/2016,6:15:44,0,9.5746,5.965
3/2/2016,6:30:44,0,9.5767,5.785
3/2/2016,6:45:44,0,9.5776,5.615
3/2/2016,7:00:44,0,9.5769,5.617
3/2/2016,7:15:44,0,9.5755,5.623
3/2/2016,7:30:44,0,9.5763,5.337
3/2/2016,7:45:44,0,9.5769,5.616
3/2/2016,8:00:44,0,9.5775,5.737
3/2/2016,8:15:44,0,9.576,7.022
3/2/2016,8:30:44,0,9.5779,7.839
3/2/2016,8:45:44,0,9.5774,10.085
3/2/2016,9:00:44,0,9.5795,11.817
3/2/2016,9:15:44,0,9.578,12.124
3/2/2016,9:30:44,0,9.5753,13.489
3/2/2016,9:45:44,0,9.5725,13.881
3/2/2016,10:00:44,0,9.5728,14.968
3/2/2016,10:15:44,0,9.5702,14.053
3/2/2016,10:30:44,0,9.5667,13.532
3/2/2016,10:45:44,0,9.5634,13.919
3/2/2016,11:00:44,0,9.5605,13.617
3/2/2016,11:15:44,0,9.5581,13.93
3/2/2016,11:30:44,0,9.5549,14.209
3/2/2016,11:45:44,0,9.5524,14.456
3/2/2016,12:00:44,0,9.5488,15.007
3/2/2016,12:15:44,0,9.5448,15.533
3/2/2016,12:30:44,0,9.5418,16.565
3/2/2016,12:45:44,0,9.5393,17.184
3/2/2016,13:00:44,0,9.5371,18.523
3/2/2016,13:15:44,0,9.5394,18.156
3/2/2016,13:30:44,0,9.5387,18.929
3/2/2016,13:45:44,0,9.5397,19.321
3/2/2016,14:00:44,0,9.5399,19.968
3/2/2016,14:15:44,0,9.5409,20.292
3/2/2016,14:30:44,0,9.5429,20.449
3/2/2016,14:45:44,0,9.5424,20.943
3/2/2016,15:00:44,0,9.5427,20.057
3/2/2016,15:15:44,0,9.5447,19.315
3/2/2016,15:30:44,0,9.5446,18.744
3/2/2016,15:45:44,0,9.5449,18.304
3/2/2016,16:00:44,0,9.5441,17.92
3/2/2016,16:15:44,0,9.543,17.476
3/2/2016,16:30:44,0,9.5461,16.977
3/2/2016,16:45:44,0,9.5477,16.543
3/2/2016,17:00:44,0,9.549,15.453
3/2/2016,17:15:44,0,9.5486,14.769
3/2/2016,17:30:44,0,9.5496,14.447
3/2/2016,17:45:44,0,9.5512,13.871
3/2/2016,18:00:44,0,9.5543,13.712
3/2/2016,18:15:44,0,9.5539,12.834
3/2/2016,18:30:44,0,9.553,12.626
3/2/2016,18:45:44,0,9.5527,11.99
3/2/2016,19:00:44,0,9.5518,11.577
3/2/2016,19:15:44,0,9.5517,11.119
3/2/2016,19:30:44,0,9.5519,10.922
3/2/2016,19:45:44,0,9.552,10.515
3/2/2016,20:00:44,0,9.5534,10.479
3/2/2016,20:15:44,0,9.5551,10.177
3/2/2016,20:30:44,0,9.5551,9.855
3/2/2016,20:45:44,0,9.5551,9.851
3/2/2016,21:00:44,0,9.5574,9.749
3/2/2016,21:15:44,0,9.5589,9.377
3/2/2016,21:30:44,0,9.5597,9.341
3/2/2016,21:45:44,0,9.5634,9.12
3/2/2016,22:00:44,0,9.562,8.992
3/2/2016,22:15:44,0,9.565,8.966
3/2/2016,22:30:44,0,9.5658,8.787
3/2/2016,22:45:44,0,9.5655,8.298
3/2/2016,23:00:44,0,9.5684,8.503
3/2/2016,23:15:44,0,9.5745,8.599
3/2/2016,23:30:44,0,9.5796,8.261
3/2/2016,23:45:44,0,9.5817,8.207
3/3/2016,0:00:44,0,9.5849,8.612
3/3/2016,0:15:44,0,9.5863,8.743
3/3/2016,0:30:44,0,9.5838,8.468
3/3/2016,0:45:44,0,9.5832,8.613
3/3/2016,1:00:44,0,9.5864,8.751
3/3/2016,1:15:44,0,9.5799,8.432
3/3/2016,1:30:44,0,9.5847,8.666
3/3/2016,1:45:44,0,9.5691,8.545
3/3/2016,2:00:44,0,9.5644,9.32
3/3/2016,2:15:44,0,9.5571,9.63
3/3/2016,2:30:44,0,9.5579,10.272
3/3/2016,2:45:44,0,9.5562,10.22
3/3/2016,3:00:44,0,9.5542,10.446
3/3/2016,3:15:44,0,9.5539,10.259
3/3/2016,3:30:44,0,9.5519,10.093
3/3/2016,3:45:44,0,9.5539,9.997
3/3/2016,4:00:44,0,9.5537,9.716
3/3/2016,4:15:44,0,9.5561,9.634
3/3/2016,4:30:44,0,9.5509,9.268
3/3/2016,4:45:44,0,9.5517,9.303
3/3/2016,5:00:44,0,9.552,9.314
3/3/2016,5:15:44,0,9.5537,9.331
3/3/2016,5:30:44,0,9.5553,8.999
3/3/2016,5:45:44,0,9.5571,9.118
3/3/2016,6:00:44,0,9.5576,9.011
3/3/2016,6:15:44,0,9.5581,9.028
3/3/2016,6:30:44,0,9.5616,8.896
3/3/2016,6:45:44,0,9.5594,8.708
3/3/2016,7:00:44,0,9.5569,8.823
3/3/2016,7:15:44,0,9.559,8.945
3/3/2016,7:30:44,0,9.5646,8.914
3/3/2016,7:45:44,0,9.5643,8.833
3/3/2016,8:00:44,0,9.5637,8.99
3/3/2016,8:15:44,0,9.5694,9.198
3/3/2016,8:30:44,0,9.5676,9.272
3/3/2016,8:45:44,0,9.5678,9.284
3/3/2016,9:00:44,0,9.5699,9.575
3/3/2016,9:15:44,0,9.5688,9.585
3/3/2016,9:30:44,0,9.5681,9.88
3/3/2016,9:45:44,0,9.5684,10.09
3/3/2016,10:00:44,0,9.5703,10.194
3/3/2016,10:15:44,0,9.5674,10.416
3/3/2016,10:30:44,0,9.5663,10.684
3/3/2016,10:45:44,0,9.5685,11.021
3/3/2016,11:00:44,0,9.5699,11.372
3/3/2016,11:15:44,0,9.5709,11.543
3/3/2016,11:30:44,0,9.57,11.675
3/3/2016,11:45:44,0,9.5686,11.883
3/3/2016,12:00:44,0,9.5671,12.014
3/3/2016,12:15:44,0,9.564,12.362
3/3/2016,12:30:44,0,9.5618,12.654
3/3/2016,12:45:44,0,9.5587,12.913
3/3/2016,13:00:44,0,9.5573,13.064
3/3/2016,13:15:44,0,9.5557,13.271
3/3/2016,13:30:44,0,9.5543,13.069
3/3/2016,13:45:44,0,9.5537,13.107
3/3/2016,14:00:44,0,9.5554,13.136
3/3/2016,14:15:44,0,9.5535,13.179
3/3/2016,14:30:44,0,9.5528,13.334
3/3/2016,14:45:44,0,9.552,13.297
3/3/2016,15:00:44,0,9.5526,13.174
3/3/2016,15:15:44,0,9.5519,13.079
3/3/2016,15:30:44,0,9.5506,12.844
3/3/2016,15:45:44,0,9.5499,12.913
3/3/2016,16:00:44,0,9.5494,12.791
3/3/2016,16:15:44,0,9.5483,12.563
3/3/2016,16:30:44,0,9.5475,12.504
3/3/2016,16:45:44,0,9.5471,12.525
3/3/2016,17:00:44,0,9.5467,12.475
3/3/2016,17:15:44,0,9.5464,12.327
3/3/2016,17:30:44,0,9.549,12.24
3/3/2016,17:45:44,0,9.5487,12.09
3/3/2016,18:00:44,0,9.5496,11.883
3/3/2016,18:15:44,0,9.5492,11.773
3/3/2016,18:30:44,0,9.5486,11.585
3/3/2016,18:45:44,0,9.5502,11.453
3/3/2016,19:00:44,0,9.551,11.127
3/3/2016,19:15:44,0,9.5517,11.074
3/3/2016,19:30:44,0,9.5539,10.993
3/3/2016,19:45:44,0,9.556,10.89
3/3/2016,20:00:44,0,9.5566,10.751
3/3/2016,20:15:44,0,9.5574,10.77
3/3/2016,20:30:44,0,9.5551,10.342
3/3/2016,20:45:44,0,9.5574,10.352
3/3/2016,21:00:44,0,9.5588,10.197
3/3/2016,21:15:44,0,9.5563,9.934
3/3/2016,21:30:44,0,9.5532,9.884
3/3/2016,21:45:44,0,9.555,9.88
3/3/2016,22:00:44,0,9.557,9.825
3/3/2016,22:15:44,0,9.5571,9.641
3/3/2016,22:30:44,0,9.5545,9.427
3/3/2016,22:45:44,0,9.5516,9.404
3/3/2016,23:00:44,0,9.5519,9.577
3/3/2016,23:15:44,0,9.5521,9.537
3/3/2016,23:30:44,0,9.552,9.592
3/3/2016,23:45:44,0,9.5528,9.648
3/4/2016,0:00:44,0,9.5538,9.386
3/4/2016,0:15:44,0,9.5512,9.222
3/4/2016,0:30:44,0,9.5508,9.206
3/4/2016,0:45:44,0,9.5511,9.142
3/4/2016,1:00:44,0,9.5521,9.18
3/4/2016,1:15:44,0,9.5521,9.085
3/4/2016,1:30:44,0,9.5512,8.893
3/4/2016,1:45:44,0,9.548,8.722
3/4/2016,2:00:44,0,9.5492,8.864
3/4/2016,2:15:44,0,9.5482,8.811
3/4/2016,2:30:44,0,9.5457,8.58
3/4/2016,2:45:44,0,9.5435,8.714
3/4/2016,3:00:44,0,9.5436,8.761
3/4/2016,3:15:44,0,9.5434,8.732
3/4/2016,3:30:44,0,9.5414,8.789
3/4/2016,3:45:44,0,9.5411,8.911
3/4/2016,4:00:44,0,9.5402,8.748
3/4/2016,4:15:44,0,9.5398,8.774
3/4/2016,4:30:44,0,9.5386,8.874
3/4/2016,4:45:44,0,9.5385,8.902
3/4/2016,5:00:44,0,9.538,8.877
3/4/2016,5:15:44,0,9.5378,8.835
3/4/2016,5:30:44,0,9.5399,8.861
3/4/2016,5:45:44,0,9.5404,8.815
3/4/2016,6:00:44,0,9.5403,8.716
3/4/2016,6:15:44,0,9.5403,8.806
3/4/2016,6:30:44,0,9.5403,8.738
3/4/2016,6:45:44,0,9.5421,8.643
3/4/2016,7:00:44,0,9.5412,8.708
3/4/2016,7:15:44,0,9.5414,8.743
3/4/2016,7:30:44,0,9.5435,8.935
3/4/2016,7:45:44,0,9.5434,8.935
3/4/2016,8:00:44,0,9.5451,9.112
3/4/2016,8:15:44,0,9.5454,9.309
3/4/2016,8:30:44,0,9.5444,9.477
3/4/2016,8:45:44,0,9.543,9.573
3/4/2016,9:00:44,0,9.5423,9.811
3/4/2016,9:15:44,0,9.5414,9.987
3/4/2016,9:30:44,0,9.5419,10.09
3/4/2016,9:45:44,0,9.5405,10.233
3/4/2016,10:00:44,0,9.5404,10.527
3/4/2016,10:15:44,0,9.5406,10.633
3/4/2016,10:30:44,0,9.5412,10.67
3/4/2016,10:45:44,0,9.5412,10.722
3/4/2016,11:00:44,0,9.5399,10.7
3/4/2016,11:15:44,0,9.5395,10.881
3/4/2016,11:30:44,0,9.5387,11.197
3/4/2016,11:45:44,0,9.5375,11.484
3/4/2016,12:00:44,0,9.5353,11.763
3/4/2016,12:15:44,0,9.5325,11.853
3/4/2016,12:30:44,0,9.5296,11.997
3/4/2016,12:45:44,0,9.5249,12.38
3/4/2016,13:00:44,0,9.5202,12.904
3/4/2016,13:15:44,0,9.5144,13.291
3/4/2016,13:30:44,0,9.5106,13.109
3/4/2016,13:45:44,0,9.5094,12.776
3/4/2016,14:00:44,0,9.5089,12.488
3/4/2016,14:15:44,0,9.512,12.235
3/4/2016,14:30:44,0,9.506,12.093
3/4/2016,14:45:44,0,9.5176,11.908
3/4/2016,15:00:44,0,9.52,11.712
3/4/2016,15:15:44,0,9.5242,11.466
3/4/2016,15:30:44,0,9.5284,11.178
3/4/2016,15:45:44,0,9.5133,10.603
3/4/2016,16:00:44,0,9.5192,10.361
3/4/2016,16:15:44,0,9.5179,10.401
3/4/2016,16:30:44,0,9.5151,10.384
3/4/2016,16:45:44,0,9.5115,10.212
3/4/2016,17:00:44,0,9.5077,10.129
3/4/2016,17:15:44,0,9.5075,10.069
3/4/2016,17:30:44,0,9.5044,9.712
3/4/2016,17:45:44,0,9.502,9.697
3/4/2016,18:00:44,0,9.5038,9.713
3/4/2016,18:15:44,0,9.505,9.522
3/4/2016,18:30:44,0,9.5059,9.651
3/4/2016,18:45:44,0,9.5039,9.657
3/4/2016,19:00:44,0,9.5027,9.5
3/4/2016,19:15:44,0,9.5053,9.424
3/4/2016,19:30:44,0,9.5062,9.553
3/4/2016,19:45:44,0,9.509,9.65
3/4/2016,20:00:44,0,9.505,9.386
3/4/2016,20:15:44,0,9.5049,9.435
3/4/2016,20:30:44,0,9.5046,9.554
3/4/2016,20:45:44,0,9.5046,9.371
3/4/2016,21:00:44,0,9.5062,9.451
3/4/2016,21:15:44,0,9.5065,9.347
3/4/2016,21:30:44,0,9.5079,9.382
3/4/2016,21:45:44,0,9.5091,9.4
3/4/2016,22:00:44,0,9.5095,9.382
3/4/2016,22:15:44,0,9.5125,9.392
3/4/2016,22:30:44,0,9.5118,9.329
3/4/2016,22:45:44,0,9.514,9.307
3/4/2016,23:00:44,0,9.5148,9.338
3/4/2016,23:15:44,0,9.5134,9.138
3/4/2016,23:30:44,0,9.5101,8.979
3/4/2016,23:45:44,0,9.509,9.102
3/5/2016,0:00:44,0,9.5084,9.068
3/5/2016,0:15:44,0,9.5061,9.027
3/5/2016,0:30:44,0,9.5068,9.089
3/5/2016,0:45:44,0,9.5066,8.989
3/5/2016,1:00:44,0,9.505,8.922
3/5/2016,1:15:44,0,9.5051,8.903
3/5/2016,1:30:44,0,9.5036,8.833
3/5/2016,1:45:44,0,9.5027,8.829
3/5/2016,2:00:44,0,9.5014,8.95
3/5/2016,2:15:44,0,9.4991,8.855
3/5/2016,2:30:44,0,9.4949,8.808
3/5/2016,2:45:44,0,9.4942,8.771
3/5/2016,3:00:44,0,9.4949,8.73
3/5/2016,3:15:44,0,9.4936,8.794
3/5/2016,3:30:44,0,9.4921,8.754
3/5/2016,3:45:44,0,9.4901,8.651
3/5/2016,4:00:44,0,9.4886,8.713
3/5/2016,4:15:44,0,9.4883,8.765
3/5/2016,4:30:44,0,9.4866,8.693
3/5/2016,4:45:44,0,9.4858,8.706
3/5/2016,5:00:44,0,9.484,8.619
3/5/2016,5:15:44,0,9.4852,8.706
3/5/2016,5:30:44,0,9.4886,8.9
3/5/2016,5:45:44,0,9.4882,9.077
3/5/2016,6:00:44,0,9.4911,9.071
3/5/2016,6:15:44,0,9.4918,9.451
3/5/2016,6:30:44,0,9.4927,9.512
3/5/2016,6:45:44,0,9.4937,9.478
3/5/2016,7:00:44,0,9.4897,9.418
3/5/2016,7:15:44,0,9.4911,9.145
3/5/2016,7:30:44,0,9.4913,8.963
3/5/2016,7:45:44,0,9.4916,8.839
3/5/2016,8:00:44,0,9.4939,8.893
3/5/2016,8:15:44,0,9.4961,8.883
3/5/2016,8:30:44,0,9.4957,8.838
3/5/2016,8:45:44,0,9.4927,8.868
3/5/2016,9:00:44,0,9.4919,9.04
3/5/2016,9:15:44,0,9.4908,9.305
3/5/2016,9:30:44,0,9.4894,9.446
3/5/2016,9:45:44,0,9.4869,9.48
3/5/2016,10:00:44,0,9.484,9.63
3/5/2016,10:15:44,0,9.4829,9.781
3/5/2016,10:30:44,0,9.4814,9.933
3/5/2016,10:45:44,0,9.481,10.071
3/5/2016,11:00:44,0,9.4799,10.179
3/5/2016,11:15:44,0,9.4784,10.156
3/5/2016,11:30:44,0,9.4761,9.995
3/5/2016,11:45:44,0,9.4754,10.033
3/5/2016,12:00:44,0,9.4717,9.724
3/5/2016,12:15:44,0,9.4678,9.622
3/5/2016,12:30:44,0,9.4657,9.747
3/5/2016,12:45:44,0,9.4645,9.776
3/5/2016,13:00:44,0,9.4616,10.019
3/5/2016,13:15:44,0,9.4567,10.076
3/5/2016,13:30:44,0,9.4539,10.229
3/5/2016,13:45:44,0,9.4548,10.282
3/5/2016,14:00:44,0,9.45,10.472
3/5/2016,14:15:44,0,9.4481,10.498
3/5/2016,14:30:44,0,9.4462,10.527
3/5/2016,14:45:44,0,9.4441,10.554
3/5/2016,15:00:44,0,9.4434,10.502
3/5/2016,15:15:44,0,9.4415,10.488
3/5/2016,15:30:44,0,9.4362,10.517
3/5/2016,15:45:44,0,9.4299,10.461
3/5/2016,16:00:44,0,9.4268,10.246
3/5/2016,16:15:44,0,9.4226,10.167
3/5/2016,16:30:44,0,9.4234,10.118
3/5/2016,16:45:44,0,9.4202,10.095
3/5/2016,17:00:44,0,9.4172,10.253
3/5/2016,17:15:44,0,9.4147,10.155
3/5/2016,17:30:44,0,9.4151,9.723
3/5/2016,17:45:44,0,9.4161,9.916
3/5/2016,18:00:44,0,9.4154,9.981
3/5/2016,18:15:44,0,9.4146,10.061
3/5/2016,18:30:44,0,9.4091,9.881
3/5/2016,18:45:44,0,9.4105,9.96
3/5/2016,19:00:44,0,9.4097,9.973
3/5/2016,19:15:44,0,9.407,9.993
3/5/2016,19:30:44,0,9.4024,10.073
3/5/2016,19:45:44,0,9.4011,10.072
3/5/2016,20:00:44,0,9.3977,10.03
3/5/2016,20:15:44,0,9.3925,9.859
3/5/2016,20:30:44,0,9.3921,9.714
3/5/2016,20:45:44,0,9.3861,9.693
3/5/2016,21:00:44,0,9.3802,9.479
3/5/2016,21:15:44,0,9.3818,9.144
3/5/2016,21:30:44,0,9.3848,9.272
3/5/2016,21:45:44,0,9.3825,9.576
3/5/2016,22:00:44,0,9.3826,9.639
3/5/2016,22:15:44,0,9.3804,9.602
3/5/2016,22:30:44,0,9.3812,9.625
3/5/2016,22:45:44,0,9.4081,9.651
3/5/2016,23:00:44,0,9.4108,9.148
3/5/2016,23:15:44,0,9.4103,8.638
3/5/2016,23:30:44,0,9.4123,8.25
3/5/2016,23:45:44,0,9.4127,7.857
3/6/2016,0:00:44,0,9.4112,7.439
3/6/2016,0:15:44,0,9.4081,7.65
3/6/2016,0:30:44,0,9.4058,7.808
3/6/2016,0:45:44,0,9.4086,7.956
3/6/2016,1:00:44,0,9.4084,8.06
3/6/2016,1:15:44,0,9.4087,7.846
3/6/2016,1:30:44,0,9.4084,7.858
3/6/2016,1:45:44,0,9.4105,7.892
3/6/2016,2:00:44,0,9.413,7.797
3/6/2016,2:15:44,0,9.4186,7.308
3/6/2016,2:30:44,0,9.4201,7.281
3/6/2016,2:45:44,0,9.4216,7.539
3/6/2016,3:00:44,0,9.4217,7.646
3/6/2016,3:15:44,0,9.4254,7.508
3/6/2016,3:30:44,0,9.4295,7.269
3/6/2016,3:45:44,0,9.4349,7.11
3/6/2016,4:00:44,0,9.4378,7.058
3/6/2016,4:15:44,0,9.4418,7.051
3/6/2016,4:30:44,0,9.447,6.756
3/6/2016,4:45:44,0,9.449,6.517
3/6/2016,5:00:44,0,9.4548,6.89
3/6/2016,5:15:44,0,9.4594,6.568
3/6/2016,5:30:44,0,9.4608,6.235
3/6/2016,5:45:44,0,9.4645,5.742
3/6/2016,6:00:44,0,9.4682,5.453
3/6/2016,6:15:44,0,9.4713,5.427
3/6/2016,6:30:44,0,9.4729,5.465
3/6/2016,6:45:44,0,9.4781,5.581
3/6/2016,7:00:44,0,9.4799,5.607
3/6/2016,7:15:44,0,9.4812,5.638
3/6/2016,7:30:44,0,9.483,5.494
3/6/2016,7:45:44,0,9.4866,5.869
3/6/2016,8:00:44,0,9.4906,6.03
3/6/2016,8:15:44,0,9.4909,5.749
3/6/2016,8:30:44,0,9.4931,6.131
3/6/2016,8:45:44,0,9.4965,6.337
3/6/2016,9:00:44,0,9.4986,5.937
3/6/2016,9:15:44,0,9.4985,5.632
3/6/2016,9:30:44,0,9.4989,5.891
3/6/2016,9:45:44,0,9.5011,7.213
3/6/2016,10:00:44,0,9.5029,6.955
3/6/2016,10:15:44,0,9.5031,7.223
3/6/2016,10:30:44,0,9.5039,7.102
3/6/2016,10:45:44,0,9.5042,7.028
3/6/2016,11:00:44,0,9.5056,6.419
3/6/2016,11:15:44,0,9.5052,6.1
3/6/2016,11:30:44,0,9.5051,6.078
3/6/2016,11:45:44,0,9.5055,6.516
3/6/2016,12:00:44,0,9.5059,6.951
3/6/2016,12:15:44,0,9.5061,7.277
3/6/2016,12:30:44,0,9.5028,7.533
3/6/2016,12:45:44,0,9.504,7.476
3/6/2016,13:00:44,0,9.5037,7.177
3/6/2016,13:15:44,0,9.499,6.663
3/6/2016,13:30:44,0,9.4976,7.043
3/6/2016,13:45:44,0,9.4967,7.108
3/6/2016,14:00:44,0,9.4968,7.261
3/6/2016,14:15:44,0,9.4971,6.833
3/6/2016,14:30:44,0,9.4925,6.613
3/6/2016,14:45:44,0,9.4928,6.639
3/6/2016,15:00:44,0,9.4918,6.817
3/6/2016,15:15:44,0,9.4946,6.82
3/6/2016,15:30:44,0,9.4976,6.25
3/6/2016,15:45:44,0,9.4986,5.598
3/6/2016,16:00:44,0,9.4936,4.957
3/6/2016,16:15:44,0,9.4973,4.513
3/6/2016,16:30:44,0,9.4956,4.475
3/6/2016,16:45:44,0,9.4963,4.329
3/6/2016,17:00:44,0,9.4934,4.148
3/6/2016,17:15:44,0,9.4912,3.947
3/6/2016,17:30:44,0,9.4899,3.892
3/6/2016,17:45:44,0,9.4918,3.839
3/6/2016,18:00:44,0,9.4935,3.806
3/6/2016,18:15:44,0,9.4923,3.731
3/6/2016,18:30:44,0,9.4901,3.562
3/6/2016,18:45:44,0,9.4864,3.447
3/6/2016,19:00:44,0,9.4826,3.449
3/6/2016,19:15:44,0,9.4824,3.358
3/6/2016,19:30:44,0,9.4826,3.085
3/6/2016,19:45:44,0,9.4805,2.485
3/6/2016,20:00:44,0,9.4785,2.288
3/6/2016,20:15:44,0,9.4758,2.143
3/6/2016,20:30:44,0,9.4731,2.065
3/6/2016,20:45:44,0,9.4774,2.312
3/6/2016,21:00:44,0,9.4763,1.839
3/6/2016,21:15:44,0,9.4719,1.377
3/6/2016,21:30:44,0,9.4725,1.586
3/6/2016,21:45:44,0,9.4705,1.491
3/6/2016,22:00:44,0,9.4693,1.397
3/6/2016,22:15:44,0,9.4668,1.449
3/6/2016,22:30:44,0,9.4661,1.354
3/6/2016,22:45:44,0,9.4646,1.347
3/6/2016,23:00:44,0,9.4635,1.385
3/6/2016,23:15:44,0,9.4627,1.273
3/6/2016,23:30:44,0,9.4576,1.035
3/6/2016,23:45:44,0,9.454,1.06
3/7/2016,0:00:44,0,9.453,1.239
3/7/2016,0:15:44,0,9.4491,1.049
3/7/2016,0:30:44,0,9.45,1.248
3/7/2016,0:45:44,0,9.4509,1.219
3/7/2016,1:00:44,0,9.4498,0.944
3/7/2016,1:15:44,0,9.4483,0.921
3/7/2016,1:30:44,0,9.4476,1.03
3/7/2016,1:45:44,0,9.4459,1.146
3/7/2016,2:00:44,0,9.441,0.979
3/7/2016,2:15:44,0,9.4377,1.001
3/7/2016,2:30:44,0,9.4365,0.956
3/7/2016,2:45:44,0,9.434,0.75
3/7/2016,3:00:44,0,9.4332,0.805
3/7/2016,3:15:44,0,9.4325,0.971
3/7/2016,3:30:44,0,9.4318,0.977
3/7/2016,3:45:44,0,9.4317,0.977
3/7/2016,4:00:44,0,9.4309,0.94
3/7/2016,4:15:44,0,9.4303,0.997
3/7/2016,4:30:44,0,9.4307,1.047
3/7/2016,4:45:44,0,9.4315,1.063
3/7/2016,5:00:44,0,9.4311,1.083
3/7/2016,5:15:44,0,9.4314,1.104
3/7/2016,5:30:44,0,9.4313,1.052
3/7/2016,5:45:44,0,9.4324,1.085
3/7/2016,6:00:44,0,9.4347,1.083
3/7/2016,6:15:44,0,9.4343,1.001
3/7/2016,6:30:44,0,9.4353,1.057
3/7/2016,6:45:44,0,9.4373,1.083
3/7/2016,7:00:44,0,9.437,1.052
3/7/2016,7:15:44,0,9.4373,1.074
3/7/2016,7:30:44,0,9.4385,1.122
3/7/2016,7:45:44,0,9.4401,1.178
3/7/2016,8:00:44,0,9.4421,1.265
3/7/2016,8:15:44,0,9.4433,1.34
3/7/2016,8:30:44,0,9.4439,1.453
3/7/2016,8:45:44,0,9.4449,1.481
3/7/2016,9:00:44,0,9.4453,1.645
3/7/2016,9:15:44,0,9.4457,1.689
3/7/2016,9:30:44,0,9.4476,1.745
3/7/2016,9:45:44,0,9.4492,1.776
3/7/2016,10:00:44,0,9.4498,1.87
3/7/2016,10:15:44,0,9.4521,1.948
3/7/2016,10:30:44,0,9.4514,1.926
3/7/2016,10:45:44,0,9.4514,2.024
3/7/2016,11:00:44,0,9.4519,2.222
3/7/2016,11:15:44,0,9.4528,2.39
3/7/2016,11:30:44,0,9.4545,2.66
3/7/2016,11:45:44,0,9.4558,2.877
3/7/2016,12:00:44,0,9.4561,3.246
3/7/2016,12:15:44,0,9.4553,3.512
3/7/2016,12:30:44,0,9.4533,3.909
3/7/2016,12:45:44,0,9.4523,4.102
3/7/2016,13:00:44,0,9.4515,4.187
3/7/2016,13:15:44,0,9.4507,4.363
3/7/2016,13:30:44,0,9.4496,4.589
3/7/2016,13:45:44,0,9.4487,4.989
3/7/2016,14:00:44,0,9.4493,5.308
3/7/2016,14:15:44,0,9.4508,5.344
3/7/2016,14:30:44,0,9.4516,5.36
3/7/2016,14:45:44,0,9.4522,5.474
3/7/2016,15:00:44,0,9.4529,5.756
3/7/2016,15:15:44,0,9.4545,6.087
3/7/2016,15:30:44,0,9.4553,5.785
3/7/2016,15:45:44,0,9.4557,5.55
3/7/2016,16:00:44,0,9.4559,5.357
3/7/2016,16:15:44,0,9.4577,5.174
3/7/2016,16:30:44,0,9.4586,5.114
3/7/2016,16:45:44,0,9.4603,5.115
3/7/2016,17:00:44,0,9.4624,5.061
3/7/2016,17:15:44,0,9.4651,4.927
3/7/2016,17:30:44,0,9.4658,4.781
3/7/2016,17:45:44,0,9.4676,4.637
3/7/2016,18:00:44,0,9.4692,4.558
3/7/2016,18:15:44,0,9.472,4.402
3/7/2016,18:30:44,0,9.4752,4.223
3/7/2016,18:45:44,0,9.479,4.295
3/7/2016,19:00:44,0,9.48,4.096
3/7/2016,19:15:44,0,9.4798,4.037
3/7/2016,19:30:44,0,9.4821,4.106
3/7/2016,19:45:44,0,9.4837,4.051
3/7/2016,20:00:44,0,9.4847,4.045
3/7/2016,20:15:44,0,9.4886,4.023
3/7/2016,20:30:44,0,9.4914,3.866
3/7/2016,20:45:44,0,9.4932,3.787
3/7/2016,21:00:44,0,9.4985,3.638
3/7/2016,21:15:44,0,9.5018,3.553
3/7/2016,21:30:44,0,9.4997,3.173
3/7/2016,21:45:44,0,9.5044,3.198
3/7/2016,22:00:44,0,9.505,3.141
3/7/2016,22:15:44,0,9.504,3.014
3/7/2016,22:30:44,0,9.5038,3.023
3/7/2016,22:45:44,0,9.5051,2.962
3/7/2016,23:00:44,0,9.5055,2.883
3/7/2016,23:15:44,0,9.5032,2.649
3/7/2016,23:30:44,0,9.5059,2.579
3/7/2016,23:45:44,0,9.5078,2.253
3/8/2016,0:00:44,0,9.5094,2.244
3/8/2016,0:15:44,0,9.5079,2.14
3/8/2016,0:30:44,0,9.5096,2.144
3/8/2016,0:45:44,0,9.5097,1.868
3/8/2016,1:00:44,0,9.5107,1.695
3/8/2016,1:15:44,0,9.5115,1.642
3/8/2016,1:30:44,0,9.5137,1.742
3/8/2016,1:45:44,0,9.5132,1.634
3/8/2016,2:00:44,0,9.5143,1.645
3/8/2016,2:15:44,0,9.5114,1.462
3/8/2016,2:30:44,0,9.5088,1.329
3/8/2016,2:45:44,0,9.5086,1.447
3/8/2016,3:00:44,0,9.5096,1.433
3/8/2016,3:15:44,0,9.5148,1.329
3/8/2016,3:30:44,0,9.5153,1.211
3/8/2016,3:45:44,0,9.5185,1.268
3/8/2016,4:00:44,0,9.5193,1.098
3/8/2016,4:15:44,0,9.5191,0.782
3/8/2016,4:30:44,0,9.5204,0.887
3/8/2016,4:45:44,0,9.5252,1.008
3/8/2016,5:00:44,0,9.5272,0.901
3/8/2016,5:15:44,0,9.5335,0.835
3/8/2016,5:30:44,0,9.5364,0.95
3/8/2016,5:45:44,0,9.5385,0.977
3/8/2016,6:00:44,0,9.5366,1.01
3/8/2016,6:15:44,0,9.5313,1.007
3/8/2016,6:30:44,0,9.5372,1.021
3/8/2016,6:45:44,0,9.5348,0.853
3/8/2016,7:00:44,0,9.5379,1.021
3/8/2016,7:15:44,0,9.543,1.046
3/8/2016,7:30:44,0,9.5449,1.202
3/8/2016,7:45:44,0,9.5431,1.338
3/8/2016,8:00:44,0,9.5417,1.975
3/8/2016,8:15:44,0,9.5394,3.407
3/8/2016,8:30:44,0,9.5363,6.509
3/8/2016,8:45:44,0,9.5334,8.455
3/8/2016,9:00:44,0,9.5354,9.694
3/8/2016,9:15:44,0,9.5263,8.344
3/8/2016,9:30:44,0,9.5326,8.629
3/8/2016,9:45:44,0,9.5298,7.847
3/8/2016,10:00:44,0,9.5361,7.161
3/8/2016,10:15:44,0,9.5383,6.537
3/8/2016,10:30:44,0,9.5359,6.616
3/8/2016,10:45:44,0,9.5362,6.739
3/8/2016,11:00:44,0,9.5369,6.697
3/8/2016,11:15:44,0,9.5393,6.797
3/8/2016,11:30:44,0,9.5486,6.612
3/8/2016,11:45:44,0,9.5509,6.735
3/8/2016,12:00:44,0,9.5549,7.011
3/8/2016,12:15:44,0,9.5542,6.836
3/8/2016,12:30:44,0,9.5474,6.956
3/8/2016,12:45:44,0,9.5501,7.169
3/8/2016,13:00:44,0,9.5462,7.171
3/8/2016,13:15:44,0,9.5429,7.05
3/8/2016,13:30:44,0,9.5391,6.708
3/8/2016,13:45:44,0,9.539,6.312
3/8/2016,14:00:44,0,9.5433,6.15
3/8/2016,14:15:44,0,9.544,6.005
3/8/2016,14:30:44,0,9.5419,5.86
3/8/2016,14:45:44,0,9.5434,5.92
3/8/2016,15:00:44,0,9.5533,5.749
3/8/2016,15:15:44,0,9.557,5.656
3/8/2016,15:30:44,0,9.5553,5.694
3/8/2016,15:45:44,0,9.5518,5.702
3/8/2016,16:00:44,0,9.5565,5.647
3/8/2016,16:15:44,0,9.5555,5.486
3/8/2016,16:30:44,0,9.5556,5.502
3/8/2016,16:45:44,0,9.5609,5.422
3/8/2016,17:00:44,0,9.5607,5.256
3/8/2016,17:15:44,0,9.5596,5.071
3/8/2016,17:30:44,0,9.5635,4.972
3/8/2016,17:45:44,0,9.5635,4.967
3/8/2016,18:00:44,0,9.5642,4.901
3/8/2016,18:15:44,0,9.5608,4.727
3/8/2016,18:30:44,0,9.5599,4.623
3/8/2016,18:45:44,0,9.5571,4.575
3/8/2016,19:00:44,0,9.5561,4.562
3/8/2016,19:15:44,0,9.5582,4.562
3/8/2016,19:30:44,0,9.5601,4.528
3/8/2016,19:45:44,0,9.5624,4.498
3/8/2016,20:00:44,0,9.564,4.478
3/8/2016,20:15:44,0,9.5611,4.401
3/8/2016,20:30:44,0,9.5623,4.406
3/8/2016,20:45:44,0,9.5645,4.427
3/8/2016,21:00:44,0,9.5623,4.39
3/8/2016,21:15:44,0,9.5636,4.439
3/8/2016,21:30:44,0,9.564,4.42
3/8/2016,21:45:44,0,9.5661,4.449
3/8/2016,22:00:44,0,9.5653,4.357
3/8/2016,22:15:44,0,9.5647,4.35
3/8/2016,22:30:44,0,9.5637,4.385
3/8/2016,22:45:44,0,9.5628,4.403
3/8/2016,23:00:44,0,9.5632,4.399
3/8/2016,23:15:44,0,9.5621,4.39
3/8/2016,23:30:44,0,9.5617,4.38
3/8/2016,23:45:44,0,9.5618,4.342
3/9/2016,0:00:44,0,9.5602,4.328
3/9/2016,0:15:44,0,9.5567,4.34
3/9/2016,0:30:44,0,9.5579,4.267
3/9/2016,0:45:44,0,9.5576,4.338
3/9/2016,1:00:44,0,9.558,4.377
3/9/2016,1:15:44,0,9.5572,4.353
3/9/2016,1:30:44,0,9.556,4.313
3/9/2016,1:45:44,0,9.5542,4.332
3/9/2016,2:00:44,0,9.5529,4.336
3/9/2016,2:15:44,0,9.5535,4.342
3/9/2016,2:30:44,0,9.5536,4.387
3/9/2016,2:45:44,0,9.5529,4.333
3/9/2016,3:00:44,0,9.5522,4.363
3/9/2016,3:15:44,0,9.5526,4.336
3/9/2016,3:30:44,0,9.5516,4.368
3/9/2016,3:45:44,0,9.5491,4.395
3/9/2016,4:00:44,0,9.5479,4.316
3/9/2016,4:15:44,0,9.5476,4.278
3/9/2016,4:30:44,0,9.549,4.219
3/9/2016,4:45:44,0,9.5465,4.237
3/9/2016,5:00:44,0,9.5461,4.278
3/9/2016,5:15:44,0,9.5473,4.333
3/9/2016,5:30:44,0,9.5467,4.362
3/9/2016,5:45:44,0,9.5491,4.424
3/9/2016,6:00:44,0,9.5493,4.443
3/9/2016,6:15:44,0,9.5505,4.463
3/9/2016,6:30:44,0,9.5493,4.473
3/9/2016,6:45:44,0,9.5505,4.496
3/9/2016,7:00:44,0,9.5508,4.528
3/9/2016,7:15:44,0,9.5529,4.568
3/9/2016,7:30:44,0,9.5532,4.609
3/9/2016,7:45:44,0,9.5534,4.68
3/9/2016,8:00:44,0,9.5565,4.734
3/9/2016,8:15:44,0,9.5552,4.793
3/9/2016,8:30:44,0,9.5562,4.903
3/9/2016,8:45:44,0,9.5586,4.954
3/9/2016,9:00:44,0,9.5597,4.995
3/9/2016,9:15:44,0,9.5582,5.121
3/9/2016,9:30:44,0,9.5581,5.277
3/9/2016,9:45:44,0,9.5579,5.418
3/9/2016,10:00:44,0,9.5597,5.487
3/9/2016,10:15:44,0,9.5612,5.541
3/9/2016,10:30:44,0,9.5609,5.694
3/9/2016,10:45:44,0,9.5586,5.929
3/9/2016,11:00:44,0,9.5581,6.099
3/9/2016,11:15:44,0,9.561,6.121
3/9/2016,11:30:44,0,9.5608,6.186
3/9/2016,11:45:44,0,9.5607,6.264
3/9/2016,12:00:44,0,9.56,6.524
3/9/2016,12:15:44,0,9.561,6.675
3/9/2016,12:30:44,0,9.5591,6.686
3/9/2016,12:45:44,0,9.5582,6.646
3/9/2016,13:00:44,0,9.5557,6.841
3/9/2016,13:15:44,0,9.5548,7.024
3/9/2016,13:30:44,0,9.5553,7.135
3/9/2016,13:45:44,0,9.5547,7.212
3/9/2016,14:00:44,0,9.5534,7.191
3/9/2016,14:15:44,0,9.5507,7.755
3/9/2016,14:30:44,0,9.5506,7.864
3/9/2016,14:45:44,0,9.5493,7.905
3/9/2016,15:00:44,0,9.55,8.131
3/9/2016,15:15:44,0,9.5489,8.021
3/9/2016,15:30:44,0,9.5476,8.026
3/9/2016,15:45:44,0,9.5473,7.895
3/9/2016,16:00:44,0,9.5456,8.203
3/9/2016,16:15:44,0,9.5456,8.273
3/9/2016,16:30:44,0,9.5446,8.149
3/9/2016,16:45:44,0,9.5468,8.144
3/9/2016,17:00:44,0,9.5454,8.011
3/9/2016,17:15:44,0,9.5442,7.914
3/9/2016,17:30:44,0,9.5441,7.888
3/9/2016,17:45:44,0,9.5452,7.931
3/9/2016,18:00:44,0,9.5483,7.877
3/9/2016,18:15:44,0,9.5494,7.816
3/9/2016,18:30:44,0,9.5494,7.871
3/9/2016,18:45:44,0,9.5496,7.837
3/9/2016,19:00:44,0,9.5526,7.729
3/9/2016,19:15:44,0,9.5525,7.701
3/9/2016,19:30:44,0,9.5523,7.698
3/9/2016,19:45:44,0,9.5533,7.635
3/9/2016,20:00:44,0,9.5565,7.595
3/9/2016,20:15:44,0,9.5587,7.568
3/9/2016,20:30:44,0,9.5592,7.638
3/9/2016,20:45:44,0,9.5613,7.68
3/9/2016,21:00:44,0,9.5625,7.678
3/9/2016,21:15:44,0,9.5625,7.752
3/9/2016,21:30:44,0,9.5637,7.722
3/9/2016,21:45:44,0,9.5579,7.847
3/9/2016,22:00:44,0,9.5553,7.801
3/9/2016,22:15:44,0,9.5521,7.783
3/9/2016,22:30:44,0,9.5504,7.754
3/9/2016,22:45:44,0,9.559,7.718
3/9/2016,23:00:44,0,9.5574,7.731
3/9/2016,23:15:44,0,9.5596,7.739
3/9/2016,23:30:44,0,9.557,7.696
3/9/2016,23:45:44,0,9.5525,7.682
3/10/2016,0:00:44,0,9.5547,7.723
3/10/2016,0:15:44,0,9.5535,7.767
3/10/2016,0:30:44,0,9.5538,7.83
3/10/2016,0:45:44,0,9.5563,7.797
3/10/2016,1:00:44,0,9.5519,7.867
3/10/2016,1:15:44,0,9.5463,7.828
3/10/2016,1:30:44,0,9.5402,7.764
3/10/2016,1:45:44,0,9.545,7.746
3/10/2016,2:00:44,0,9.5437,7.683
3/10/2016,2:15:44,0,9.5384,7.582
3/10/2016,2:30:44,0,9.5364,7.517
3/10/2016,2:45:44,0,9.534,7.439
3/10/2016,3:00:44,0,9.5369,7.368
3/10/2016,3:15:44,0,9.5339,7.35
3/10/2016,3:30:44,0,9.5323,7.379
3/10/2016,3:45:44,0,9.5302,7.327
3/10/2016,4:00:44,0,9.5302,7.291
3/10/2016,4:15:44,0,9.5279,7.215
3/10/2016,4:30:44,0,9.5271,7.195
3/10/2016,4:45:44,0,9.5312,7.207
3/10/2016,5:00:44,0,9.5286,7.15
3/10/2016,5:15:44,0,9.5335,7.102
3/10/2016,5:30:44,0,9.5321,7.121
3/10/2016,5:45:44,0,9.5313,7.062
3/10/2016,6:00:44,0,9.5347,7.078
3/10/2016,6:15:44,0,9.5355,7.015
3/10/2016,6:30:44,0,9.5382,7.063
3/10/2016,6:45:44,0,9.5368,7.176
3/10/2016,7:00:44,0,9.5337,7.291
3/10/2016,7:15:44,0,9.5338,7.331
3/10/2016,7:30:44,0,9.5368,7.325
3/10/2016,7:45:44,0,9.5373,7.394
3/10/2016,8:00:44,0,9.5397,7.46
3/10/2016,8:15:44,0,9.5421,7.46
3/10/2016,8:30:44,0,9.5409,7.51
3/10/2016,8:45:44,0,9.5432,7.423
3/10/2016,9:00:44,0,9.544,7.503
3/10/2016,9:15:44,0,9.546,7.657
3/10/2016,9:30:44,0,9.5456,7.842
3/10/2016,9:45:44,0,9.5488,7.976
3/10/2016,10:00:44,0,9.5551,8.178
3/10/2016,10:15:44,0,9.5567,8.367
3/10/2016,10:30:44,0,9.5558,8.474
3/10/2016,10:45:44,0,9.5576,8.552
3/10/2016,11:00:44,0,9.5594,8.599
3/10/2016,11:15:44,0,9.5596,8.62
3/10/2016,11:30:44,0,9.5527,8.882
3/10/2016,11:45:44,0,9.5443,9.141
3/10/2016,12:00:44,0,9.5428,9.439
3/10/2016,12:15:44,0,9.5427,9.618
3/10/2016,12:30:44,0,9.5465,9.541
3/10/2016,12:45:44,0,9.5484,9.477
3/10/2016,13:00:44,0,9.5463,9.277
3/10/2016,13:15:44,0,9.5436,9.308
3/10/2016,13:30:44,0,9.5408,8.999
3/10/2016,13:45:44,0,9.5383,9.137
3/10/2016,14:00:44,0,9.5378,8.894
3/10/2016,14:15:44,0,9.5339,8.824
3/10/2016,14:30:44,0,9.5336,8.758
3/10/2016,14:45:44,0,9.5323,8.58
3/10/2016,15:00:44,0,9.5351,8.555
3/10/2016,15:15:44,0,9.5404,8.503
3/10/2016,15:30:44,0,9.5424,8.478
3/10/2016,15:45:44,0,9.5435,8.448
3/10/2016,16:00:44,0,9.5461,8.383
3/10/2016,16:15:44,0,9.5487,8.341
3/10/2016,16:30:44,0,9.5501,8.198
3/10/2016,16:45:44,0,9.5494,8.047
3/10/2016,17:00:44,0,9.5516,7.939
3/10/2016,17:15:44,0,9.5513,7.824
3/10/2016,17:30:44,0,9.552,7.693
3/10/2016,17:45:44,0,9.5531,7.714
3/10/2016,18:00:44,0,9.5541,7.791
3/10/2016,18:15:44,0,9.5515,7.541
3/10/2016,18:30:44,0,9.5512,7.562
3/10/2016,18:45:44,0,9.5518,7.557
3/10/2016,19:00:44,0,9.5543,7.399
3/10/2016,19:15:44,0,9.5558,7.483
3/10/2016,19:30:44,0,9.5529,7.46
3/10/2016,19:45:44,0,9.549,7.314
3/10/2016,20:00:44,0,9.5499,7.382
3/10/2016,20:15:44,0,9.547,7.319
3/10/2016,20:30:44,0,9.5411,7.222
3/10/2016,20:45:44,0,9.536,7.174
3/10/2016,21:00:44,0,9.5331,7.185
3/10/2016,21:15:44,0,9.5301,7.095
3/10/2016,21:30:44,0,9.5316,7.003
3/10/2016,21:45:44,0,9.5318,6.961
3/10/2016,22:00:44,0,9.533,6.961
3/10/2016,22:15:44,0,9.5283,6.761
3/10/2016,22:30:44,0,9.5248,6.566
3/10/2016,22:45:44,0,9.5218,6.487
3/10/2016,23:00:44,0,9.5186,6.559
3/10/2016,23:15:44,0,9.5176,6.488
3/10/2016,23:30:44,0,9.5174,6.582
3/10/2016,23:45:44,0,9.5129,6.553
3/11/2016,0:00:44,0,9.5093,6.436
3/11/2016,0:15:44,0,9.5081,6.469
3/11/2016,0:30:44,0,9.5065,6.488
3/11/2016,0:45:44,0,9.5035,6.466
3/11/2016,1:00:44,0,9.5003,6.474
3/11/2016,1:15:44,0,9.4946,6.466
3/11/2016,1:30:44,0,9.4936,6.476
3/11/2016,1:45:44,0,9.4894,6.468
3/11/2016,2:00:44,0,9.484,6.507
3/11/2016,2:15:44,0,9.4851,6.519
3/11/2016,2:30:44,0,9.4856,6.528
3/11/2016,2:45:44,0,9.4801,6.568
3/11/2016,3:00:44,0,9.4773,6.589
3/11/2016,3:15:44,0,9.4735,6.528
3/11/2016,3:30:44,0,9.4753,6.56
3/11/2016,3:45:44,0,9.4696,6.539
3/11/2016,4:00:44,0,9.468,6.5
3/11/2016,4:15:44,0,9.4685,6.565
3/11/2016,4:30:44,0,9.468,6.568
3/11/2016,4:45:44,0,9.4657,6.582
3/11/2016,5:00:44,0,9.4663,6.615
3/11/2016,5:15:44,0,9.4633,6.612
3/11/2016,5:30:44,0,9.4545,6.549
3/11/2016,5:45:44,0,9.4527,6.578
3/11/2016,6:00:44,0,9.4526,6.563
3/11/2016,6:15:44,0,9.4542,6.56
3/11/2016,6:30:44,0,9.457,6.571
3/11/2016,6:45:44,0,9.4583,6.583
3/11/2016,7:00:44,0,9.459,6.622
3/11/2016,7:15:44,0,9.4591,6.63
3/11/2016,7:30:44,0,9.4553,6.548
3/11/2016,7:45:44,0,9.4548,6.541
3/11/2016,8:00:44,0,9.4544,6.529
3/11/2016,8:15:44,0,9.4562,6.557
3/11/2016,8:30:44,0,9.4584,6.593
3/11/2016,8:45:44,0,9.4567,6.586
3/11/2016,9:00:44,0,9.454,6.652
3/11/2016,9:15:44,0,9.4549,6.745
3/11/2016,9:30:44,0,9.4538,6.837
3/11/2016,9:45:44,0,9.4554,6.92
3/11/2016,10:00:44,0,9.4549,6.957
3/11/2016,10:15:44,0,9.4547,7.037
3/11/2016,10:30:44,0,9.4553,7.105
3/11/2016,10:45:44,0,9.4545,7.151
3/11/2016,11:00:44,0,9.4538,7.068
3/11/2016,11:15:44,0,9.4515,6.943
3/11/2016,11:30:44,0,9.4469,6.78
3/11/2016,11:45:44,0,9.4442,6.812
3/11/2016,12:00:44,0,9.4456,6.899
3/11/2016,12:15:44,0,9.4498,7.006
3/11/2016,12:30:44,0,9.453,6.745
3/11/2016,12:45:44,0,9.4544,6.538
3/11/2016,13:00:44,0,9.4521,6.239
3/11/2016,13:15:44,0,9.4505,6.065
3/11/2016,13:30:44,0,9.4472,5.991
3/11/2016,13:45:44,0,9.4439,6.236
3/11/2016,14:00:44,0,9.4435,6.316
3/11/2016,14:15:44,0,9.4443,6.464
3/11/2016,14:30:44,0,9.4475,6.57
3/11/2016,14:45:44,0,9.4481,6.575
3/11/2016,15:00:44,0,9.4492,6.594
3/11/2016,15:15:44,0,9.4504,6.439
3/11/2016,15:30:44,0,9.4557,6.41
3/11/2016,15:45:44,0,9.4544,6.359
3/11/2016,16:00:44,0,9.459,6.303
3/11/2016,16:15:44,0,9.4601,6.25
3/11/2016,16:30:44,0,9.463,6.17
3/11/2016,16:45:44,0,9.4618,6.095
3/11/2016,17:00:44,0,9.4659,6.088
3/11/2016,17:15:44,0,9.4702,6.044
3/11/2016,17:30:44,0,9.4732,5.81
3/11/2016,17:45:44,0,9.4726,5.799
3/11/2016,18:00:44,0,9.4725,5.751
3/11/2016,18:15:44,0,9.4734,5.677
3/11/2016,18:30:44,0,9.4764,5.538
3/11/2016,18:45:44,0,9.4786,5.364
3/11/2016,19:00:44,0,9.48,5.1
3/11/2016,19:15:44,0,9.4816,5.033
3/11/2016,19:30:44,0,9.483,4.923
3/11/2016,19:45:44,0,9.4854,4.971
3/11/2016,20:00:44,0,9.4875,4.918
3/11/2016,20:15:44,0,9.4913,5.1
3/11/2016,20:30:44,0,9.4923,5.021
3/11/2016,20:45:44,0,9.4951,5.014
3/11/2016,21:00:44,0,9.4954,4.947
3/11/2016,21:15:44,0,9.4952,5.024
3/11/2016,21:30:44,0,9.4993,4.928
3/11/2016,21:45:44,0,9.4999,4.94
3/11/2016,22:00:44,0,9.5014,4.932
3/11/2016,22:15:44,0,9.5044,5
3/11/2016,22:30:44,0,9.5052,5.103
3/11/2016,22:45:44,0,9.5062,4.961
3/11/2016,23:00:44,0,9.5079,4.861
3/11/2016,23:15:44,0,9.5072,4.782
3/11/2016,23:30:44,0,9.5084,4.851
3/11/2016,23:45:44,0,9.5092,4.926
3/12/2016,0:00:44,0,9.5112,4.842
3/12/2016,0:15:44,0,9.5122,4.866
3/12/2016,0:30:44,0,9.5141,4.844
3/12/2016,0:45:44,0,9.5175,4.876
3/12/2016,1:00:44,0,9.5199,4.796
3/12/2016,1:15:44,0,9.5206,4.843
3/12/2016,1:30:44,0,9.5214,4.8
3/12/2016,1:45:44,0,9.5222,4.857
3/12/2016,2:00:44,0,9.523,4.937
3/12/2016,2:15:44,0,9.523,4.909
3/12/2016,2:30:44,0,9.5227,4.872
3/12/2016,2:45:44,0,9.527,4.856
3/12/2016,3:00:44,0,9.5255,4.91
3/12/2016,3:15:44,0,9.5253,4.968
3/12/2016,3:30:44,0,9.5279,5.012
3/12/2016,3:45:44,0,9.5272,4.991
3/12/2016,4:00:44,0,9.5282,5.109
3/12/2016,4:15:44,0,9.5277,5.085
3/12/2016,4:30:44,0,9.5259,5.134
3/12/2016,4:45:44,0,9.5285,5.19
3/12/2016,5:00:44,0,9.5288,5.202
3/12/2016,5:15:44,0,9.5307,5.226
3/12/2016,5:30:44,0,9.5342,5.257
3/12/2016,5:45:44,0,9.5366,5.275
3/12/2016,6:00:44,0,9.5403,5.287
3/12/2016,6:15:44,0,9.544,5.252
3/12/2016,6:30:44,0,9.5477,5.137
3/12/2016,6:45:44,0,9.5484,5.075
3/12/2016,7:00:44,0,9.5513,5.042
3/12/2016,7:15:44,0,9.5538,4.965
3/12/2016,7:30:44,0,9.5538,4.841
3/12/2016,7:45:44,0,9.5528,4.471
3/12/2016,8:00:44,0,9.5501,4.239
3/12/2016,8:15:44,0,9.5488,4.484
3/12/2016,8:30:44,0,9.5509,4.626
3/12/2016,8:45:44,0,9.552,4.765
3/12/2016,9:00:44,0,9.5518,4.642
3/12/2016,9:15:44,0,9.5507,4.95
3/12/2016,9:30:44,0,9.5527,5.305
3/12/2016,9:45:44,0,9.5538,5.658
3/12/2016,10:00:44,0,9.5553,5.732
3/12/2016,10:15:44,0,9.5534,5.738
3/12/2016,10:30:44,0,9.5522,5.691
3/12/2016,10:45:44,0,9.5536,5.765
3/12/2016,11:00:44,0,9.5495,5.787
3/12/2016,11:15:44,0,9.5541,5.865
3/12/2016,11:30:44,0,9.5534,5.772
3/12/2016,11:45:44,0,9.5512,5.756
3/12/2016,12:00:44,0,9.5494,5.914
3/12/2016,12:15:44,0,9.5505,6.027
3/12/2016,12:30:44,0,9.548,6.032
3/12/2016,12:45:44,0,9.5464,6.05
3/12/2016,13:00:44,0,9.5446,6.011
3/12/2016,13:15:44,0,9.5445,5.929
3/12/2016,13:30:44,0,9.544,5.883
3/12/2016,13:45:44,0,9.5433,5.876
3/12/2016,14:00:44,0,9.543,5.792
3/12/2016,14:15:44,0,9.5435,5.781
3/12/2016,14:30:44,0,9.5452,5.783
3/12/2016,14:45:44,0,9.5427,5.764
3/12/2016,15:00:44,0,9.5408,5.682
3/12/2016,15:15:44,0,9.5431,5.654
3/12/2016,15:30:44,0,9.5419,5.627
3/12/2016,15:45:44,0,9.5401,5.578
3/12/2016,16:00:44,0,9.5405,5.518
3/12/2016,16:15:44,0,9.5433,5.434
3/12/2016,16:30:44,0,9.5434,5.414
3/12/2016,16:45:44,0,9.5448,5.416
3/12/2016,17:00:44,0,9.5513,5.417
3/12/2016,17:15:44,0,9.5518,5.442
3/12/2016,17:30:44,0,9.5515,5.433
3/12/2016,17:45:44,0,9.5511,5.404
3/12/2016,18:00:44,0,9.5495,5.441
3/12/2016,18:15:44,0,9.5472,5.452
3/12/2016,18:30:44,0,9.5425,5.216
3/12/2016,18:45:44,0,9.5438,5.179
3/12/2016,19:00:44,0,9.5459,5.217
3/12/2016,19:15:44,0,9.5474,5.292
3/12/2016,19:30:44,0,9.5472,5.32
3/12/2016,19:45:44,0,9.5474,5.276
3/12/2016,20:00:44,0,9.5492,5.311
3/12/2016,20:15:44,0,9.5497,5.392
3/12/2016,20:30:44,0,9.5522,5.485
3/12/2016,20:45:44,0,9.554,5.526
3/12/2016,21:00:44,0,9.5539,5.56
3/12/2016,21:15:44,0,9.5504,5.546
3/12/2016,21:30:44,0,9.5471,5.504
3/12/2016,21:45:44,0,9.5449,5.333
3/12/2016,22:00:44,0,9.5446,5.137
3/12/2016,22:15:44,0,9.5486,5.102
3/12/2016,22:30:44,0,9.5462,4.725
3/12/2016,22:45:44,0,9.5463,4.529
3/12/2016,23:00:44,0,9.5439,4.273
3/12/2016,23:15:44,0,9.5419,4.198
3/12/2016,23:30:44,0,9.5395,4.237
3/12/2016,23:45:44,0,9.5374,4.183
3/13/2016,0:00:44,0,9.5377,4.35
3/13/2016,0:15:44,0,9.5365,4.486
3/13/2016,0:30:44,0,9.5349,4.476
3/13/2016,0:45:44,0,9.5345,4.625
3/13/2016,1:00:44,0,9.5335,4.766
3/13/2016,1:15:44,0,9.5326,4.916
3/13/2016,1:30:44,0,9.5324,5.103
3/13/2016,1:45:44,0,9.5335,5.272
3/13/2016,2:00:44,0,9.532,5.655
3/13/2016,2:15:44,0,9.5307,5.929
3/13/2016,2:30:44,0,9.5294,5.934
3/13/2016,2:45:44,0,9.5283,5.975
3/13/2016,3:00:44,0,9.5272,6.225
3/13/2016,3:15:44,0,9.5265,6.206
3/13/2016,3:30:44,0,9.5272,6.202
3/13/2016,3:45:44,0,9.5296,6.16
3/13/2016,4:00:44,0,9.5288,6.073
3/13/2016,4:15:44,0,9.5286,6.071
3/13/2016,4:30:44,0,9.5276,6.051
3/13/2016,4:45:44,0,9.5266,6.011
3/13/2016,5:00:44,0,9.5268,6.049
3/13/2016,5:15:44,0,9.526,5.981
3/13/2016,5:30:44,0,9.5276,6.04
3/13/2016,5:45:44,0,9.5268,6.124
3/13/2016,6:00:44,0,9.5267,6.064
3/13/2016,6:15:44,0,9.5272,6.089
3/13/2016,6:30:44,0,9.5285,6.167
3/13/2016,6:45:44,0,9.5266,6.212
3/13/2016,7:00:44,0,9.5263,6.171
3/13/2016,7:15:44,0,9.5266,6.165
3/13/2016,7:30:44,0,9.5247,6.199
3/13/2016,7:45:44,0,9.5228,6.322
3/13/2016,8:00:44,0,9.524,6.286
3/13/2016,8:15:44,0,9.5233,6.275
3/13/2016,8:30:44,0,9.5239,6.313
3/13/2016,8:45:44,0,9.522,6.427
3/13/2016,9:00:44,0,9.5219,6.534
3/13/2016,9:15:44,0,9.5236,6.626
3/13/2016,9:30:44,0,9.5227,6.639
3/13/2016,9:45:44,0,9.5248,6.724
3/13/2016,10:00:44,0,9.5246,6.886
3/13/2016,10:15:44,0,9.5241,6.879
3/13/2016,10:30:44,0,9.5252,6.906
3/13/2016,10:45:44,0,9.5218,7.018
3/13/2016,11:00:44,0,9.5202,6.988
3/13/2016,11:15:44,0,9.5214,7.004
3/13/2016,11:30:44,0,9.5222,6.977
3/13/2016,11:45:44,0,9.5194,6.973
3/13/2016,12:00:44,0,9.5185,7.004
3/13/2016,12:15:44,0,9.5175,7.024
3/13/2016,12:30:44,0,9.517,7.025
3/13/2016,12:45:44,0,9.5141,7.039
3/13/2016,13:00:44,0,9.5128,7.006
3/13/2016,13:15:44,0,9.5107,6.99
3/13/2016,13:30:44,0,9.5093,7.066
3/13/2016,13:45:44,0,9.509,7.096
3/13/2016,14:00:44,0,9.5085,7.054
3/13/2016,14:15:44,0,9.5048,7.033
3/13/2016,14:30:44,0,9.5034,7.008
3/13/2016,14:45:44,0,9.5028,7.011
3/13/2016,15:00:44,0,9.4996,6.947
3/13/2016,15:15:44,0,9.4966,6.922
3/13/2016,15:30:44,0,9.4932,6.91
3/13/2016,15:45:44,0,9.4907,6.916
3/13/2016,16:00:44,0,9.4877,6.949
3/13/2016,16:15:44,0,9.4886,6.964
3/13/2016,16:30:44,0,9.4872,7.022
3/13/2016,16:45:44,0,9.4858,7.169
3/13/2016,17:00:44,0,9.4834,7.177
3/13/2016,17:15:44,0,9.4821,7.203
3/13/2016,17:30:44,0,9.4823,7.283
3/13/2016,17:45:44,0,9.4822,7.248
3/13/2016,18:00:44,0,9.4808,7.205
3/13/2016,18:15:44,0,9.4822,7.208
3/13/2016,18:30:44,0,9.4838,7.229
3/13/2016,18:45:44,0,9.4832,7.262
3/13/2016,19:00:44,0,9.4813,7.308
3/13/2016,19:15:44,0,9.4819,7.353
3/13/2016,19:30:44,0,9.4808,7.403
3/13/2016,19:45:44,0,9.4846,7.493
3/13/2016,20:00:44,0,9.4902,7.507
3/13/2016,20:15:44,0,9.4914,7.608
3/13/2016,20:30:44,0,9.492,7.625
3/13/2016,20:45:44,0,9.4879,7.674
3/13/2016,21:00:44,0,9.4918,7.702
3/13/2016,21:15:44,0,9.4924,7.76
3/13/2016,21:30:44,0,9.492,7.783
3/13/2016,21:45:44,0,9.4938,7.795
3/13/2016,22:00:44,0,9.4921,7.856
3/13/2016,22:15:44,0,9.4975,7.855
3/13/2016,22:30:44,0,9.5008,7.971
3/13/2016,22:45:44,0,9.5015,7.997
3/13/2016,23:00:44,0,9.5034,7.983
3/13/2016,23:15:44,0,9.5035,8.022
3/13/2016,23:30:44,0,9.5048,7.984
3/13/2016,23:45:44,0,9.5061,7.975
3/14/2016,0:00:44,0,9.5061,7.901
3/14/2016,0:15:44,0,9.5094,7.844
3/14/2016,0:30:44,0,9.5158,7.809
3/14/2016,0:45:44,0,9.5179,7.736
3/14/2016,1:00:44,0,9.5192,7.653
3/14/2016,1:15:44,0,9.521,7.588
3/14/2016,1:30:44,0,9.5229,7.534
3/14/2016,1:45:44,0,9.5257,7.474
3/14/2016,2:00:44,0,9.5263,7.438
3/14/2016,2:15:44,0,9.5251,7.277
3/14/2016,2:30:44,0,9.5259,7.091
3/14/2016,2:45:44,0,9.5245,7.136
3/14/2016,3:00:44,0,9.5238,7.032
3/14/2016,3:15:44,0,9.5239,6.977
3/14/2016,3:30:44,0,9.5242,6.771
3/14/2016,3:45:44,0,9.5234,6.803
3/14/2016,4:00:44,0,9.5246,6.687
3/14/2016,4:15:44,0,9.5295,6.708
3/14/2016,4:30:44,0,9.5282,6.574
3/14/2016,4:45:44,0,9.5316,6.622
3/14/2016,5:00:44,0,9.5348,6.52
3/14/2016,5:15:44,0,9.5372,6.567
3/14/2016,5:30:44,0,9.5377,6.381
3/14/2016,5:45:44,0,9.5398,6.287
3/14/2016,6:00:44,0,9.5437,6.288
3/14/2016,6:15:44,0,9.5427,6.358
3/14/2016,6:30:44,0,9.5461,6.326
3/14/2016,6:45:44,0,9.5489,6.374
3/14/2016,7:00:44,0,9.5521,6.296
3/14/2016,7:15:44,0,9.5533,6.192
3/14/2016,7:30:44,0,9.5565,6.322
3/14/2016,7:45:44,0,9.5596,6.369
3/14/2016,8:00:44,0,9.5667,6.414
3/14/2016,8:15:44,0,9.5695,6.432
3/14/2016,8:30:44,0,9.5699,6.285
3/14/2016,8:45:44,0,9.5725,6.324
3/14/2016,9:00:44,0,9.5761,6.42
3/14/2016,9:15:44,0,9.5779,6.681
3/14/2016,9:30:44,0,9.578,6.58
3/14/2016,9:45:44,0,9.5809,7.03
3/14/2016,10:00:44,0,9.5825,7.265
3/14/2016,10:15:44,0,9.5838,7.286
3/14/2016,10:30:44,0,9.5842,7.564
3/14/2016,10:45:44,0,9.5866,7.93
3/14/2016,11:00:44,0,9.5873,7.715
3/14/2016,11:15:44,0,9.5887,8.046
3/14/2016,11:30:44,0,9.5877,7.739
3/14/2016,11:45:44,0,9.5865,7.806
3/14/2016,12:00:44,0,9.5862,7.807
3/14/2016,12:15:44,0,9.5873,7.995
3/14/2016,12:30:44,0,9.586,7.928
3/14/2016,12:45:44,0,9.5844,8.233
3/14/2016,13:00:44,0,9.5836,7.424
3/14/2016,13:15:44,0,9.5849,7.61
3/14/2016,13:30:44,0,9.5852,7.663
3/14/2016,13:45:44,0,9.5848,7.431
3/14/2016,14:00:44,0,9.5837,7.859
3/14/2016,14:15:44,0,9.5818,10.345
3/14/2016,14:30:44,0,9.5845,9.413
3/14/2016,14:45:44,0,9.5861,9.096
3/14/2016,15:00:44,0,9.5844,8.49
3/14/2016,15:15:44,0,9.5856,8.485
3/14/2016,15:30:44,0,9.5865,8.708
3/14/2016,15:45:44,0,9.5871,8.535
3/14/2016,16:00:44,0,9.5873,8.314
3/14/2016,16:15:44,0,9.5866,8.249
3/14/2016,16:30:44,0,9.5861,7.87
3/14/2016,16:45:44,0,9.588,8.117
3/14/2016,17:00:44,0,9.5903,8.263
3/14/2016,17:15:44,0,9.59,8.307
3/14/2016,17:30:44,0,9.5912,8.341
3/14/2016,17:45:44,0,9.5933,8.287
3/14/2016,18:00:44,0,9.5939,7.951
3/14/2016,18:15:44,0,9.5959,7.669
3/14/2016,18:30:44,0,9.5947,7.508
3/14/2016,18:45:44,0,9.5966,7.28
3/14/2016,19:00:44,0,9.5989,7.022
3/14/2016,19:15:44,0,9.6002,6.575
3/14/2016,19:30:44,0,9.6025,6.374
3/14/2016,19:45:44,0,9.6028,6.108
3/14/2016,20:00:44,0,9.6029,6.022
3/14/2016,20:15:44,0,9.6032,5.993
3/14/2016,20:30:44,0,9.6053,5.807
3/14/2016,20:45:44,0,9.6063,5.644
3/14/2016,21:00:44,0,9.6065,5.684
3/14/2016,21:15:44,0,9.6085,5.745
3/14/2016,21:30:44,0,9.6066,4.995
3/14/2016,21:45:44,0,9.6069,5.278
3/14/2016,22:00:44,0,9.6066,5.283
3/14/2016,22:15:44,0,9.6108,5.258
3/14/2016,22:30:44,0,9.6123,5.106
3/14/2016,22:45:44,0,9.612,4.722
3/14/2016,23:00:44,0,9.6106,4.689
3/14/2016,23:15:44,0,9.6104,4.649
3/14/2016,23:30:44,0,9.6089,4.406
3/14/2016,23:45:44,0,9.6094,4.46
3/15/2016,0:00:44,0,9.6097,4.24
3/15/2016,0:15:44,0,9.6092,4.206
3/15/2016,0:30:44,0,9.6091,4.247
3/15/2016,0:45:44,0,9.608,3.887
3/15/2016,1:00:44,0,9.608,3.674
3/15/2016,1:15:44,0,9.6061,3.558
3/15/2016,1:30:44,0,9.606,3.558
3/15/2016,1:45:44,0,9.606,3.641
3/15/2016,2:00:44,0,9.6052,3.646
3/15/2016,2:15:44,0,9.605,3.614
3/15/2016,2:30:44,0,9.6058,3.536
3/15/2016,2:45:44,0,9.6057,3.516
3/15/2016,3:00:44,0,9.6045,3.29
3/15/2016,3:15:44,0,9.6041,2.885
3/15/2016,3:30:44,0,9.6041,2.637
3/15/2016,3:45:44,0,9.6017,2.534
3/15/2016,4:00:44,0,9.6032,2.579
3/15/2016,4:15:44,0,9.6049,2.341
3/15/2016,4:30:44,0,9.6045,2.436
3/15/2016,4:45:44,0,9.6043,2.366
3/15/2016,5:00:44,0,9.6038,2.225
3/15/2016,5:15:44,0,9.6034,2.182
3/15/2016,5:30:44,0,9.6028,2.104
3/15/2016,5:45:44,0,9.6038,2.033
3/15/2016,6:00:44,0,9.6035,2.197
3/15/2016,6:15:44,0,9.6032,2.288
3/15/2016,6:30:44,0,9.605,2.377
3/15/2016,6:45:44,0,9.6055,2.631
3/15/2016,7:00:44,0,9.6077,2.693
3/15/2016,7:15:44,0,9.6059,3.057
3/15/2016,7:30:44,0,9.6076,3.245
3/15/2016,7:45:44,0,9.6088,3.597
3/15/2016,8:00:44,0,9.6106,3.845
3/15/2016,8:15:44,0,9.6095,4.739
3/15/2016,8:30:44,0,9.6098,5.051
3/15/2016,8:45:44,0,9.6111,5.793
3/15/2016,9:00:44,0,9.6104,6.436
3/15/2016,9:15:44,0,9.6084,6.7
3/15/2016,9:30:44,0,9.6086,7.443
3/15/2016,9:45:44,0,9.6074,7.902
3/15/2016,10:00:44,0,9.6068,7.413
3/15/2016,10:15:44,0,9.6052,9.59
3/15/2016,10:30:44,0,9.603,8.795
3/15/2016,10:45:44,0,9.6023,8.648
3/15/2016,11:00:44,0,9.6007,9.121
3/15/2016,11:15:44,0,9.5988,9.259
3/15/2016,11:30:44,0,9.5954,9.173
3/15/2016,11:45:44,0,9.5924,9.338
3/15/2016,12:00:44,0,9.5917,9.767
3/15/2016,12:15:44,0,9.5885,9.815
3/15/2016,12:30:44,0,9.5875,9.987
3/15/2016,12:45:44,0,9.5847,10.529
3/15/2016,13:00:44,0,9.5812,10.948
3/15/2016,13:15:44,0,9.5805,11.031
3/15/2016,13:30:44,0,9.5813,11.292
3/15/2016,13:45:44,0,9.5822,11.292
3/15/2016,14:00:44,0,9.5799,11.906
3/15/2016,14:15:44,0,9.5795,14.343
3/15/2016,14:30:44,0,9.5809,15.646
3/15/2016,14:45:44,0,9.5825,14.415
3/15/2016,15:00:44,0,9.5799,13.277
3/15/2016,15:15:44,0,9.5788,12.382
3/15/2016,15:30:44,0,9.5772,12.091
3/15/2016,15:45:44,0,9.5765,11.671
3/15/2016,16:00:44,0,9.577,11.305
3/15/2016,16:15:44,0,9.577,10.805
3/15/2016,16:30:44,0,9.5779,10.645
3/15/2016,16:45:44,0,9.5777,10.28
3/15/2016,17:00:44,0,9.5785,10.048
3/15/2016,17:15:44,0,9.5786,9.834
3/15/2016,17:30:44,0,9.5785,9.609
3/15/2016,17:45:44,0,9.5803,9.461
3/15/2016,18:00:44,0,9.581,9.218
3/15/2016,18:15:44,0,9.5813,8.961
3/15/2016,18:30:44,0,9.5818,8.69
3/15/2016,18:45:44,0,9.5839,8.328
3/15/2016,19:00:44,0,9.5857,8.078
3/15/2016,19:15:44,0,9.5861,7.778
3/15/2016,19:30:44,0,9.587,7.587
3/15/2016,19:45:44,0,9.5875,7.453
3/15/2016,20:00:44,0,9.5876,7.183
3/15/2016,20:15:44,0,9.5882,7.02
3/15/2016,20:30:44,0,9.5874,6.708
3/15/2016,20:45:44,0,9.588,6.485
3/15/2016,21:00:44,0,9.5876,6.309
3/15/2016,21:15:44,0,9.5875,6.189
3/15/2016,21:30:44,0,9.5871,6.146
3/15/2016,21:45:44,0,9.5865,5.872
3/15/2016,22:00:44,0,9.5874,5.786
3/15/2016,22:15:44,0,9.5897,5.742
3/15/2016,22:30:44,0,9.5906,5.591
3/15/2016,22:45:44,0,9.5885,5.519
3/15/2016,23:00:44,0,9.5869,5.237
3/15/2016,23:15:44,0,9.5865,5.111
3/15/2016,23:30:44,0,9.5852,4.969
3/15/2016,23:45:44,0,9.5832,4.894
3/16/2016,0:00:44,0,9.5835,4.874
3/16/2016,0:15:44,0,9.5838,4.887
3/16/2016,0:30:44,0,9.5824,4.792
3/16/2016,0:45:44,0,9.582,4.576
3/16/2016,1:00:44,0,9.5819,4.496
3/16/2016,1:15:44,0,9.5838,4.393
3/16/2016,1:30:44,0,9.584,4.354
3/16/2016,1:45:44,0,9.583,4.367
3/16/2016,2:00:44,0,9.5806,4.209
3/16/2016,2:15:44,0,9.5789,4.118
3/16/2016,2:30:44,0,9.5778,3.98
3/16/2016,2:45:44,0,9.5765,3.794
3/16/2016,3:00:44,0,9.575,3.754
3/16/2016,3:15:44,0,9.5738,3.536
3/16/2016,3:30:44,0,9.5742,3.47
3/16/2016,3:45:44,0,9.574,3.334
3/16/2016,4:00:44,0,9.5749,3.33
3/16/2016,4:15:44,0,9.5751,3.308
3/16/2016,4:30:44,0,9.5746,3.269
3/16/2016,4:45:44,0,9.5731,2.963
3/16/2016,5:00:44,0,9.5739,2.9
3/16/2016,5:15:44,0,9.5743,2.748
3/16/2016,5:30:44,0,9.5758,2.628
3/16/2016,5:45:44,0,9.5773,2.839
3/16/2016,6:00:44,0,9.5766,2.813
3/16/2016,6:15:44,0,9.5772,2.507
3/16/2016,6:30:44,0,9.578,2.533
3/16/2016,6:45:44,0,9.5784,2.223
3/16/2016,7:00:44,0,9.578,2.337
3/16/2016,7:15:44,0,9.5748,2.457
3/16/2016,7:30:44,0,9.5739,4.866
3/16/2016,7:45:44,0,9.5742,6.038
3/16/2016,8:00:44,0,9.5743,7.326
3/16/2016,8:15:44,0,9.5748,7.692
3/16/2016,8:30:44,0,9.5731,8.708
3/16/2016,8:45:44,0,9.575,9.103
3/16/2016,9:00:44,0,9.5738,10.993
3/16/2016,9:15:44,0,9.5727,9.78
3/16/2016,9:30:44,0,9.5697,11.296
3/16/2016,9:45:44,0,9.5688,11.512
3/16/2016,10:00:44,0,9.5655,10.803
3/16/2016,10:15:44,0,9.5635,13.39
3/16/2016,10:30:44,0,9.5623,12.423
3/16/2016,10:45:44,0,9.5595,11.72
3/16/2016,11:00:44,0,9.5577,12.286
3/16/2016,11:15:44,0,9.5548,12.514
3/16/2016,11:30:44,0,9.5533,12.365
3/16/2016,11:45:44,0,9.5511,12.617
3/16/2016,12:00:44,0,9.5491,13.082
3/16/2016,12:15:44,0,9.5476,13.312
3/16/2016,12:30:44,0,9.5452,13.739
3/16/2016,12:45:44,0,9.5443,14.179
3/16/2016,13:00:44,0,9.5423,14.557
3/16/2016,13:15:44,0,9.5402,14.942
3/16/2016,13:30:44,0,9.5383,15.141
3/16/2016,13:45:44,0,9.5365,15.433
3/16/2016,14:00:44,0,9.5346,16.513
3/16/2016,14:15:44,0,9.5337,19.964
3/16/2016,14:30:44,0,9.5349,22.017
3/16/2016,14:45:44,0,9.5364,20.116
3/16/2016,15:00:44,0,9.5338,18.219
3/16/2016,15:15:44,0,9.5328,17.324
3/16/2016,15:30:44,0,9.5316,16.49
3/16/2016,15:45:44,0,9.5306,15.915
3/16/2016,16:00:44,0,9.5312,15.368
3/16/2016,16:15:44,0,9.5309,15.123
3/16/2016,16:30:44,0,9.5301,14.68
3/16/2016,16:45:44,0,9.5303,14.307
3/16/2016,17:00:44,0,9.53,13.958
3/16/2016,17:15:44,0,9.5296,13.57
3/16/2016,17:30:44,0,9.5309,13.212
3/16/2016,17:45:44,0,9.5323,12.676
3/16/2016,18:00:44,0,9.5336,12.331
3/16/2016,18:15:44,0,9.5343,11.681
3/16/2016,18:30:44,0,9.5358,11.315
3/16/2016,18:45:44,0,9.536,11.02
3/16/2016,19:00:44,0,9.5376,10.77
3/16/2016,19:15:44,0,9.5396,10.54
3/16/2016,19:30:44,0,9.5415,10.303
3/16/2016,19:45:44,0,9.5428,9.971
3/16/2016,20:00:44,0,9.5426,9.968
3/16/2016,20:15:44,0,9.5428,9.703
3/16/2016,20:30:44,0,9.5438,9.545
3/16/2016,20:45:44,0,9.5458,9.528
3/16/2016,21:00:44,0,9.546,9.423
3/16/2016,21:15:44,0,9.5468,9.2
3/16/2016,21:30:44,0,9.5467,9.059
3/16/2016,21:45:44,0,9.5467,8.848
3/16/2016,22:00:44,0,9.5469,8.776
3/16/2016,22:15:44,0,9.5466,8.682
3/16/2016,22:30:44,0,9.5452,8.584
3/16/2016,22:45:44,0,9.5465,8.408
3/16/2016,23:00:44,0,9.5456,8.253
3/16/2016,23:15:44,0,9.545,8.044
3/16/2016,23:30:44,0,9.5434,7.999
3/16/2016,23:45:44,0,9.5433,7.951
3/17/2016,0:00:44,0,9.5435,7.829
3/17/2016,0:15:44,0,9.5428,7.915
3/17/2016,0:30:44,0,9.5426,7.74
3/17/2016,0:45:44,0,9.542,7.636
3/17/2016,1:00:44,0,9.542,7.499
3/17/2016,1:15:44,0,9.5411,7.321
3/17/2016,1:30:44,0,9.5407,7.231
3/17/2016,1:45:44,0,9.5409,7.041
3/17/2016,2:00:44,0,9.5394,6.893
3/17/2016,2:15:44,0,9.5379,6.773
3/17/2016,2:30:44,0,9.5359,6.732
3/17/2016,2:45:44,0,9.5338,6.789
3/17/2016,3:00:44,0,9.533,6.637
3/17/2016,3:15:44,0,9.5334,6.513
3/17/2016,3:30:44,0,9.5341,6.482
3/17/2016,3:45:44,0,9.5334,6.398
3/17/2016,4:00:44,0,9.5331,5.959
3/17/2016,4:15:44,0,9.5329,5.87
3/17/2016,4:30:44,0,9.5331,5.901
3/17/2016,4:45:44,0,9.5329,5.749
3/17/2016,5:00:44,0,9.5323,5.525
3/17/2016,5:15:44,0,9.5314,5.357
3/17/2016,5:30:44,0,9.5312,5.298
3/17/2016,5:45:44,0,9.5322,5.082
3/17/2016,6:00:44,0,9.534,5.078
3/17/2016,6:15:44,0,9.5354,4.954
3/17/2016,6:30:44,0,9.5358,4.822
3/17/2016,6:45:44,0,9.537,4.784
3/17/2016,7:00:44,0,9.5368,4.522
3/17/2016,7:15:44,0,9.5338,5.789
3/17/2016,7:30:44,0,9.5365,8.824
3/17/2016,7:45:44,0,9.5378,9.619
3/17/2016,8:00:44,0,9.5367,11.502
3/17/2016,8:15:44,0,9.5388,11.63
3/17/2016,8:30:44,0,9.5364,12.692
3/17/2016,8:45:44,0,9.5373,14.447
3/17/2016,9:00:44,0,9.536,15.496
3/17/2016,9:15:44,0,9.5342,13.249
3/17/2016,9:30:44,0,9.5306,14.564
3/17/2016,9:45:44,0,9.5299,14.28
3/17/2016,10:00:44,0,9.5278,13.138
3/17/2016,10:15:44,0,9.5237,15.848
3/17/2016,10:30:44,0,9.5247,14.343
3/17/2016,10:45:44,0,9.5223,14.223
3/17/2016,11:00:44,0,9.5212,15.029
3/17/2016,11:15:44,0,9.5182,14.978
3/17/2016,11:30:44,0,9.5156,14.966
3/17/2016,11:45:44,0,9.5136,15.109
3/17/2016,12:00:44,0,9.5124,15.64
3/17/2016,12:15:44,0,9.511,15.838
3/17/2016,12:30:44,0,9.5094,16.072
3/17/2016,12:45:44,0,9.508,16.608
3/17/2016,13:00:44,0,9.5055,17.086
3/17/2016,13:15:44,0,9.505,17.27
3/17/2016,13:30:44,0,9.5038,17.275
3/17/2016,13:45:44,0,9.5029,18.393
3/17/2016,14:00:44,0,9.5045,20.443
3/17/2016,14:15:44,0,9.5044,22.905
3/17/2016,14:30:44,0,9.5073,25.814
3/17/2016,14:45:44,0,9.5091,24.117
3/17/2016,15:00:44,0,9.5059,22.298
3/17/2016,15:15:44,0,9.5044,20.692
3/17/2016,15:30:44,0,9.5028,19.947
3/17/2016,15:45:44,0,9.503,19.019
3/17/2016,16:00:44,0,9.5027,18.365
3/17/2016,16:15:44,0,9.5014,17.917
3/17/2016,16:30:44,0,9.5032,17.406
3/17/2016,16:45:44,0,9.5047,16.377
3/17/2016,17:00:44,0,9.5047,15.712
3/17/2016,17:15:44,0,9.505,15.189
3/17/2016,17:30:44,0,9.5057,14.821
3/17/2016,17:45:44,0,9.5071,14.192
3/17/2016,18:00:44,0,9.508,13.674
3/17/2016,18:15:44,0,9.5098,13.108
3/17/2016,18:30:44,0,9.5108,12.59
3/17/2016,18:45:44,0,9.5116,12.264
3/17/2016,19:00:44,0,9.5133,11.962
3/17/2016,19:15:44,0,9.5155,11.754
3/17/2016,19:30:44,0,9.5179,11.654
3/17/2016,19:45:44,0,9.518,11.116
3/17/2016,20:00:44,0,9.52,11.178
3/17/2016,20:15:44,0,9.5198,10.833
3/17/2016,20:30:44,0,9.5216,10.682
3/17/2016,20:45:44,0,9.5214,10.433
3/17/2016,21:00:44,0,9.5199,10.19
3/17/2016,21:15:44,0,9.5199,10.768
3/17/2016,21:30:44,0,9.5201,10.825
3/17/2016,21:45:44,0,9.5201,10.723
3/17/2016,22:00:44,0,9.5229,10.708
3/17/2016,22:15:44,0,9.5235,10.399
3/17/2016,22:30:44,0,9.5231,10.885
3/17/2016,22:45:44,0,9.5241,11.696
3/17/2016,23:00:44,0,9.5242,11.806
3/17/2016,23:15:44,0,9.5245,11.571
3/17/2016,23:30:44,0,9.5236,11.345
3/17/2016,23:45:44,0,9.5213,10.977
3/18/2016,0:00:44,0,9.5201,11.051
3/18/2016,0:15:44,0,9.522,10.996
3/18/2016,0:30:44,0,9.5208,10.902
3/18/2016,0:45:44,0,9.522,10.707
3/18/2016,1:00:44,0,9.5237,10.247
3/18/2016,1:15:44,0,9.5245,9.7
3/18/2016,1:30:44,0,9.5237,9.317
3/18/2016,1:45:44,0,9.5265,9.122
3/18/2016,2:00:44,0,9.5253,8.857
3/18/2016,2:15:44,0,9.524,8.473
3/18/2016,2:30:44,0,9.5216,9.262
3/18/2016,2:45:44,0,9.5212,9.608
3/18/2016,3:00:44,0,9.5212,9.248
3/18/2016,3:15:44,0,9.5206,9.296
3/18/2016,3:30:44,0,9.5211,9.29
3/18/2016,3:45:44,0,9.5204,9.12
3/18/2016,4:00:44,0,9.5218,9.211
3/18/2016,4:15:44,0,9.52,9.354
3/18/2016,4:30:44,0,9.5216,9.001
3/18/2016,4:45:44,0,9.5233,8.227
3/18/2016,5:00:44,0,9.5265,7.859
3/18/2016,5:15:44,0,9.5246,7.564
3/18/2016,5:30:44,0,9.5235,7.153
3/18/2016,5:45:44,0,9.5239,7.521
3/18/2016,6:00:44,0,9.5272,7.345
3/18/2016,6:15:44,0,9.5282,7.125
3/18/2016,6:30:44,0,9.5262,7.614
3/18/2016,6:45:44,0,9.5274,7.958
3/18/2016,7:00:44,0,9.5281,8.419
3/18/2016,7:15:44,0,9.5261,9.523
3/18/2016,7:30:44,0,9.5285,10.608
3/18/2016,7:45:44,0,9.5297,10.981
3/18/2016,8:00:44,0,9.5302,11.511
3/18/2016,8:15:44,0,9.5296,11.028
3/18/2016,8:30:44,0,9.5313,12.157
3/18/2016,8:45:44,0,9.5325,14.372
3/18/2016,9:00:44,0,9.5339,15.044
3/18/2016,9:15:44,0,9.534,13.96
3/18/2016,9:30:44,0,9.5334,15.463
3/18/2016,9:45:44,0,9.5331,15.268
3/18/2016,10:00:44,0,9.5322,14.542
3/18/2016,10:15:44,0,9.5303,16.028
3/18/2016,10:30:44,0,9.5306,15.287
3/18/2016,10:45:44,0,9.5292,15.241
3/18/2016,11:00:44,0,9.5298,16.183
3/18/2016,11:15:44,0,9.5277,15.74
3/18/2016,11:30:44,0,9.5266,16.182
3/18/2016,11:45:44,0,9.5252,17.102
3/18/2016,12:00:44,0,9.5242,18.063
3/18/2016,12:15:44,0,9.5242,18.597
3/18/2016,12:30:44,0,9.523,19.036
3/18/2016,12:45:44,0,9.522,19.382
3/18/2016,13:00:44,0,9.5218,19.851
3/18/2016,13:15:44,0,9.5221,20.184
3/18/2016,13:30:44,0,9.5203,20.449
3/18/2016,13:45:44,0,9.5184,21.008
3/18/2016,14:00:44,0,9.518,21.846
3/18/2016,14:15:44,0,9.5193,24.356
3/18/2016,14:30:44,0,9.5193,26.798
3/18/2016,14:45:44,0,9.5193,24.976
3/18/2016,15:00:44,0,9.5165,22.576
3/18/2016,15:15:44,0,9.5144,21.454
3/18/2016,15:30:44,0,9.5141,20.704
3/18/2016,15:45:44,0,9.5141,20.13
3/18/2016,16:00:44,0,9.5142,19.827
3/18/2016,16:15:44,0,9.5141,19.393
3/18/2016,16:30:44,0,9.5139,19.06
3/18/2016,16:45:44,0,9.5143,18.661
3/18/2016,17:00:44,0,9.5154,18.141
3/18/2016,17:15:44,0,9.5167,17.569
3/18/2016,17:30:44,0,9.5167,17.063
3/18/2016,17:45:44,0,9.5179,16.294
3/18/2016,18:00:44,0,9.5178,15.25
3/18/2016,18:15:44,0,9.5196,14.638
3/18/2016,18:30:44,0,9.5206,14.335
3/18/2016,18:45:44,0,9.5227,13.893
3/18/2016,19:00:44,0,9.5243,13.187
3/18/2016,19:15:44,0,9.527,12.843
3/18/2016,19:30:44,0,9.529,12.582
3/18/2016,19:45:44,0,9.5307,12.074
3/18/2016,20:00:44,0,9.5328,11.81
3/18/2016,20:15:44,0,9.5343,11.629
3/18/2016,20:30:44,0,9.5366,11.512
3/18/2016,20:45:44,0,9.5378,11.327
3/18/2016,21:00:44,0,9.5385,10.855
3/18/2016,21:15:44,0,9.5395,10.707
3/18/2016,21:30:44,0,9.5394,10.756
3/18/2016,21:45:44,0,9.5392,10.452
3/18/2016,22:00:44,0,9.5394,10.448
3/18/2016,22:15:44,0,9.5397,10.262
3/18/2016,22:30:44,0,9.5408,10.041
3/18/2016,22:45:44,0,9.5406,9.655
3/18/2016,23:00:44,0,9.5395,9.768
3/18/2016,23:15:44,0,9.5399,9.658
3/18/2016,23:30:44,0,9.5403,9.569
3/18/2016,23:45:44,0,9.5407,9.449
3/19/2016,0:00:44,0,9.5393,9.368
3/19/2016,0:15:44,0,9.5416,9.437
3/19/2016,0:30:44,0,9.5411,9.344
3/19/2016,0:45:44,0,9.542,9.254
3/19/2016,1:00:44,0,9.5421,9.234
3/19/2016,1:15:44,0,9.5423,9.088
3/19/2016,1:30:44,0,9.5418,9.193
3/19/2016,1:45:44,0,9.5395,9.647
3/19/2016,2:00:44,0,9.5409,9.48
3/19/2016,2:15:44,0,9.5409,9.328
3/19/2016,2:30:44,0,9.5402,9.005
3/19/2016,2:45:44,0,9.5401,9.136
3/19/2016,3:00:44,0,9.5402,9.345
3/19/2016,3:15:44,0,9.5411,9.013
3/19/2016,3:30:44,0,9.5415,9.085
3/19/2016,3:45:44,0,9.5412,8.875
3/19/2016,4:00:44,0,9.5422,8.86
3/19/2016,4:15:44,0,9.5441,8.614
3/19/2016,4:30:44,0,9.5454,8.663
3/19/2016,4:45:44,0,9.5442,8.704
3/19/2016,5:00:44,0,9.5449,8.611
3/19/2016,5:15:44,0,9.5466,8.448
3/19/2016,5:30:44,0,9.5462,8.47
3/19/2016,5:45:44,0,9.5465,8.266
3/19/2016,6:00:44,0,9.547,8.418
3/19/2016,6:15:44,0,9.5482,8.408
3/19/2016,6:30:44,0,9.5483,8.384
3/19/2016,6:45:44,0,9.5491,8.412
3/19/2016,7:00:44,0,9.5497,8.598
3/19/2016,7:15:44,0,9.5494,8.905
3/19/2016,7:30:44,0,9.5497,9.095
3/19/2016,7:45:44,0,9.5489,9.597
3/19/2016,8:00:44,0,9.5491,9.717
3/19/2016,8:15:44,0,9.5491,10.07
3/19/2016,8:30:44,0,9.5508,10.352
3/19/2016,8:45:44,0,9.5503,10.414
3/19/2016,9:00:44,0,9.5499,11.359
3/19/2016,9:15:44,0,9.5491,11.455
3/19/2016,9:30:44,0,9.5484,12.159
3/19/2016,9:45:44,0,9.5483,12.556
3/19/2016,10:00:44,0,9.5469,12.912
3/19/2016,10:15:44,0,9.5432,14.423
3/19/2016,10:30:44,0,9.5433,14.668
3/19/2016,10:45:44,0,9.5413,14.813
3/19/2016,11:00:44,0,9.5387,15.61
3/19/2016,11:15:44,0,9.5365,15.373
3/19/2016,11:30:44,0,9.5352,15.703
3/19/2016,11:45:44,0,9.5333,16.479
3/19/2016,12:00:44,0,9.532,17.309
3/19/2016,12:15:44,0,9.5321,17.228
3/19/2016,12:30:44,0,9.5323,17.817
3/19/2016,12:45:44,0,9.5319,18.322
3/19/2016,13:00:44,0,9.5302,19.175
3/19/2016,13:15:44,0,9.5298,19.373
3/19/2016,13:30:44,0,9.5295,19.75
3/19/2016,13:45:44,0,9.5285,20.401
3/19/2016,14:00:44,0,9.5296,20.952
3/19/2016,14:15:44,0,9.5308,22.796
3/19/2016,14:30:44,0,9.531,25.256
3/19/2016,14:45:44,0,9.5312,24.332
3/19/2016,15:00:44,0,9.5307,21.814
3/19/2016,15:15:44,0,9.5288,20.496
3/19/2016,15:30:44,0,9.5275,19.815
3/19/2016,15:45:44,0,9.5258,19.276
3/19/2016,16:00:44,0,9.525,18.891
3/19/2016,16:15:44,0,9.5237,18.682
3/19/2016,16:30:44,0,9.5245,18.497
3/19/2016,16:45:44,0,9.5248,18.018
3/19/2016,17:00:44,0,9.5246,17.492
3/19/2016,17:15:44,0,9.5241,16.996
3/19/2016,17:30:44,0,9.5255,16.508
3/19/2016,17:45:44,0,9.5253,16.069
3/19/2016,18:00:44,0,9.5267,15.565
3/19/2016,18:15:44,0,9.5282,14.691
3/19/2016,18:30:44,0,9.5276,13.954
3/19/2016,18:45:44,0,9.5281,13.646
3/19/2016,19:00:44,0,9.529,13.481
3/19/2016,19:15:44,0,9.5303,12.935
3/19/2016,19:30:44,0,9.531,12.493
3/19/2016,19:45:44,0,9.5331,12.032
3/19/2016,20:00:44,0,9.5345,11.851
3/19/2016,20:15:44,0,9.5362,11.643
3/19/2016,20:30:44,0,9.5375,11.413
3/19/2016,20:45:44,0,9.5389,10.943
3/19/2016,21:00:44,0,9.5391,10.72
3/19/2016,21:15:44,0,9.5399,10.652
3/19/2016,21:30:44,0,9.5407,10.368
3/19/2016,21:45:44,0,9.5405,10.144
3/19/2016,22:00:44,0,9.541,9.83
3/19/2016,22:15:44,0,9.5409,9.966
3/19/2016,22:30:44,0,9.5403,9.756
3/19/2016,22:45:44,0,9.5396,9.604
3/19/2016,23:00:44,0,9.5393,9.414
3/19/2016,23:15:44,0,9.5396,9.419
3/19/2016,23:30:44,0,9.5413,9.282
3/19/2016,23:45:44,0,9.5421,9.038
3/20/2016,0:00:44,0,9.5424,8.835
3/20/2016,0:15:44,0,9.5431,8.952
3/20/2016,0:30:44,0,9.5444,8.996
3/20/2016,0:45:44,0,9.5444,8.934
3/20/2016,1:00:44,0,9.546,8.788
3/20/2016,1:15:44,0,9.5467,8.709
3/20/2016,1:30:44,0,9.5456,8.779
3/20/2016,1:45:44,0,9.5442,8.605
3/20/2016,2:00:44,0,9.5452,8.751
3/20/2016,2:15:44,0,9.5445,8.633
3/20/2016,2:30:44,0,9.5425,8.635
3/20/2016,2:45:44,0,9.5436,8.744
3/20/2016,3:00:44,0,9.5425,8.798
3/20/2016,3:15:44,0,9.5427,8.674
3/20/2016,3:30:44,0,9.5422,8.675
3/20/2016,3:45:44,0,9.5411,8.585
3/20/2016,4:00:44,0,9.542,8.5
3/20/2016,4:15:44,0,9.5421,8.27
3/20/2016,4:30:44,0,9.5439,8.441
3/20/2016,4:45:44,0,9.5461,8.291
3/20/2016,5:00:44,0,9.5482,8.025
3/20/2016,5:15:44,0,9.5472,7.834
3/20/2016,5:30:44,0,9.5471,7.99
3/20/2016,5:45:44,0,9.5473,8.058
3/20/2016,6:00:44,0,9.5484,8.222
3/20/2016,6:15:44,0,9.5485,8.116
3/20/2016,6:30:44,0,9.547,7.974
3/20/2016,6:45:44,0,9.5454,8.163
3/20/2016,7:00:44,0,9.5471,8.312
3/20/2016,7:15:44,0,9.5463,8.259
3/20/2016,7:30:44,0,9.5458,8.326
3/20/2016,7:45:44,0,9.5453,8.484
3/20/2016,8:00:44,0,9.5451,8.731
3/20/2016,8:15:44,0,9.5475,8.919
3/20/2016,8:30:44,0,9.5469,9.302
3/20/2016,8:45:44,0,9.5455,9.984
3/20/2016,9:00:44,0,9.5489,10.066
3/20/2016,9:15:44,0,9.5479,9.892
3/20/2016,9:30:44,0,9.5478,9.686
3/20/2016,9:45:44,0,9.5479,9.888
3/20/2016,10:00:44,0,9.5493,10.075
3/20/2016,10:15:44,0,9.5475,10.378
3/20/2016,10:30:44,0,9.5489,10.679
3/20/2016,10:45:44,0,9.5432,10.73
3/20/2016,11:00:44,0,9.5458,10.996
3/20/2016,11:15:44,0,9.5436,10.967
3/20/2016,11:30:44,0,9.543,11.256
3/20/2016,11:45:44,0,9.5412,11.726
3/20/2016,12:00:44,0,9.5391,11.9
3/20/2016,12:15:44,0,9.5379,12.113
3/20/2016,12:30:44,0,9.5363,11.918
3/20/2016,12:45:44,0,9.5378,11.728
3/20/2016,13:00:44,0,9.5372,11.68
3/20/2016,13:15:44,0,9.538,11.611
3/20/2016,13:30:44,0,9.5359,11.534
3/20/2016,13:45:44,0,9.5416,11.456
3/20/2016,14:00:44,0,9.5412,11.369
3/20/2016,14:15:44,0,9.5431,11.355
3/20/2016,14:30:44,0,9.5418,11.325
3/20/2016,14:45:44,0,9.5419,11.173
3/20/2016,15:00:44,0,9.5434,10.983
3/20/2016,15:15:44,0,9.5425,10.749
3/20/2016,15:30:44,0,9.5422,10.806
3/20/2016,15:45:44,0,9.5416,10.685
3/20/2016,16:00:44,0,9.5395,10.789
3/20/2016,16:15:44,0,9.5367,10.752
3/20/2016,16:30:44,0,9.5351,10.789
3/20/2016,16:45:44,0,9.5342,10.727
3/20/2016,17:00:44,0,9.5317,10.763
3/20/2016,17:15:44,0,9.5317,10.768
3/20/2016,17:30:44,0,9.5325,10.77
3/20/2016,17:45:44,0,9.5322,10.775
3/20/2016,18:00:44,0,9.5297,10.727
3/20/2016,18:15:44,0,9.5286,10.707
3/20/2016,18:30:44,0,9.5308,10.663
3/20/2016,18:45:44,0,9.5305,10.647
3/20/2016,19:00:44,0,9.5312,10.614
3/20/2016,19:15:44,0,9.5324,10.626
3/20/2016,19:30:44,0,9.5334,10.603
3/20/2016,19:45:44,0,9.5328,10.583
3/20/2016,20:00:44,0,9.5347,10.579
3/20/2016,20:15:44,0,9.5359,10.56
3/20/2016,20:30:44,0,9.5352,10.528
3/20/2016,20:45:44,0,9.5348,10.493
3/20/2016,21:00:44,0,9.5359,10.468
3/20/2016,21:15:44,0,9.5357,10.396
3/20/2016,21:30:44,0,9.5364,10.284
3/20/2016,21:45:44,0,9.5397,10.265
3/20/2016,22:00:44,0,9.5408,10.114
3/20/2016,22:15:44,0,9.5434,9.955
3/20/2016,22:30:44,0,9.5477,9.952
3/20/2016,22:45:44,0,9.5472,9.858
3/20/2016,23:00:44,0,9.5496,9.666
3/20/2016,23:15:44,0,9.5501,9.127
3/20/2016,23:30:44,0,9.5499,8.731
3/20/2016,23:45:44,0,9.5482,8.716
3/21/2016,0:00:44,0,9.5499,8.34
3/21/2016,0:15:44,0,9.5509,8.189
3/21/2016,0:30:44,0,9.5518,7.95
3/21/2016,0:45:44,0,9.5524,7.817
3/21/2016,1:00:44,0,9.55,7.672
3/21/2016,1:15:44,0,9.5507,7.721
3/21/2016,1:30:44,0,9.5506,7.871
3/21/2016,1:45:44,0,9.55,7.666
3/21/2016,2:00:44,0,9.5523,7.49
3/21/2016,2:15:44,0,9.5508,7.304
3/21/2016,2:30:44,0,9.5489,7.009
3/21/2016,2:45:44,0,9.5477,6.859
3/21/2016,3:00:44,0,9.5468,6.761
3/21/2016,3:15:44,0,9.5469,6.794
3/21/2016,3:30:44,0,9.5457,6.72
3/21/2016,3:45:44,0,9.5473,6.718
3/21/2016,4:00:44,0,9.5484,6.659
3/21/2016,4:15:44,0,9.5454,6.518
3/21/2016,4:30:44,0,9.5454,6.526
3/21/2016,4:45:44,0,9.5451,6.558
3/21/2016,5:00:44,0,9.5456,6.505
3/21/2016,5:15:44,0,9.5447,6.452
3/21/2016,5:30:44,0,9.5455,6.618
3/21/2016,5:45:44,0,9.5457,6.44
3/21/2016,6:00:44,0,9.545,6.487
3/21/2016,6:15:44,0,9.5449,6.45
3/21/2016,6:30:44,0,9.545,6.378
3/21/2016,6:45:44,0,9.5458,6.509
3/21/2016,7:00:44,0,9.5466,6.331
3/21/2016,7:15:44,0,9.5474,6.278
3/21/2016,7:30:44,0,9.5439,6.208
3/21/2016,7:45:44,0,9.5455,6.384
3/21/2016,8:00:44,0,9.5444,6.574
3/21/2016,8:15:44,0,9.5448,6.644
3/21/2016,8:30:44,0,9.5439,6.722
3/21/2016,8:45:44,0,9.5432,6.72
3/21/2016,9:00:44,0,9.5442,6.969
3/21/2016,9:15:44,0,9.5453,7.245
3/21/2016,9:30:44,0,9.5432,7.187
3/21/2016,9:45:44,0,9.5407,7.319
3/21/2016,10:00:44,0,9.541,7.611
3/21/2016,10:15:44,0,9.5408,7.567
3/21/2016,10:30:44,0,9.539,7.854
3/21/2016,10:45:44,0,9.5383,8.024
3/21/2016,11:00:44,0,9.5373,8.002
3/21/2016,11:15:44,0,9.534,7.829
3/21/2016,11:30:44,0,9.5319,7.744
3/21/2016,11:45:44,0,9.5318,7.731
3/21/2016,12:00:44,0,9.5306,7.641
3/21/2016,12:15:44,0,9.5291,7.54
3/21/2016,12:30:44,0,9.5266,7.529
3/21/2016,12:45:44,0,9.5233,7.605
3/21/2016,13:00:44,0,9.5214,7.534
3/21/2016,13:15:44,0,9.5197,7.536
3/21/2016,13:30:44,0,9.5141,7.384
3/21/2016,13:45:44,0,9.5136,7.371
3/21/2016,14:00:44,0,9.5124,7.38
3/21/2016,14:15:44,0,9.5136,7.213
3/21/2016,14:30:44,0,9.5119,7.326
3/21/2016,14:45:44,0,9.5111,7.369
3/21/2016,15:00:44,0,9.5098,7.428
3/21/2016,15:15:44,0,9.5085,7.526
3/21/2016,15:30:44,0,9.509,7.57
3/21/2016,15:45:44,0,9.5108,7.596
3/21/2016,16:00:44,0,9.514,7.236
3/21/2016,16:15:44,0,9.5191,7.075
3/21/2016,16:30:44,0,9.5185,7.094
3/21/2016,16:45:44,0,9.5178,6.91
3/21/2016,17:00:44,0,9.5188,6.797
3/21/2016,17:15:44,0,9.5197,6.542
3/21/2016,17:30:44,0,9.5168,6.029
3/21/2016,17:45:44,0,9.5176,6.125
3/21/2016,18:00:44,0,9.5183,6.12
3/21/2016,18:15:44,0,9.5161,5.891
3/21/2016,18:30:44,0,9.5161,5.972
3/21/2016,18:45:44,0,9.5155,6.074
3/21/2016,19:00:44,0,9.5175,5.987
3/21/2016,19:15:44,0,9.5191,6.046
3/21/2016,19:30:44,0,9.5224,6.051
3/21/2016,19:45:44,0,9.5246,6.266
3/21/2016,20:00:44,0,9.5269,6.318
3/21/2016,20:15:44,0,9.5279,6.224
3/21/2016,20:30:44,0,9.5294,6.222
3/21/2016,20:45:44,0,9.5327,6.134
3/21/2016,21:00:44,0,9.5307,6.111
3/21/2016,21:15:44,0,9.532,6.091
3/21/2016,21:30:44,0,9.5323,5.73
3/21/2016,21:45:44,0,9.5351,5.793
3/21/2016,22:00:44,0,9.5346,5.654
3/21/2016,22:15:44,0,9.5332,5.675
3/21/2016,22:30:44,0,9.5344,5.834
3/21/2016,22:45:44,0,9.5355,5.848
3/21/2016,23:00:44,0,9.5357,5.75
3/21/2016,23:15:44,0,9.5354,5.665
3/21/2016,23:30:44,0,9.5342,5.423
3/21/2016,23:45:44,0,9.5352,5.367
3/22/2016,0:00:44,0,9.5351,5.486
3/22/2016,0:15:44,0,9.5364,5.303
3/22/2016,0:30:44,0,9.5371,5.28
3/22/2016,0:45:44,0,9.5364,5.386
3/22/2016,1:00:44,0,9.5399,5.509
3/22/2016,1:15:44,0,9.5413,5.303
3/22/2016,1:30:44,0,9.5426,5.154
3/22/2016,1:45:44,0,9.543,4.819
3/22/2016,2:00:44,0,9.5429,4.608
3/22/2016,2:15:44,0,9.5437,4.601
3/22/2016,2:30:44,0,9.5446,4.755
3/22/2016,2:45:44,0,9.5441,4.914
3/22/2016,3:00:44,0,9.545,4.931
3/22/2016,3:15:44,0,9.5474,4.695
3/22/2016,3:30:44,0,9.5491,4.534
3/22/2016,3:45:44,0,9.5497,4.491
3/22/2016,4:00:44,0,9.5502,4.478
3/22/2016,4:15:44,0,9.5518,4.454
3/22/2016,4:30:44,0,9.554,4.414
3/22/2016,4:45:44,0,9.5561,4.385
3/22/2016,5:00:44,0,9.558,3.99
3/22/2016,5:15:44,0,9.5599,3.977
3/22/2016,5:30:44,0,9.561,4.035
3/22/2016,5:45:44,0,9.5644,3.771
3/22/2016,6:00:44,0,9.5658,3.78
3/22/2016,6:15:44,0,9.5669,3.825
3/22/2016,6:30:44,0,9.5698,3.893
3/22/2016,6:45:44,0,9.5694,3.702
3/22/2016,7:00:44,0,9.5703,4.176
3/22/2016,7:15:44,0,9.5717,4.438
3/22/2016,7:30:44,0,9.5734,4.704
3/22/2016,7:45:44,0,9.575,4.817
3/22/2016,8:00:44,0,9.5773,5.488
3/22/2016,8:15:44,0,9.5785,5.324
3/22/2016,8:30:44,0,9.5799,5.338
3/22/2016,8:45:44,0,9.58,6.125
3/22/2016,9:00:44,0,9.5828,6.361
3/22/2016,9:15:44,0,9.5858,6.41
3/22/2016,9:30:44,0,9.5869,5.795
3/22/2016,9:45:44,0,9.5876,6.259
3/22/2016,10:00:44,0,9.5891,6.217
3/22/2016,10:15:44,0,9.5892,6.058
3/22/2016,10:30:44,0,9.5893,6.835
3/22/2016,10:45:44,0,9.5894,7.136
3/22/2016,11:00:44,0,9.5905,6.986
3/22/2016,11:15:44,0,9.5939,6.042
3/22/2016,11:30:44,0,9.596,4.565
3/22/2016,11:45:44,0,9.5951,5.018
3/22/2016,12:00:44,0,9.5944,5.42
3/22/2016,12:15:44,0,9.5941,5.808
3/22/2016,12:30:44,0,9.5933,6.269
3/22/2016,12:45:44,0,9.5927,6.199
3/22/2016,13:00:44,0,9.5905,6.263
3/22/2016,13:15:44,0,9.589,6.571
3/22/2016,13:30:44,0,9.5869,6.378
3/22/2016,13:45:44,0,9.5845,7.223
3/22/2016,14:00:44,0,9.5866,6.557
3/22/2016,14:15:44,0,9.5909,5.463
3/22/2016,14:30:44,0,9.5904,5.09
3/22/2016,14:45:44,0,9.5897,5.293
3/22/2016,15:00:44,0,9.5889,5.809
3/22/2016,15:15:44,0,9.5878,6.327
3/22/2016,15:30:44,0,9.5869,6.598
3/22/2016,15:45:44,0,9.5862,6.771
3/22/2016,16:00:44,0,9.5854,6.926
3/22/2016,16:15:44,0,9.5848,7.128
3/22/2016,16:30:44,0,9.585,7.319
3/22/2016,16:45:44,0,9.5836,7.218
3/22/2016,17:00:44,0,9.5821,7.155
3/22/2016,17:15:44,0,9.5812,7.07
3/22/2016,17:30:44,0,9.5819,7.163
3/22/2016,17:45:44,0,9.5856,6.969
3/22/2016,18:00:44,0,9.5886,6.727
3/22/2016,18:15:44,0,9.5919,6.419
3/22/2016,18:30:44,0,9.5936,6.114
3/22/2016,18:45:44,0,9.5959,5.918
3/22/2016,19:00:44,0,9.5961,5.677
3/22/2016,19:15:44,0,9.5985,5.623
3/22/2016,19:30:44,0,9.5997,5.537
3/22/2016,19:45:44,0,9.6022,5.277
3/22/2016,20:00:44,0,9.606,5.233
3/22/2016,20:15:44,0,9.6073,5.199
3/22/2016,20:30:44,0,9.6086,4.942
3/22/2016,20:45:44,0,9.6087,4.693
3/22/2016,21:00:44,0,9.6074,4.727
3/22/2016,21:15:44,0,9.6083,4.397
3/22/2016,21:30:44,0,9.6089,4.108
3/22/2016,21:45:44,0,9.6092,4.26
3/22/2016,22:00:44,0,9.6098,3.957
3/22/2016,22:15:44,0,9.6091,3.969
3/22/2016,22:30:44,0,9.6079,4.06
3/22/2016,22:45:44,0,9.6104,3.801
3/22/2016,23:00:44,0,9.6123,3.811
3/22/2016,23:15:44,0,9.6138,3.835
3/22/2016,23:30:44,0,9.614,3.621
3/22/2016,23:45:44,0,9.6136,3.13
3/23/2016,0:00:44,0,9.6149,3.267
3/23/2016,0:15:44,0,9.6152,3.084
3/23/2016,0:30:44,0,9.6163,3.333
3/23/2016,0:45:44,0,9.6172,3.15
3/23/2016,1:00:44,0,9.6149,2.651
3/23/2016,1:15:44,0,9.6127,2.647
3/23/2016,1:30:44,0,9.6118,2.729
3/23/2016,1:45:44,0,9.6088,2.732
3/23/2016,2:00:44,0,9.6082,2.883
3/23/2016,2:15:44,0,9.6063,2.459
3/23/2016,2:30:44,0,9.6027,2.465
3/23/2016,2:45:44,0,9.6025,2.498
3/23/2016,3:00:44,0,9.6015,2.755
3/23/2016,3:15:44,0,9.6013,2.623
3/23/2016,3:30:44,0,9.6018,2.42
3/23/2016,3:45:44,0,9.6012,2.233
3/23/2016,4:00:44,0,9.6022,1.807
3/23/2016,4:15:44,0,9.6018,1.211
3/23/2016,4:30:44,0,9.6029,1.148
3/23/2016,4:45:44,0,9.6032,1.388
3/23/2016,5:00:44,0,9.6059,1.503
3/23/2016,5:15:44,0,9.6051,1.075
3/23/2016,5:30:44,0,9.6067,1.16
3/23/2016,5:45:44,0,9.6084,1.321
3/23/2016,6:00:44,0,9.6106,1.376
3/23/2016,6:15:44,0,9.6111,1.215
3/23/2016,6:30:44,0,9.6116,0.805
3/23/2016,6:45:44,0,9.6132,0.824
3/23/2016,7:00:44,0,9.6151,0.815
3/23/2016,7:15:44,0,9.6177,0.974
3/23/2016,7:30:44,0,9.6186,0.912
3/23/2016,7:45:44,0,9.6201,1.735
3/23/2016,8:00:44,0,9.6213,3.217
3/23/2016,8:15:44,0,9.624,4.993
3/23/2016,8:30:44,0,9.622,7.283
3/23/2016,8:45:44,0,9.624,8.186
3/23/2016,9:00:44,0,9.6224,8.089
3/23/2016,9:15:44,0,9.622,8.67
3/23/2016,9:30:44,0,9.6212,8.051
3/23/2016,9:45:44,0,9.6195,7.756
3/23/2016,10:00:44,0,9.6183,9.324
3/23/2016,10:15:44,0,9.6162,8.636
3/23/2016,10:30:44,0,9.6131,8.027
3/23/2016,10:45:44,0,9.6115,7.978
3/23/2016,11:00:44,0,9.6119,8.484
3/23/2016,11:15:44,0,9.6129,8.819
3/23/2016,11:30:44,0,9.6108,9.201
3/23/2016,11:45:44,0,9.6112,9.379
3/23/2016,12:00:44,0,9.61,9.749
3/23/2016,12:15:44,0,9.6084,10.002
3/23/2016,12:30:44,0,9.6063,10.071
3/23/2016,12:45:44,0,9.6046,10.262
3/23/2016,13:00:44,0,9.6044,10.452
3/23/2016,13:15:44,0,9.6043,10.485
3/23/2016,13:30:44,0,9.6065,10.601
3/23/2016,13:45:44,0,9.6047,10.637
3/23/2016,14:00:44,0,9.6049,10.524
3/23/2016,14:15:44,0,9.6036,10.918
3/23/2016,14:30:44,0,9.6045,11.753
3/23/2016,14:45:44,0,9.605,11.56
3/23/2016,15:00:44,0,9.6061,11.617
3/23/2016,15:15:44,0,9.6058,11.355
3/23/2016,15:30:44,0,9.6024,11.224
3/23/2016,15:45:44,0,9.6031,11.321
3/23/2016,16:00:44,0,9.6039,11.305
3/23/2016,16:15:44,0,9.6051,11.23
3/23/2016,16:30:44,0,9.6059,11.162
3/23/2016,16:45:44,0,9.6067,10.973
3/23/2016,17:00:44,0,9.6084,10.872
3/23/2016,17:15:44,0,9.6095,10.477
3/23/2016,17:30:44,0,9.6117,10.278
3/23/2016,17:45:44,0,9.6128,10.055
3/23/2016,18:00:44,0,9.613,9.801
3/23/2016,18:15:44,0,9.6144,9.703
3/23/2016,18:30:44,0,9.6169,9.413
3/23/2016,18:45:44,0,9.6173,9.125
3/23/2016,19:00:44,0,9.6185,8.942
3/23/2016,19:15:44,0,9.6165,8.615
3/23/2016,19:30:44,0,9.6169,8.503
3/23/2016,19:45:44,0,9.6185,8.434
3/23/2016,20:00:44,0,9.6191,8.409
3/23/2016,20:15:44,0,9.6186,8.28
3/23/2016,20:30:44,0,9.6187,8.136
3/23/2016,20:45:44,0,9.6196,7.989
3/23/2016,21:00:44,0,9.6194,7.812
3/23/2016,21:15:44,0,9.622,7.731
3/23/2016,21:30:44,0,9.6223,7.31
3/23/2016,21:45:44,0,9.6243,7.16
3/23/2016,22:00:44,0,9.6241,7.13
3/23/2016,22:15:44,0,9.6265,6.917
3/23/2016,22:30:44,0,9.6247,6.779
3/23/2016,22:45:44,0,9.6247,6.727
3/23/2016,23:00:44,0,9.6224,6.503
3/23/2016,23:15:44,0,9.6232,6.5
3/23/2016,23:30:44,0,9.6237,6.525
3/23/2016,23:45:44,0,9.6207,6.315
3/24/2016,0:00:44,0,9.62,6.196
3/24/2016,0:15:44,0,9.6212,6.151
3/24/2016,0:30:44,0,9.6204,5.848
3/24/2016,0:45:44,0,9.6199,5.837
3/24/2016,1:00:44,0,9.6221,5.705
3/24/2016,1:15:44,0,9.6247,5.608
3/24/2016,1:30:44,0,9.6258,5.249
3/24/2016,1:45:44,0,9.6237,5.153
3/24/2016,2:00:44,0,9.621,5.194
3/24/2016,2:15:44,0,9.6213,5.189
3/24/2016,2:30:44,0,9.6209,5.134
3/24/2016,2:45:44,0,9.6197,5.285
3/24/2016,3:00:44,0,9.6187,4.974
3/24/2016,3:15:44,0,9.6153,4.947
3/24/2016,3:30:44,0,9.6125,5.005
3/24/2016,3:45:44,0,9.6125,4.766
3/24/2016,4:00:44,0,9.6129,4.661
3/24/2016,4:15:44,0,9.6125,4.646
3/24/2016,4:30:44,0,9.6118,4.525
3/24/2016,4:45:44,0,9.6117,4.488
3/24/2016,5:00:44,0,9.6126,4.37
3/24/2016,5:15:44,0,9.6129,4.371
3/24/2016,5:30:44,0,9.6152,4.392
3/24/2016,5:45:44,0,9.6165,4.225
3/24/2016,6:00:44,0,9.614,4.167
3/24/2016,6:15:44,0,9.6174,3.861
3/24/2016,6:30:44,0,9.6164,3.716
3/24/2016,6:45:44,0,9.616,3.986
3/24/2016,7:00:44,0,9.6152,4.151
3/24/2016,7:15:44,0,9.6159,4.433
3/24/2016,7:30:44,0,9.6146,5.248
3/24/2016,7:45:44,0,9.6157,6.815
3/24/2016,8:00:44,0,9.6172,8.388
3/24/2016,8:15:44,0,9.6154,9.546
3/24/2016,8:30:44,0,9.6172,11.127
3/24/2016,8:45:44,0,9.6138,11.513
3/24/2016,9:00:44,0,9.615,10.989
3/24/2016,9:15:44,0,9.6143,11.213
3/24/2016,9:30:44,0,9.6117,11.213
3/24/2016,9:45:44,0,9.6104,10.911
3/24/2016,10:00:44,0,9.6088,12.16
3/24/2016,10:15:44,0,9.605,11.358
3/24/2016,10:30:44,0,9.6034,10.991
3/24/2016,10:45:44,0,9.6009,11.065
3/24/2016,11:00:44,0,9.5992,11.251
3/24/2016,11:15:44,0,9.598,11.669
3/24/2016,11:30:44,0,9.5969,12.014
3/24/2016,11:45:44,0,9.5961,12.487
3/24/2016,12:00:44,0,9.5958,12.395
3/24/2016,12:15:44,0,9.5932,12.634
3/24/2016,12:30:44,0,9.5928,12.8
3/24/2016,12:45:44,0,9.5887,13.552
3/24/2016,13:00:44,0,9.5874,13.213
3/24/2016,13:15:44,0,9.5821,13.724
3/24/2016,13:30:44,0,9.5814,13.853
3/24/2016,13:45:44,0,9.5809,13.703
3/24/2016,14:00:44,0,9.5802,14.585
3/24/2016,14:15:44,0,9.5792,14.875
3/24/2016,14:30:44,0,9.5788,16.321
3/24/2016,14:45:44,0,9.5779,15.6
3/24/2016,15:00:44,0,9.5751,15.597
3/24/2016,15:15:44,0,9.5751,14.891
3/24/2016,15:30:44,0,9.5713,14.701
3/24/2016,15:45:44,0,9.5707,14.275
3/24/2016,16:00:44,0,9.5685,14.11
3/24/2016,16:15:44,0,9.5679,13.988
3/24/2016,16:30:44,0,9.5659,13.757
3/24/2016,16:45:44,0,9.567,13.645
3/24/2016,17:00:44,0,9.5679,13.327
3/24/2016,17:15:44,0,9.5681,12.975
3/24/2016,17:30:44,0,9.5689,12.718
3/24/2016,17:45:44,0,9.5697,12.183
3/24/2016,18:00:44,0,9.5691,11.726
3/24/2016,18:15:44,0,9.5699,11.431
3/24/2016,18:30:44,0,9.5719,11.21
3/24/2016,18:45:44,0,9.5727,10.571
3/24/2016,19:00:44,0,9.5736,10.322
3/24/2016,19:15:44,0,9.5747,10.069
3/24/2016,19:30:44,0,9.5746,9.591
3/24/2016,19:45:44,0,9.5755,9.516
3/24/2016,20:00:44,0,9.5769,9.178
3/24/2016,20:15:44,0,9.5779,9.114
3/24/2016,20:30:44,0,9.5783,8.942
3/24/2016,20:45:44,0,9.5806,8.713
3/24/2016,21:00:44,0,9.5802,8.457
3/24/2016,21:15:44,0,9.5804,8.35
3/24/2016,21:30:44,0,9.5795,8.079
3/24/2016,21:45:44,0,9.5803,7.809
3/24/2016,22:00:44,0,9.5793,7.713
3/24/2016,22:15:44,0,9.5802,7.459
3/24/2016,22:30:44,0,9.579,7.214
3/24/2016,22:45:44,0,9.5793,7.155
3/24/2016,23:00:44,0,9.5784,7.202
3/24/2016,23:15:44,0,9.5795,7.14
3/24/2016,23:30:44,0,9.5802,7.075
3/24/2016,23:45:44,0,9.5805,6.872
3/25/2016,0:00:44,0,9.5796,6.711
3/25/2016,0:15:44,0,9.578,6.417
3/25/2016,0:30:44,0,9.5759,6.527
3/25/2016,0:45:44,0,9.5756,6.321
3/25/2016,1:00:44,0,9.5741,6.345
3/25/2016,1:15:44,0,9.5723,6.296
3/25/2016,1:30:44,0,9.5709,6.223
3/25/2016,1:45:44,0,9.5697,6.128
3/25/2016,2:00:44,0,9.5668,6.216
3/25/2016,2:15:44,0,9.5665,6.012
3/25/2016,2:30:44,0,9.5675,5.871
3/25/2016,2:45:44,0,9.5658,5.626
3/25/2016,3:00:44,0,9.5649,5.564
3/25/2016,3:15:44,0,9.5643,5.663
3/25/2016,3:30:44,0,9.5642,5.588
3/25/2016,3:45:44,0,9.5622,5.447
3/25/2016,4:00:44,0,9.5602,5.498
3/25/2016,4:15:44,0,9.5605,5.387
3/25/2016,4:30:44,0,9.5596,4.847
3/25/2016,4:45:44,0,9.5587,4.925
3/25/2016,5:00:44,0,9.5581,4.85
3/25/2016,5:15:44,0,9.5581,4.857
3/25/2016,5:30:44,0,9.5577,4.857
3/25/2016,5:45:44,0,9.5563,4.75
3/25/2016,6:00:44,0,9.5551,4.888
3/25/2016,6:15:44,0,9.5549,4.765
3/25/2016,6:30:44,0,9.5557,4.862
3/25/2016,6:45:44,0,9.5569,5.011
3/25/2016,7:00:44,0,9.5576,5.128
3/25/2016,7:15:44,0,9.5567,5.529
3/25/2016,7:30:44,0,9.5564,6.752
3/25/2016,7:45:44,0,9.5565,8.801
3/25/2016,8:00:44,0,9.5572,9.795
3/25/2016,8:15:44,0,9.5557,11.472
3/25/2016,8:30:44,0,9.5562,12.521
3/25/2016,8:45:44,0,9.5542,12.036
3/25/2016,9:00:44,0,9.5532,11.911
3/25/2016,9:15:44,0,9.5506,11.312
3/25/2016,9:30:44,0,9.5498,11.121
3/25/2016,9:45:44,0,9.5485,11.101
3/25/2016,10:00:44,0,9.5484,11.519
3/25/2016,10:15:44,0,9.5477,11.541
3/25/2016,10:30:44,0,9.5433,12.347
3/25/2016,10:45:44,0,9.5412,12.412
3/25/2016,11:00:44,0,9.5378,12.737
3/25/2016,11:15:44,0,9.5348,13.051
3/25/2016,11:30:44,0,9.5315,13.558
3/25/2016,11:45:44,0,9.5291,14.008
3/25/2016,12:00:44,0,9.5276,14.357
3/25/2016,12:15:44,0,9.5273,14.488
3/25/2016,12:30:44,0,9.5238,14.546
3/25/2016,12:45:44,0,9.5233,14.89
3/25/2016,13:00:44,0,9.5179,15.362
3/25/2016,13:15:44,0,9.5148,16.775
3/25/2016,13:30:44,0,9.5139,17.082
3/25/2016,13:45:44,0,9.5109,17.125
3/25/2016,14:00:44,0,9.5096,18.54
3/25/2016,14:15:44,0,9.5104,18.77
3/25/2016,14:30:44,0,9.511,20.732
3/25/2016,14:45:44,0,9.5102,19.456
3/25/2016,15:00:44,0,9.5092,19.291
3/25/2016,15:15:44,0,9.5085,18.44
3/25/2016,15:30:44,0,9.5072,17.937
3/25/2016,15:45:44,0,9.5083,17.487
3/25/2016,16:00:44,0,9.5083,16.952
3/25/2016,16:15:44,0,9.5089,16.714
3/25/2016,16:30:44,0,9.5087,16.397
3/25/2016,16:45:44,0,9.5081,15.968
3/25/2016,17:00:44,0,9.509,15.473
3/25/2016,17:15:44,0,9.5097,14.961
3/25/2016,17:30:44,0,9.5106,14.328
3/25/2016,17:45:44,0,9.511,13.661
3/25/2016,18:00:44,0,9.5118,13.236
3/25/2016,18:15:44,0,9.513,12.671
3/25/2016,18:30:44,0,9.5143,12.303
3/25/2016,18:45:44,0,9.5154,11.565
3/25/2016,19:00:44,0,9.5166,11.081
3/25/2016,19:15:44,0,9.5182,10.781
3/25/2016,19:30:44,0,9.5198,10.512
3/25/2016,19:45:44,0,9.5209,9.843
3/25/2016,20:00:44,0,9.5218,9.85
3/25/2016,20:15:44,0,9.5229,9.467
3/25/2016,20:30:44,0,9.5246,9.142
3/25/2016,20:45:44,0,9.525,8.858
3/25/2016,21:00:44,0,9.5259,8.604
3/25/2016,21:15:44,0,9.5263,8.268
3/25/2016,21:30:44,0,9.526,8.234
3/25/2016,21:45:44,0,9.526,7.91
3/25/2016,22:00:44,0,9.5268,7.816
3/25/2016,22:15:44,0,9.5278,7.313
3/25/2016,22:30:44,0,9.5278,7.265
3/25/2016,22:45:44,0,9.5276,6.916
3/25/2016,23:00:44,0,9.5268,6.757
3/25/2016,23:15:44,0,9.5275,6.596
3/25/2016,23:30:44,0,9.5275,6.69
3/25/2016,23:45:44,0,9.5265,6.548
3/26/2016,0:00:44,0,9.528,6.42
3/26/2016,0:15:44,0,9.5293,6.106
3/26/2016,0:30:44,0,9.5302,5.649
3/26/2016,0:45:44,0,9.5319,5.731
3/26/2016,1:00:44,0,9.5307,5.404
3/26/2016,1:15:44,0,9.5308,5.166
3/26/2016,1:30:44,0,9.5308,5.186
3/26/2016,1:45:44,0,9.5295,5.399
3/26/2016,2:00:44,0,9.5298,5.415
3/26/2016,2:15:44,0,9.5291,5.334
3/26/2016,2:30:44,0,9.5278,5.182
3/26/2016,2:45:44,0,9.5279,4.859
3/26/2016,3:00:44,0,9.5287,4.648
3/26/2016,3:15:44,0,9.5292,4.477
3/26/2016,3:30:44,0,9.5293,4.357
3/26/2016,3:45:44,0,9.529,4.364
3/26/2016,4:00:44,0,9.5282,4.285
3/26/2016,4:15:44,0,9.5266,4.202
3/26/2016,4:30:44,0,9.5247,3.916
3/26/2016,4:45:44,0,9.523,3.84
3/26/2016,5:00:44,0,9.5232,3.684
3/26/2016,5:15:44,0,9.5242,3.424
3/26/2016,5:30:44,0,9.5229,3.563
3/26/2016,5:45:44,0,9.5231,3.292
3/26/2016,6:00:44,0,9.5252,3.122
3/26/2016,6:15:44,0,9.5251,3.103
3/26/2016,6:30:44,0,9.5267,3.164
3/26/2016,6:45:44,0,9.5261,2.775
3/26/2016,7:00:44,0,9.5271,2.913
3/26/2016,7:15:44,0,9.5252,3.672
3/26/2016,7:30:44,0,9.5263,5.226
3/26/2016,7:45:44,0,9.5258,6.93
3/26/2016,8:00:44,0,9.5255,8.56
3/26/2016,8:15:44,0,9.5247,9.794
3/26/2016,8:30:44,0,9.5236,11.188
3/26/2016,8:45:44,0,9.5213,11.664
3/26/2016,9:00:44,0,9.5223,12.499
3/26/2016,9:15:44,0,9.5214,15.068
3/26/2016,9:30:44,0,9.5212,14.499
3/26/2016,9:45:44,0,9.5176,13.271
3/26/2016,10:00:44,0,9.5149,14.876
3/26/2016,10:15:44,0,9.5142,13.206
3/26/2016,10:30:44,0,9.5133,13.523
3/26/2016,10:45:44,0,9.511,13.371
3/26/2016,11:00:44,0,9.5084,13.726
3/26/2016,11:15:44,0,9.5079,14.244
3/26/2016,11:30:44,0,9.5072,14.599
3/26/2016,11:45:44,0,9.5064,15.396
3/26/2016,12:00:44,0,9.5065,16.252
3/26/2016,12:15:44,0,9.5057,17.119
3/26/2016,12:30:44,0,9.5067,17.472
3/26/2016,12:45:44,0,9.5054,18.094
3/26/2016,13:00:44,0,9.5066,18.353
3/26/2016,13:15:44,0,9.5052,18.7
3/26/2016,13:30:44,0,9.5059,19.083
3/26/2016,13:45:44,0,9.5061,19.263
3/26/2016,14:00:44,0,9.5044,19.601
3/26/2016,14:15:44,0,9.5032,20.46
3/26/2016,14:30:44,0,9.5062,22.594
3/26/2016,14:45:44,0,9.5048,21.118
3/26/2016,15:00:44,0,9.504,21.136
3/26/2016,15:15:44,0,9.5051,20.045
3/26/2016,15:30:44,0,9.5074,19.497
3/26/2016,15:45:44,0,9.508,18.868
3/26/2016,16:00:44,0,9.5061,18.652
3/26/2016,16:15:44,0,9.5064,18.159
3/26/2016,16:30:44,0,9.5074,17.611
3/26/2016,16:45:44,0,9.5071,16.486
3/26/2016,17:00:44,0,9.5079,16.026
3/26/2016,17:15:44,0,9.5099,15.865
3/26/2016,17:30:44,0,9.5124,15.645
3/26/2016,17:45:44,0,9.5145,15.088
3/26/2016,18:00:44,0,9.516,14.445
3/26/2016,18:15:44,0,9.5167,13.639
3/26/2016,18:30:44,0,9.5197,13.402
3/26/2016,18:45:44,0,9.522,12.703
3/26/2016,19:00:44,0,9.5232,12.545
3/26/2016,19:15:44,0,9.5239,12.124
3/26/2016,19:30:44,0,9.5256,11.897
3/26/2016,19:45:44,0,9.5284,11.723
3/26/2016,20:00:44,0,9.5307,11.638
3/26/2016,20:15:44,0,9.532,11.253
3/26/2016,20:30:44,0,9.5341,11.032
3/26/2016,20:45:44,0,9.5357,10.67
3/26/2016,21:00:44,0,9.537,10.272
3/26/2016,21:15:44,0,9.5371,10.076
3/26/2016,21:30:44,0,9.5375,10.07
3/26/2016,21:45:44,0,9.5376,9.974
3/26/2016,22:00:44,0,9.5374,9.84
3/26/2016,22:15:44,0,9.5374,9.551
3/26/2016,22:30:44,0,9.5373,9.287
3/26/2016,22:45:44,0,9.5387,9.43
3/26/2016,23:00:44,0,9.5388,9.3
3/26/2016,23:15:44,0,9.5376,9.223
3/26/2016,23:30:44,0,9.536,9.06
3/26/2016,23:45:44,0,9.5366,9.054
3/27/2016,0:00:44,0,9.5366,8.777
3/27/2016,0:15:44,0,9.5388,8.608
3/27/2016,0:30:44,0,9.5396,8.395
3/27/2016,0:45:44,0,9.5411,8.352
3/27/2016,1:00:44,0,9.5413,8.179
3/27/2016,1:15:44,0,9.5421,8.15
3/27/2016,1:30:44,0,9.5422,7.938
3/27/2016,1:45:44,0,9.5419,8.021
3/27/2016,2:00:44,0,9.5408,7.911
3/27/2016,2:15:44,0,9.5398,7.994
3/27/2016,2:30:44,0,9.5395,7.842
3/27/2016,2:45:44,0,9.538,7.629
3/27/2016,3:00:44,0,9.5369,7.59
3/27/2016,3:15:44,0,9.5376,7.568
3/27/2016,3:30:44,0,9.5372,7.629
3/27/2016,3:45:44,0,9.5372,7.444
3/27/2016,4:00:44,0,9.5358,7.163
3/27/2016,4:15:44,0,9.5369,7.265
3/27/2016,4:30:44,0,9.5389,7.251
3/27/2016,4:45:44,0,9.5389,7.01
3/27/2016,5:00:44,0,9.5387,7.184
3/27/2016,5:15:44,0,9.5397,6.889
3/27/2016,5:30:44,0,9.541,6.845
3/27/2016,5:45:44,0,9.5411,7.087
3/27/2016,6:00:44,0,9.5412,7.081
3/27/2016,6:15:44,0,9.5431,7.088
3/27/2016,6:30:44,0,9.5447,7.178
3/27/2016,6:45:44,0,9.5454,7.09
3/27/2016,7:00:44,0,9.5471,7.215
3/27/2016,7:15:44,0,9.5465,7.382
3/27/2016,7:30:44,0,9.5461,7.712
3/27/2016,7:45:44,0,9.5448,7.946
3/27/2016,8:00:44,0,9.5419,8.635
3/27/2016,8:15:44,0,9.5432,11.341
3/27/2016,8:30:44,0,9.5433,12.406
3/27/2016,8:45:44,0,9.545,13.283
3/27/2016,9:00:44,0,9.5431,12.102
3/27/2016,9:15:44,0,9.5447,13.283
3/27/2016,9:30:44,0,9.5444,12.581
3/27/2016,9:45:44,0,9.5451,12.335
3/27/2016,10:00:44,0,9.5431,12.512
3/27/2016,10:15:44,0,9.5429,13.28
3/27/2016,10:30:44,0,9.5424,13.422
3/27/2016,10:45:44,0,9.5403,14.045
3/27/2016,11:00:44,0,9.54,14.169
3/27/2016,11:15:44,0,9.5396,14.545
3/27/2016,11:30:44,0,9.5405,15.001
3/27/2016,11:45:44,0,9.5381,15.196
3/27/2016,12:00:44,0,9.5363,15.658
3/27/2016,12:15:44,0,9.5354,16.233
3/27/2016,12:30:44,0,9.5334,16.299
3/27/2016,12:45:44,0,9.5297,16.598
3/27/2016,13:00:44,0,9.5269,16.908
3/27/2016,13:15:44,0,9.5258,17.054
3/27/2016,13:30:44,0,9.5239,17
3/27/2016,13:45:44,0,9.5214,16.884
3/27/2016,14:00:44,0,9.5201,16.532
3/27/2016,14:15:44,0,9.5216,16.369
3/27/2016,14:30:44,0,9.5197,16.298
3/27/2016,14:45:44,0,9.5219,16.12
3/27/2016,15:00:44,0,9.5213,15.972
3/27/2016,15:15:44,0,9.5233,15.757
3/27/2016,15:30:44,0,9.5215,15.689
3/27/2016,15:45:44,0,9.5211,15.461
3/27/2016,16:00:44,0,9.5199,15.483
3/27/2016,16:15:44,0,9.5196,15.37
3/27/2016,16:30:44,0,9.5183,15.125
3/27/2016,16:45:44,0,9.5184,14.926
3/27/2016,17:00:44,0,9.5183,14.753
3/27/2016,17:15:44,0,9.5183,14.596
3/27/2016,17:30:44,0,9.519,14.292
3/27/2016,17:45:44,0,9.5176,14.116
3/27/2016,18:00:44,0,9.516,13.899
3/27/2016,18:15:44,0,9.5153,13.417
3/27/2016,18:30:44,0,9.5145,13.134
3/27/2016,18:45:44,0,9.514,12.739
3/27/2016,19:00:44,0,9.513,12.566
3/27/2016,19:15:44,0,9.5134,12.195
3/27/2016,19:30:44,0,9.5139,12.009
3/27/2016,19:45:44,0,9.5137,11.656
3/27/2016,20:00:44,0,9.5146,11.568
3/27/2016,20:15:44,0,9.5137,11.414
3/27/2016,20:30:44,0,9.5135,11.31
3/27/2016,20:45:44,0,9.5135,11.233
3/27/2016,21:00:44,0,9.5125,10.993
3/27/2016,21:15:44,0,9.5101,10.792
3/27/2016,21:30:44,0,9.509,10.891
3/27/2016,21:45:44,0,9.5075,10.697
3/27/2016,22:00:44,0,9.5049,10.513
3/27/2016,22:15:44,0,9.504,10.444
3/27/2016,22:30:44,0,9.5013,10.431
3/27/2016,22:45:44,0,9.4993,10.592
3/27/2016,23:00:44,0,9.4958,10.417
3/27/2016,23:15:44,0,9.496,10.132
3/27/2016,23:30:44,0,9.4929,10.061
3/27/2016,23:45:44,0,9.491,9.896
3/28/2016,0:00:44,0,9.4868,10.061
3/28/2016,0:15:44,0,9.4837,10.087
3/28/2016,0:30:44,0,9.4824,10.131
3/28/2016,0:45:44,0,9.4814,10.179
3/28/2016,1:00:44,0,9.4838,9.785
3/28/2016,1:15:44,0,9.4815,9.567
3/28/2016,1:30:44,0,9.4803,9.435
3/28/2016,1:45:44,0,9.4788,9.494
3/28/2016,2:00:44,0,9.4762,9.478
3/28/2016,2:15:44,0,9.4751,9.425
3/28/2016,2:30:44,0,9.4731,9.323
3/28/2016,2:45:44,0,9.4706,9.282
3/28/2016,3:00:44,0,9.4689,9.1
3/28/2016,3:15:44,0,9.4677,8.975
3/28/2016,3:30:44,0,9.4665,8.829
3/28/2016,3:45:44,0,9.4651,8.65
3/28/2016,4:00:44,0,9.4645,8.378
3/28/2016,4:15:44,0,9.4638,8.243
3/28/2016,4:30:44,0,9.4626,8.007
3/28/2016,4:45:44,0,9.4615,7.822
3/28/2016,5:00:44,0,9.4617,7.584
3/28/2016,5:15:44,0,9.462,7.461
3/28/2016,5:30:44,0,9.4621,7.245
3/28/2016,5:45:44,0,9.4617,6.976
3/28/2016,6:00:44,0,9.4599,6.756
3/28/2016,6:15:44,0,9.4611,6.793
3/28/2016,6:30:44,0,9.4613,6.641
3/28/2016,6:45:44,0,9.4591,6.546
3/28/2016,7:00:44,0,9.4598,6.77
3/28/2016,7:15:44,0,9.4591,6.742
3/28/2016,7:30:44,0,9.4585,6.987
3/28/2016,7:45:44,0,9.4593,6.665
3/28/2016,8:00:44,0,9.4615,6.365
3/28/2016,8:15:44,0,9.4613,6.001
3/28/2016,8:30:44,0,9.4626,5.616
3/28/2016,8:45:44,0,9.4652,5.909
3/28/2016,9:00:44,0,9.4693,5.703
3/28/2016,9:15:44,0,9.4728,4.568
3/28/2016,9:30:44,0,9.4719,4.433
3/28/2016,9:45:44,0,9.4715,4.005
3/28/2016,10:00:44,0,9.4729,4.306
3/28/2016,10:15:44,0,9.4735,4.608
3/28/2016,10:30:44,0,9.4735,4.138
3/28/2016,10:45:44,0,9.4731,4.358
3/28/2016,11:00:44,0,9.4735,4.693
3/28/2016,11:15:44,0,9.4734,5.086
3/28/2016,11:30:44,0,9.4736,5.153
3/28/2016,11:45:44,0,9.4725,5.478
3/28/2016,12:00:44,0,9.4723,5.922
3/28/2016,12:15:44,0,9.4721,6.133
3/28/2016,12:30:44,0,9.4719,6.217
3/28/2016,12:45:44,0,9.4709,6.755
3/28/2016,13:00:44,0,9.4709,7.121
3/28/2016,13:15:44,0,9.4715,7.4
3/28/2016,13:30:44,0,9.4707,7.124
3/28/2016,13:45:44,0,9.4716,6.878
3/28/2016,14:00:44,0,9.4746,6.508
3/28/2016,14:15:44,0,9.4726,6.077
3/28/2016,14:30:44,0,9.4725,5.541
3/28/2016,14:45:44,0,9.4719,5.913
3/28/2016,15:00:44,0,9.473,6.12
3/28/2016,15:15:44,0,9.4697,6.166
3/28/2016,15:30:44,0,9.4689,6.227
3/28/2016,15:45:44,0,9.4695,6.138
3/28/2016,16:00:44,0,9.4712,6.445
3/28/2016,16:15:44,0,9.4725,6.61
3/28/2016,16:30:44,0,9.4725,6.726
3/28/2016,16:45:44,0,9.4726,6.343
3/28/2016,17:00:44,0,9.4724,6.556
3/28/2016,17:15:44,0,9.4737,6.648
3/28/2016,17:30:44,0,9.4746,6.836
3/28/2016,17:45:44,0,9.4763,6.701
3/28/2016,18:00:44,0,9.4777,6.511
3/28/2016,18:15:44,0,9.4782,6.338
3/28/2016,18:30:44,0,9.4776,6.095
3/28/2016,18:45:44,0,9.4789,5.793
3/28/2016,19:00:44,0,9.4803,5.535
3/28/2016,19:15:44,0,9.481,5.455
3/28/2016,19:30:44,0,9.4822,5.156
3/28/2016,19:45:44,0,9.4818,5.172
3/28/2016,20:00:44,0,9.483,4.814
3/28/2016,20:15:44,0,9.4825,4.155
3/28/2016,20:30:44,0,9.4824,3.834
3/28/2016,20:45:44,0,9.4817,3.462
3/28/2016,21:00:44,0,9.4812,3.351
3/28/2016,21:15:44,0,9.4804,3.05
3/28/2016,21:30:44,0,9.4816,3.268
3/28/2016,21:45:44,0,9.4824,3.335
3/28/2016,22:00:44,0,9.4815,3.124
3/28/2016,22:15:44,0,9.4806,3.024
3/28/2016,22:30:44,0,9.4814,3.075
3/28/2016,22:45:44,0,9.4819,2.895
3/28/2016,23:00:44,0,9.4825,2.742
3/28/2016,23:15:44,0,9.4821,2.68
3/28/2016,23:30:44,0,9.4815,2.511
3/28/2016,23:45:44,0,9.4821,2.458
3/29/2016,0:00:44,0,9.4823,2.377
3/29/2016,0:15:44,0,9.4817,2.174
3/29/2016,0:30:44,0,9.4818,2.042
3/29/2016,0:45:44,0,9.4823,1.916
3/29/2016,1:00:44,0,9.4823,1.651
3/29/2016,1:15:44,0,9.4824,1.589
3/29/2016,1:30:44,0,9.483,1.519
3/29/2016,1:45:44,0,9.4825,1.299
3/29/2016,2:00:44,0,9.4831,1.486
3/29/2016,2:15:44,0,9.4845,1.441
3/29/2016,2:30:44,0,9.4852,1.245
3/29/2016,2:45:44,0,9.4836,1.181
3/29/2016,3:00:44,0,9.4751,0.622
3/29/2016,3:15:44,0,9.4789,0.656
3/29/2016,3:30:44,0,9.4781,0.901
3/29/2016,3:45:44,0,9.4767,0.796
3/29/2016,4:00:44,0,9.4758,0.9
3/29/2016,4:15:44,0,9.4764,0.998
3/29/2016,4:30:44,0,9.4756,0.853
3/29/2016,4:45:44,0,9.4762,0.785
3/29/2016,5:00:44,0,9.4765,0.779
3/29/2016,5:15:44,0,9.4764,0.73
3/29/2016,5:30:44,0,9.4753,0.683
3/29/2016,5:45:44,0,9.475,0.581
3/29/2016,6:00:44,0,9.4764,0.553
3/29/2016,6:15:44,0,9.4777,0.527
3/29/2016,6:30:44,0,9.478,0.446
3/29/2016,6:45:44,0,9.4784,0.437
3/29/2016,7:00:44,0,9.4787,0.555
3/29/2016,7:15:44,0,9.4769,1.956
3/29/2016,7:30:44,0,9.4791,3.457
3/29/2016,7:45:44,0,9.4804,4.946
3/29/2016,8:00:44,0,9.4799,6.207
3/29/2016,8:15:44,0,9.4788,6.175
3/29/2016,8:30:44,0,9.4781,7.09
3/29/2016,8:45:44,0,9.4762,7.025
3/29/2016,9:00:44,0,9.4752,7.282
3/29/2016,9:15:44,0,9.477,9.172
3/29/2016,9:30:44,0,9.4749,8.519
3/29/2016,9:45:44,0,9.4733,7.915
3/29/2016,10:00:44,0,9.4713,8.027
3/29/2016,10:15:44,0,9.47,8.713
3/29/2016,10:30:44,0,9.4696,9.686
3/29/2016,10:45:44,0,9.4661,10.25
3/29/2016,11:00:44,0,9.4663,10.265
3/29/2016,11:15:44,0,9.4646,10.622
3/29/2016,11:30:44,0,9.4637,10.883
3/29/2016,11:45:44,0,9.4627,11.332
3/29/2016,12:00:44,0,9.4624,12.088
3/29/2016,12:15:44,0,9.4623,11.566
3/29/2016,12:30:44,0,9.4596,11.92
3/29/2016,12:45:44,0,9.4598,12.318
3/29/2016,13:00:44,0,9.4603,12.11
3/29/2016,13:15:44,0,9.4596,11.941
3/29/2016,13:30:44,0,9.4603,12.157
3/29/2016,13:45:44,0,9.4598,12.712
3/29/2016,14:00:44,0,9.4612,11.86
3/29/2016,14:15:44,0,9.4615,11.594
3/29/2016,14:30:44,0,9.4632,12.063
3/29/2016,14:45:44,0,9.4638,11.998
3/29/2016,15:00:44,0,9.4649,11.873
3/29/2016,15:15:44,0,9.4641,12.394
3/29/2016,15:30:44,0,9.4646,12.398
3/29/2016,15:45:44,0,9.4658,11.801
3/29/2016,16:00:44,0,9.4647,10.261
3/29/2016,16:15:44,0,9.4655,10.106
3/29/2016,16:30:44,0,9.4659,10.25
3/29/2016,16:45:44,0,9.4672,10.309
3/29/2016,17:00:44,0,9.469,10.1
3/29/2016,17:15:44,0,9.4715,9.675
3/29/2016,17:30:44,0,9.4741,9.352
3/29/2016,17:45:44,0,9.4746,9.147
3/29/2016,18:00:44,0,9.4754,9.018
3/29/2016,18:15:44,0,9.478,8.743
3/29/2016,18:30:44,0,9.479,8.542
3/29/2016,18:45:44,0,9.4807,8.396
3/29/2016,19:00:44,0,9.4813,8.061
3/29/2016,19:15:44,0,9.4834,7.728
3/29/2016,19:30:44,0,9.4855,7.614
3/29/2016,19:45:44,0,9.4875,7.443
3/29/2016,20:00:44,0,9.49,7.298
3/29/2016,20:15:44,0,9.4899,7.102
3/29/2016,20:30:44,0,9.4913,6.903
3/29/2016,20:45:44,0,9.492,6.606
3/29/2016,21:00:44,0,9.4925,6.41
3/29/2016,21:15:44,0,9.4936,6.594
3/29/2016,21:30:44,0,9.4933,6.55
3/29/2016,21:45:44,0,9.4944,6.504
3/29/2016,22:00:44,0,9.4952,6.496
3/29/2016,22:15:44,0,9.4938,6.475
3/29/2016,22:30:44,0,9.4931,6.219
3/29/2016,22:45:44,0,9.4946,6.144
3/29/2016,23:00:44,0,9.4928,6.104
3/29/2016,23:15:44,0,9.4934,5.974
3/29/2016,23:30:44,0,9.4935,5.79
3/29/2016,23:45:44,0,9.4929,5.629
3/30/2016,0:00:44,0,9.4922,5.379
3/30/2016,0:15:44,0,9.4936,5.135
3/30/2016,0:30:44,0,9.4936,4.968
3/30/2016,0:45:44,0,9.4951,4.79
3/30/2016,1:00:44,0,9.4971,4.763
3/30/2016,1:15:44,0,9.4969,4.542
3/30/2016,1:30:44,0,9.5,4.306
3/30/2016,1:45:44,0,9.5013,4.297
3/30/2016,2:00:44,0,9.5008,4.384
3/30/2016,2:15:44,0,9.5015,4.415
3/30/2016,2:30:44,0,9.501,4.543
3/30/2016,2:45:44,0,9.5005,4.451
3/30/2016,3:00:44,0,9.501,4.166
3/30/2016,3:15:44,0,9.5009,3.985
3/30/2016,3:30:44,0,9.5024,3.876
3/30/2016,3:45:44,0,9.5037,3.803
3/30/2016,4:00:44,0,9.5046,3.652
3/30/2016,4:15:44,0,9.5059,3.275
3/30/2016,4:30:44,0,9.5072,3.28
3/30/2016,4:45:44,0,9.5068,3.215
3/30/2016,5:00:44,0,9.5076,3.135
3/30/2016,5:15:44,0,9.5095,3.002
3/30/2016,5:30:44,0,9.5116,2.871
3/30/2016,5:45:44,0,9.5123,2.308
3/30/2016,6:00:44,0,9.5138,2.617
3/30/2016,6:15:44,0,9.5155,2.647
3/30/2016,6:30:44,0,9.5167,2.462
3/30/2016,6:45:44,0,9.5171,2.486
3/30/2016,7:00:44,0,9.5182,2.506
3/30/2016,7:15:44,0,9.5195,5.196
3/30/2016,7:30:44,0,9.5212,5.986
3/30/2016,7:45:44,0,9.5234,7.445
3/30/2016,8:00:44,0,9.525,7.925
3/30/2016,8:15:44,0,9.5237,8.845
3/30/2016,8:30:44,0,9.5229,10.418
3/30/2016,8:45:44,0,9.5239,10.507
3/30/2016,9:00:44,0,9.5214,11.42
3/30/2016,9:15:44,0,9.5258,11.741
3/30/2016,9:30:44,0,9.5254,11.563
3/30/2016,9:45:44,0,9.5218,11.137
3/30/2016,10:00:44,0,9.5204,11.302
3/30/2016,10:15:44,0,9.5196,11.815
3/30/2016,10:30:44,0,9.5198,12.993
3/30/2016,10:45:44,0,9.5172,13.383
3/30/2016,11:00:44,0,9.5144,13.805
3/30/2016,11:15:44,0,9.5122,14.301
3/30/2016,11:30:44,0,9.5088,15.037
3/30/2016,11:45:44,0,9.5062,15.403
3/30/2016,12:00:44,0,9.5056,16.051
3/30/2016,12:15:44,0,9.5059,16.561
3/30/2016,12:30:44,0,9.5084,16.743
3/30/2016,12:45:44,0,9.5098,16.541
3/30/2016,13:00:44,0,9.5093,16.309
3/30/2016,13:15:44,0,9.5085,15.994
3/30/2016,13:30:44,0,9.5064,16.186
3/30/2016,13:45:44,0,9.5045,16.387
3/30/2016,14:00:44,0,9.5033,17.354
3/30/2016,14:15:44,0,9.5031,18.717
3/30/2016,14:30:44,0,9.5059,18.246
3/30/2016,14:45:44,0,9.5058,18.845
3/30/2016,15:00:44,0,9.5101,19.035
3/30/2016,15:15:44,0,9.5097,17.587
3/30/2016,15:30:44,0,9.511,17.053
3/30/2016,15:45:44,0,9.5116,16.454
3/30/2016,16:00:44,0,9.5121,16.064
3/30/2016,16:15:44,0,9.5126,15.648
3/30/2016,16:30:44,0,9.513,15.48
3/30/2016,16:45:44,0,9.5147,15.397
3/30/2016,17:00:44,0,9.5155,15.014
3/30/2016,17:15:44,0,9.5173,14.546
3/30/2016,17:30:44,0,9.5199,14.047
3/30/2016,17:45:44,0,9.521,13.624
3/30/2016,18:00:44,0,9.522,13.066
3/30/2016,18:15:44,0,9.524,12.667
3/30/2016,18:30:44,0,9.5253,12.138
3/30/2016,18:45:44,0,9.5259,11.598
3/30/2016,19:00:44,0,9.5268,11.067
3/30/2016,19:15:44,0,9.528,10.655
3/30/2016,19:30:44,0,9.53,10.384
3/30/2016,19:45:44,0,9.5325,9.977
3/30/2016,20:00:44,0,9.5347,9.629
3/30/2016,20:15:44,0,9.5367,9.142
3/30/2016,20:30:44,0,9.5385,8.887
3/30/2016,20:45:44,0,9.5405,8.599
3/30/2016,21:00:44,0,9.541,8.399
3/30/2016,21:15:44,0,9.5421,8.407
3/30/2016,21:30:44,0,9.545,8.1
3/30/2016,21:45:44,0,9.5469,7.582
3/30/2016,22:00:44,0,9.5475,7.498
3/30/2016,22:15:44,0,9.5482,7.397
3/30/2016,22:30:44,0,9.5494,7.33
3/30/2016,22:45:44,0,9.5499,7.12
3/30/2016,23:00:44,0,9.5517,6.984
3/30/2016,23:15:44,0,9.5524,6.885
3/30/2016,23:30:44,0,9.5532,6.576
3/30/2016,23:45:44,0,9.5544,6.38
3/31/2016,0:00:44,0,9.5569,6.188
3/31/2016,0:15:44,0,9.5564,6.13
3/31/2016,0:30:44,0,9.5579,5.944
3/31/2016,0:45:44,0,9.5581,5.93
3/31/2016,1:00:44,0,9.5578,5.71
3/31/2016,1:15:44,0,9.5577,5.613
3/31/2016,1:30:44,0,9.56,5.484
3/31/2016,1:45:44,0,9.5604,5.35
3/31/2016,2:00:44,0,9.5602,5.066
3/31/2016,2:15:44,0,9.5607,4.903
3/31/2016,2:30:44,0,9.5608,4.829
3/31/2016,2:45:44,0,9.559,4.756
3/31/2016,3:00:44,0,9.5578,4.482
3/31/2016,3:15:44,0,9.5577,4.453
3/31/2016,3:30:44,0,9.558,4.479
3/31/2016,3:45:44,0,9.5573,4.777
3/31/2016,4:00:44,0,9.5567,4.518
3/31/2016,4:15:44,0,9.5581,4.382
3/31/2016,4:30:44,0,9.5583,4.22
3/31/2016,4:45:44,0,9.5569,4.502
3/31/2016,5:00:44,0,9.5569,4.995
3/31/2016,5:15:44,0,9.5582,5.782
3/31/2016,5:30:44,0,9.5572,5.849
3/31/2016,5:45:44,0,9.5591,5.908
3/31/2016,6:00:44,0,9.5579,5.977
3/31/2016,6:15:44,0,9.5603,5.848
3/31/2016,6:30:44,0,9.5596,5.8
3/31/2016,6:45:44,0,9.5601,5.974
3/31/2016,7:00:44,0,9.5604,5.935
3/31/2016,7:15:44,0,9.5597,7.605
3/31/2016,7:30:44,0,9.5607,9.352
3/31/2016,7:45:44,0,9.5616,9.737
3/31/2016,8:00:44,0,9.5623,10.219
3/31/2016,8:15:44,0,9.5623,10.372
3/31/2016,8:30:44,0,9.5609,11.541
3/31/2016,8:45:44,0,9.561,11.779
3/31/2016,9:00:44,0,9.5607,13.102
3/31/2016,9:15:44,0,9.5613,14.245
3/31/2016,9:30:44,0,9.5607,14.372
3/31/2016,9:45:44,0,9.5573,13.281
3/31/2016,10:00:44,0,9.5543,12.874
3/31/2016,10:15:44,0,9.5523,13.564
3/31/2016,10:30:44,0,9.5532,15.083
3/31/2016,10:45:44,0,9.5509,15.206
3/31/2016,11:00:44,0,9.549,15.778
3/31/2016,11:15:44,0,9.5476,16.788
3/31/2016,11:30:44,0,9.5466,17.407
3/31/2016,11:45:44,0,9.5444,18.392
3/31/2016,12:00:44,0,9.5441,18.775
3/31/2016,12:15:44,0,9.5446,18.954
3/31/2016,12:30:44,0,9.5425,18.958
3/31/2016,12:45:44,0,9.542,19.389
3/31/2016,13:00:44,0,9.5421,19.364
3/31/2016,13:15:44,0,9.5413,19.543
3/31/2016,13:30:44,0,9.5407,19.779
3/31/2016,13:45:44,0,9.5408,19.969
3/31/2016,14:00:44,0,9.5399,20.707
3/31/2016,14:15:44,0,9.5387,21.816
3/31/2016,14:30:44,0,9.5394,24.767
3/31/2016,14:45:44,0,9.5405,25.038
3/31/2016,15:00:44,0,9.5402,24.404
3/31/2016,15:15:44,0,9.5378,22.398
3/31/2016,15:30:44,0,9.5364,20.857
3/31/2016,15:45:44,0,9.5353,20.153
3/31/2016,16:00:44,0,9.5351,19.615
3/31/2016,16:15:44,0,9.5353,19.2
3/31/2016,16:30:44,0,9.5363,18.831
3/31/2016,16:45:44,0,9.5365,18.451
3/31/2016,17:00:44,0,9.5373,17.914
3/31/2016,17:15:44,0,9.5381,17.417
3/31/2016,17:30:44,0,9.5383,16.897
3/31/2016,17:45:44,0,9.54,16.392
3/31/2016,18:00:44,0,9.5408,15.921
3/31/2016,18:15:44,0,9.5418,15.323
3/31/2016,18:30:44,0,9.543,14.683
3/31/2016,18:45:44,0,9.5445,14.188
3/31/2016,19:00:44,0,9.5469,13.433
3/31/2016,19:15:44,0,9.5485,12.917
3/31/2016,19:30:44,0,9.5524,12.564
3/31/2016,19:45:44,0,9.5556,12.247
3/31/2016,20:00:44,0,9.5579,11.977
3/31/2016,20:15:44,0,9.5605,11.211
3/31/2016,20:30:44,0,9.5621,10.978
3/31/2016,20:45:44,0,9.5631,10.621
3/31/2016,21:00:44,0,9.5651,10.434
3/31/2016,21:15:44,0,9.5658,10.041
3/31/2016,21:30:44,0,9.5665,10.105
3/31/2016,21:45:44,0,9.5677,9.713
3/31/2016,22:00:44,0,9.5689,9.592
3/31/2016,22:15:44,0,9.5694,9.361
3/31/2016,22:30:44,0,9.5688,9.425
3/31/2016,22:45:44,0,9.5685,9.204
3/31/2016,23:00:44,0,9.5703,9.249
3/31/2016,23:15:44,0,9.5707,8.803
3/31/2016,23:30:44,0,9.5708,8.473
3/31/2016,23:45:44,0,9.5697,8.633
4/1/2016,0:00:44,0,9.5701,8.757
4/1/2016,0:15:44,0,9.57,7.964
4/1/2016,0:30:44,0,9.5693,8.003
4/1/2016,0:45:44,0,9.5679,7.959
4/1/2016,1:00:44,0,9.5685,8.012
4/1/2016,1:15:44,0,9.5669,7.799
4/1/2016,1:30:44,0,9.5681,7.781
4/1/2016,1:45:44,0,9.5674,7.364
4/1/2016,2:00:44,0,9.5667,7.598
4/1/2016,2:15:44,0,9.5667,7.4
4/1/2016,2:30:44,0,9.5649,7.24
4/1/2016,2:45:44,0,9.5647,7.258
4/1/2016,3:00:44,0,9.5648,6.871
4/1/2016,3:15:44,0,9.5645,6.862
4/1/2016,3:30:44,0,9.5636,6.639
4/1/2016,3:45:44,0,9.5641,6.559
4/1/2016,4:00:44,0,9.5642,6.607
4/1/2016,4:15:44,0,9.5645,6.503
4/1/2016,4:30:44,0,9.5646,6.318
4/1/2016,4:45:44,0,9.5642,6.09
4/1/2016,5:00:44,0,9.5638,6.323
4/1/2016,5:15:44,0,9.5653,6.412
4/1/2016,5:30:44,0,9.5668,6.225
4/1/2016,5:45:44,0,9.5693,6.279
4/1/2016,6:00:44,0,9.5705,6.298
4/1/2016,6:15:44,0,9.5707,6.705
4/1/2016,6:30:44,0,9.5722,7.805
4/1/2016,6:45:44,0,9.5734,7.777
4/1/2016,7:00:44,0,9.5747,7.474
4/1/2016,7:15:44,0,9.5742,9.469
4/1/2016,7:30:44,0,9.5762,11.128
4/1/2016,7:45:44,0,9.5764,12.284
4/1/2016,8:00:44,0,9.5755,13.013
4/1/2016,8:15:44,0,9.5767,14.368
4/1/2016,8:30:44,0,9.5768,13.742
4/1/2016,8:45:44,0,9.5742,13.58
4/1/2016,9:00:44,0,9.5743,14.931
4/1/2016,9:15:44,0,9.575,15.929
4/1/2016,9:30:44,0,9.5747,15.927
4/1/2016,9:45:44,0,9.5728,15.404
4/1/2016,10:00:44,0,9.5722,15.683
4/1/2016,10:15:44,0,9.5717,15.819
4/1/2016,10:30:44,0,9.5721,17.973
4/1/2016,10:45:44,0,9.5701,17.547
4/1/2016,11:00:44,0,9.5686,17.991
4/1/2016,11:15:44,0,9.5679,18.788
4/1/2016,11:30:44,0,9.5675,19.573
4/1/2016,11:45:44,0,9.5672,20.076
4/1/2016,12:00:44,0,9.567,20.562
4/1/2016,12:15:44,0,9.5665,20.908
4/1/2016,12:30:44,0,9.5653,20.906
4/1/2016,12:45:44,0,9.5647,21.241
4/1/2016,13:00:44,0,9.5655,21.469
4/1/2016,13:15:44,0,9.5656,21.532
4/1/2016,13:30:44,0,9.5658,21.694
4/1/2016,13:45:44,0,9.565,21.823
4/1/2016,14:00:44,0,9.5658,22.867
4/1/2016,14:15:44,0,9.5674,23.684
4/1/2016,14:30:44,0,9.5685,24.915
4/1/2016,14:45:44,0,9.5707,27.165
4/1/2016,15:00:44,0,9.5705,25.89
4/1/2016,15:15:44,0,9.5704,23.706
4/1/2016,15:30:44,0,9.5688,21.999
4/1/2016,15:45:44,0,9.568,21.084
4/1/2016,16:00:44,0,9.5681,20.541
4/1/2016,16:15:44,0,9.5676,20.168
4/1/2016,16:30:44,0,9.5673,19.822
4/1/2016,16:45:44,0,9.5668,19.497
4/1/2016,17:00:44,0,9.5675,19.126
4/1/2016,17:15:44,0,9.5685,18.675
4/1/2016,17:30:44,0,9.5705,18.245
4/1/2016,17:45:44,0,9.5708,17.834
4/1/2016,18:00:44,0,9.5717,17.407
4/1/2016,18:15:44,0,9.5722,16.986
4/1/2016,18:30:44,0,9.5735,16.428
4/1/2016,18:45:44,0,9.5752,16.018
4/1/2016,19:00:44,0,9.5762,15.356
4/1/2016,19:15:44,0,9.577,15.063
4/1/2016,19:30:44,0,9.5796,14.734
4/1/2016,19:45:44,0,9.5813,14.368
4/1/2016,20:00:44,0,9.5829,13.98
4/1/2016,20:15:44,0,9.5849,13.663
4/1/2016,20:30:44,0,9.586,12.816
4/1/2016,20:45:44,0,9.5863,12.514
4/1/2016,21:00:44,0,9.5874,12.651
4/1/2016,21:15:44,0,9.5877,12.278
4/1/2016,21:30:44,0,9.5883,11.707
4/1/2016,21:45:44,0,9.5878,11.589
4/1/2016,22:00:44,0,9.5884,11.49
4/1/2016,22:15:44,0,9.5877,10.766
4/1/2016,22:30:44,0,9.5864,10.592
4/1/2016,22:45:44,0,9.5871,10.935
4/1/2016,23:00:44,0,9.5874,10.744
4/1/2016,23:15:44,0,9.5871,10.009
4/1/2016,23:30:44,0,9.5877,10.218
4/1/2016,23:45:44,0,9.5884,10.094
4/2/2016,0:00:44,0,9.5889,9.792
4/2/2016,0:15:44,0,9.5893,9.935
4/2/2016,0:30:44,0,9.589,9.413
4/2/2016,0:45:44,0,9.5895,9.629
4/2/2016,1:00:44,0,9.5902,9.555
4/2/2016,1:15:44,0,9.5901,9.2
4/2/2016,1:30:44,0,9.5899,9.193
4/2/2016,1:45:44,0,9.5908,9.077
4/2/2016,2:00:44,0,9.591,8.737
4/2/2016,2:15:44,0,9.5908,8.308
4/2/2016,2:30:44,0,9.5908,8.279
4/2/2016,2:45:44,0,9.591,8.615
4/2/2016,3:00:44,0,9.591,8.416
4/2/2016,3:15:44,0,9.5902,8.012
4/2/2016,3:30:44,0,9.5909,8.452
4/2/2016,3:45:44,0,9.5914,8.332
4/2/2016,4:00:44,0,9.5926,8.258
4/2/2016,4:15:44,0,9.5941,8.315
4/2/2016,4:30:44,0,9.5937,8.004
4/2/2016,4:45:44,0,9.5942,7.954
4/2/2016,5:00:44,0,9.5946,8.117
4/2/2016,5:15:44,0,9.5958,8.009
4/2/2016,5:30:44,0,9.5954,7.895
4/2/2016,5:45:44,0,9.5965,7.863
4/2/2016,6:00:44,0,9.5969,7.723
4/2/2016,6:15:44,0,9.5974,7.796
4/2/2016,6:30:44,0,9.5988,7.658
4/2/2016,6:45:44,0,9.601,7.784
4/2/2016,7:00:44,0,9.6016,7.556
4/2/2016,7:15:44,0,9.6004,9.255
4/2/2016,7:30:44,0,9.6013,11.793
4/2/2016,7:45:44,0,9.6028,12.626
4/2/2016,8:00:44,0,9.6021,13.569
4/2/2016,8:15:44,0,9.6011,15.28
4/2/2016,8:30:44,0,9.6014,15.835
4/2/2016,8:45:44,0,9.6001,15.966
4/2/2016,9:00:44,0,9.5997,16.244
4/2/2016,9:15:44,0,9.5997,17.478
4/2/2016,9:30:44,0,9.5978,16.759
4/2/2016,9:45:44,0,9.5947,16.076
4/2/2016,10:00:44,0,9.592,16.49
4/2/2016,10:15:44,0,9.5908,16.614
4/2/2016,10:30:44,0,9.5906,18.846
4/2/2016,10:45:44,0,9.5893,18.132
4/2/2016,11:00:44,0,9.5872,18.508
4/2/2016,11:15:44,0,9.5857,19.043
4/2/2016,11:30:44,0,9.5844,19.775
4/2/2016,11:45:44,0,9.5827,20.186
4/2/2016,12:00:44,0,9.5809,20.581
4/2/2016,12:15:44,0,9.5797,21.18
4/2/2016,12:30:44,0,9.5778,21.435
4/2/2016,12:45:44,0,9.576,21.727
4/2/2016,13:00:44,0,9.5751,21.829
4/2/2016,13:15:44,0,9.5722,21.996
4/2/2016,13:30:44,0,9.5718,22.198
4/2/2016,13:45:44,0,9.5697,22.686
4/2/2016,14:00:44,0,9.5695,22.495
4/2/2016,14:15:44,0,9.5687,22.646
4/2/2016,14:30:44,0,9.5672,22.261
4/2/2016,14:45:44,0,9.5673,24.054
4/2/2016,15:00:44,0,9.5679,25.39
4/2/2016,15:15:44,0,9.5677,24.193
4/2/2016,15:30:44,0,9.5674,23.023
4/2/2016,15:45:44,0,9.5673,21.915
4/2/2016,16:00:44,0,9.5671,21.419
4/2/2016,16:15:44,0,9.5666,20.942
4/2/2016,16:30:44,0,9.5665,20.734
4/2/2016,16:45:44,0,9.5649,20.318
4/2/2016,17:00:44,0,9.5645,20.073
4/2/2016,17:15:44,0,9.5639,19.759
4/2/2016,17:30:44,0,9.5627,19.601
4/2/2016,17:45:44,0,9.5632,19.264
4/2/2016,18:00:44,0,9.5627,18.724
4/2/2016,18:15:44,0,9.5633,18.292
4/2/2016,18:30:44,0,9.5649,17.44
4/2/2016,18:45:44,0,9.5658,16.816
4/2/2016,19:00:44,0,9.5664,16.181
4/2/2016,19:15:44,0,9.5679,16.009
4/2/2016,19:30:44,0,9.5704,15.547
4/2/2016,19:45:44,0,9.5717,14.696
4/2/2016,20:00:44,0,9.5733,14.689
4/2/2016,20:15:44,0,9.5756,13.902
4/2/2016,20:30:44,0,9.5762,13.592
4/2/2016,20:45:44,0,9.5773,13.541
4/2/2016,21:00:44,0,9.5777,13.35
4/2/2016,21:15:44,0,9.5787,12.812
4/2/2016,21:30:44,0,9.5791,12.794
4/2/2016,21:45:44,0,9.5795,12.656
4/2/2016,22:00:44,0,9.5799,12.064
4/2/2016,22:15:44,0,9.5797,11.94
4/2/2016,22:30:44,0,9.58,11.883
4/2/2016,22:45:44,0,9.5805,11.612
4/2/2016,23:00:44,0,9.5804,11.19
4/2/2016,23:15:44,0,9.5806,11.167
4/2/2016,23:30:44,0,9.5808,10.779
4/2/2016,23:45:44,0,9.5804,10.645
4/3/2016,0:00:44,0,9.5792,10.449
4/3/2016,0:15:44,0,9.5801,10.589
4/3/2016,0:30:44,0,9.5804,9.989
4/3/2016,0:45:44,0,9.5796,10.065
4/3/2016,1:00:44,0,9.5787,10.015
4/3/2016,1:15:44,0,9.5784,9.956
4/3/2016,1:30:44,0,9.5772,9.907
4/3/2016,1:45:44,0,9.5767,9.936
4/3/2016,2:00:44,0,9.5756,9.85
4/3/2016,2:15:44,0,9.576,9.505
4/3/2016,2:30:44,0,9.5756,9.551
4/3/2016,2:45:44,0,9.5748,9.449
4/3/2016,3:00:44,0,9.5746,9.286
4/3/2016,3:15:44,0,9.5742,9.124
4/3/2016,3:30:44,0,9.5734,8.739
4/3/2016,3:45:44,0,9.5731,8.677
4/3/2016,4:00:44,0,9.5729,8.62
4/3/2016,4:15:44,0,9.5733,8.621
4/3/2016,4:30:44,0,9.573,8.305
4/3/2016,4:45:44,0,9.573,8.211
4/3/2016,5:00:44,0,9.5735,8.212
4/3/2016,5:15:44,0,9.5734,7.824
4/3/2016,5:30:44,0,9.5728,7.695
4/3/2016,5:45:44,0,9.5731,7.534
4/3/2016,6:00:44,0,9.573,7.843
4/3/2016,6:15:44,0,9.5715,8.431
4/3/2016,6:30:44,0,9.5735,9.189
4/3/2016,6:45:44,0,9.5741,9.357
4/3/2016,7:00:44,0,9.5735,9.803
4/3/2016,7:15:44,0,9.5744,11.433
4/3/2016,7:30:44,0,9.5738,12.313
4/3/2016,7:45:44,0,9.5735,12.562
4/3/2016,8:00:44,0,9.5739,12.796
4/3/2016,8:15:44,0,9.5722,12.963
4/3/2016,8:30:44,0,9.5713,13.299
4/3/2016,8:45:44,0,9.5705,13.677
4/3/2016,9:00:44,0,9.5707,14.574
4/3/2016,9:15:44,0,9.5713,15.991
4/3/2016,9:30:44,0,9.5705,16.286
4/3/2016,9:45:44,0,9.5686,15.763
4/3/2016,10:00:44,0,9.5662,16.002
4/3/2016,10:15:44,0,9.5651,16.539
4/3/2016,10:30:44,0,9.5642,18.196
4/3/2016,10:45:44,0,9.5622,18.378
4/3/2016,11:00:44,0,9.5609,17.856
4/3/2016,11:15:44,0,9.5596,18.737
4/3/2016,11:30:44,0,9.5573,19.99
4/3/2016,11:45:44,0,9.5552,20.808
4/3/2016,12:00:44,0,9.5552,21.445
4/3/2016,12:15:44,0,9.5541,21.959
4/3/2016,12:30:44,0,9.5519,22.203
4/3/2016,12:45:44,0,9.5521,22.379
4/3/2016,13:00:44,0,9.5533,22.581
4/3/2016,13:15:44,0,9.5515,22.856
4/3/2016,13:30:44,0,9.5504,22.609
4/3/2016,13:45:44,0,9.5502,22.897
4/3/2016,14:00:44,0,9.5511,23.747
4/3/2016,14:15:44,0,9.5494,24.353
4/3/2016,14:30:44,0,9.5511,26.228
4/3/2016,14:45:44,0,9.5535,27.617
4/3/2016,15:00:44,0,9.5545,26.776
4/3/2016,15:15:44,0,9.5511,24.902
4/3/2016,15:30:44,0,9.5493,23.554
4/3/2016,15:45:44,0,9.548,22.539
4/3/2016,16:00:44,0,9.5475,21.994
4/3/2016,16:15:44,0,9.5473,21.439
4/3/2016,16:30:44,0,9.5473,21.165
4/3/2016,16:45:44,0,9.5474,20.673
4/3/2016,17:00:44,0,9.5475,20.311
4/3/2016,17:15:44,0,9.5486,19.726
4/3/2016,17:30:44,0,9.5502,19.112
4/3/2016,17:45:44,0,9.5517,18.527
4/3/2016,18:00:44,0,9.5529,17.75
4/3/2016,18:15:44,0,9.5543,16.93
4/3/2016,18:30:44,0,9.5561,16.588
4/3/2016,18:45:44,0,9.558,16.061
4/3/2016,19:00:44,0,9.5592,15.711
4/3/2016,19:15:44,0,9.5611,15.415
4/3/2016,19:30:44,0,9.5633,14.759
4/3/2016,19:45:44,0,9.5647,14.18
4/3/2016,20:00:44,0,9.5664,13.779
4/3/2016,20:15:44,0,9.5679,13.706
4/3/2016,20:30:44,0,9.5711,13.485
4/3/2016,20:45:44,0,9.5732,13.157
4/3/2016,21:00:44,0,9.5735,12.265
4/3/2016,21:15:44,0,9.5721,12.233
4/3/2016,21:30:44,0,9.5727,12.478
4/3/2016,21:45:44,0,9.5731,12.266
4/3/2016,22:00:44,0,9.5737,11.846
4/3/2016,22:15:44,0,9.5745,11.768
4/3/2016,22:30:44,0,9.5741,11.299
4/3/2016,22:45:44,0,9.5733,11.191
4/3/2016,23:00:44,0,9.5716,10.918
4/3/2016,23:15:44,0,9.5709,10.849
4/3/2016,23:30:44,0,9.5691,10.923
4/3/2016,23:45:44,0,9.5692,10.896
4/4/2016,0:00:44,0,9.5681,10.652
4/4/2016,0:15:44,0,9.5675,10.991
4/4/2016,0:30:44,0,9.5676,11.183
4/4/2016,0:45:44,0,9.5712,11.09
4/4/2016,1:00:44,0,9.5749,11.138
4/4/2016,1:15:44,0,9.5766,10.887
4/4/2016,1:30:44,0,9.5768,10.887
4/4/2016,1:45:44,0,9.5785,10.669
4/4/2016,2:00:44,0,9.5781,10.291
4/4/2016,2:15:44,0,9.5792,9.925
4/4/2016,2:30:44,0,9.5761,9.881
4/4/2016,2:45:44,0,9.5775,9.762
4/4/2016,3:00:44,0,9.5783,8.975
4/4/2016,3:15:44,0,9.5781,9.12
4/4/2016,3:30:44,0,9.5794,9.091
4/4/2016,3:45:44,0,9.5811,8.887
4/4/2016,4:00:44,0,9.583,8.62
4/4/2016,4:15:44,0,9.5815,8.618
4/4/2016,4:30:44,0,9.5836,8.4
4/4/2016,4:45:44,0,9.5839,8.423
4/4/2016,5:00:44,0,9.5835,8.424
4/4/2016,5:15:44,0,9.5851,8.435
4/4/2016,5:30:44,0,9.5864,8.27
4/4/2016,5:45:44,0,9.5871,8.074
4/4/2016,6:00:44,0,9.59,8.066
4/4/2016,6:15:44,0,9.5912,7.754
4/4/2016,6:30:44,0,9.5931,7.922
4/4/2016,6:45:44,0,9.5943,7.971
4/4/2016,7:00:44,0,9.5964,8.035
4/4/2016,7:15:44,0,9.5955,10.803
4/4/2016,7:30:44,0,9.5967,12.657
4/4/2016,7:45:44,0,9.5985,14.623
4/4/2016,8:00:44,0,9.601,15.545
4/4/2016,8:15:44,0,9.6001,15.513
4/4/2016,8:30:44,0,9.6006,15.565
4/4/2016,8:45:44,0,9.6006,15.523
4/4/2016,9:00:44,0,9.5987,15.455
4/4/2016,9:15:44,0,9.599,16.581
4/4/2016,9:30:44,0,9.5989,15.78
4/4/2016,9:45:44,0,9.5957,15.129
4/4/2016,10:00:44,0,9.5925,15.552
4/4/2016,10:15:44,0,9.5918,16.296
4/4/2016,10:30:44,0,9.5909,19.243
4/4/2016,10:45:44,0,9.5891,18.359
4/4/2016,11:00:44,0,9.5866,18.698
4/4/2016,11:15:44,0,9.5863,19.383
4/4/2016,11:30:44,0,9.5859,20.14
4/4/2016,11:45:44,0,9.5858,20.47
4/4/2016,12:00:44,0,9.5866,20.764
4/4/2016,12:15:44,0,9.5863,20.916
4/4/2016,12:30:44,0,9.5863,21.285
4/4/2016,12:45:44,0,9.5859,21.533
4/4/2016,13:00:44,0,9.5861,21.604
4/4/2016,13:15:44,0,9.5865,21.855
4/4/2016,13:30:44,0,9.5873,21.877
4/4/2016,13:45:44,0,9.5881,22.349
4/4/2016,14:00:44,0,9.5892,23.354
4/4/2016,14:15:44,0,9.5887,23.364
4/4/2016,14:30:44,0,9.59,24.732
4/4/2016,14:45:44,0,9.5914,23.425
4/4/2016,15:00:44,0,9.5915,24.259
4/4/2016,15:15:44,0,9.5906,21.956
4/4/2016,15:30:44,0,9.589,21.291
4/4/2016,15:45:44,0,9.589,20.909
4/4/2016,16:00:44,0,9.5874,20.659
4/4/2016,16:15:44,0,9.5864,20.549
4/4/2016,16:30:44,0,9.5875,20.063
4/4/2016,16:45:44,0,9.5868,19.557
4/4/2016,17:00:44,0,9.5881,19.052
4/4/2016,17:15:44,0,9.5873,18.385
4/4/2016,17:30:44,0,9.5874,17.943
4/4/2016,17:45:44,0,9.5861,17.054
4/4/2016,18:00:44,0,9.5856,16.698
4/4/2016,18:15:44,0,9.5852,16.378
4/4/2016,18:30:44,0,9.5863,15.766
4/4/2016,18:45:44,0,9.5889,14.724
4/4/2016,19:00:44,0,9.5909,14.468
4/4/2016,19:15:44,0,9.5925,13.876
4/4/2016,19:30:44,0,9.5933,13.717
4/4/2016,19:45:44,0,9.5974,13.311
4/4/2016,20:00:44,0,9.5977,12.666
4/4/2016,20:15:44,0,9.6008,12.595
4/4/2016,20:30:44,0,9.6015,11.782
4/4/2016,20:45:44,0,9.6003,11.518
4/4/2016,21:00:44,0,9.602,11.327
4/4/2016,21:15:44,0,9.6027,10.847
4/4/2016,21:30:44,0,9.6035,10.627
4/4/2016,21:45:44,0,9.6027,10.415
4/4/2016,22:00:44,0,9.6037,10.287
4/4/2016,22:15:44,0,9.6053,9.968
4/4/2016,22:30:44,0,9.6086,9.94
4/4/2016,22:45:44,0,9.609,9.569
4/4/2016,23:00:44,0,9.6062,9.467
4/4/2016,23:15:44,0,9.6045,9.224
4/4/2016,23:30:44,0,9.6042,9.128
4/4/2016,23:45:44,0,9.6041,9.249
4/5/2016,0:00:44,0,9.6034,8.911
4/5/2016,0:15:44,0,9.6028,8.597
4/5/2016,0:30:44,0,9.6034,8.523
4/5/2016,0:45:44,0,9.6055,8.207
4/5/2016,1:00:44,0,9.6089,7.878
4/5/2016,1:15:44,0,9.6045,7.79
4/5/2016,1:30:44,0,9.6025,7.889
4/5/2016,1:45:44,0,9.6043,7.852
4/5/2016,2:00:44,0,9.6042,7.726
4/5/2016,2:15:44,0,9.6026,7.603
4/5/2016,2:30:44,0,9.6015,7.577
4/5/2016,2:45:44,0,9.6004,7.415
4/5/2016,3:00:44,0,9.6051,7.403
4/5/2016,3:15:44,0,9.6044,6.978
4/5/2016,3:30:44,0,9.6047,6.894
4/5/2016,3:45:44,0,9.603,6.697
4/5/2016,4:00:44,0,9.6056,6.319
4/5/2016,4:15:44,0,9.6048,6.395
4/5/2016,4:30:44,0,9.6062,6.17
4/5/2016,4:45:44,0,9.6071,6.304
4/5/2016,5:00:44,0,9.6075,6.329
4/5/2016,5:15:44,0,9.6076,6.114
4/5/2016,5:30:44,0,9.6073,6.1
4/5/2016,5:45:44,0,9.6106,5.593
4/5/2016,6:00:44,0,9.6123,5.566
4/5/2016,6:15:44,0,9.6121,5.294
4/5/2016,6:30:44,0,9.6108,5.534
4/5/2016,6:45:44,0,9.6103,5.551
4/5/2016,7:00:44,0,9.6105,5.604
4/5/2016,7:15:44,0,9.6105,7.871
4/5/2016,7:30:44,0,9.6117,10.831
4/5/2016,7:45:44,0,9.6122,12.325
4/5/2016,8:00:44,0,9.6158,15.147
4/5/2016,8:15:44,0,9.6154,15.55
4/5/2016,8:30:44,0,9.617,16.227
4/5/2016,8:45:44,0,9.6148,16.778
4/5/2016,9:00:44,0,9.6132,17.032
4/5/2016,9:15:44,0,9.6099,17.747
4/5/2016,9:30:44,0,9.611,17.753
4/5/2016,9:45:44,0,9.6113,18.201
4/5/2016,10:00:44,0,9.6121,20.022
4/5/2016,10:15:44,0,9.6109,20.164
4/5/2016,10:30:44,0,9.61,21.145
4/5/2016,10:45:44,0,9.6072,21.181
4/5/2016,11:00:44,0,9.609,21.385
4/5/2016,11:15:44,0,9.6072,21.984
4/5/2016,11:30:44,0,9.6056,22.502
4/5/2016,11:45:44,0,9.6026,22.921
4/5/2016,12:00:44,0,9.6019,22.909
4/5/2016,12:15:44,0,9.5994,23.15
4/5/2016,12:30:44,0,9.5977,23.302
4/5/2016,12:45:44,0,9.5965,23.671
4/5/2016,13:00:44,0,9.5937,23.853
4/5/2016,13:15:44,0,9.5922,23.856
4/5/2016,13:30:44,0,9.5907,24.056
4/5/2016,13:45:44,0,9.5906,23.874
4/5/2016,14:00:44,0,9.5915,24.355
4/5/2016,14:15:44,0,9.59,24.261
4/5/2016,14:30:44,0,9.5905,25.31
4/5/2016,14:45:44,0,9.5888,25.908
4/5/2016,15:00:44,0,9.586,25.708
4/5/2016,15:15:44,0,9.5809,24.616
4/5/2016,15:30:44,0,9.5792,24.366
4/5/2016,15:45:44,0,9.5774,23.845
4/5/2016,16:00:44,0,9.5788,23.978
4/5/2016,16:15:44,0,9.5774,24.137
4/5/2016,16:30:44,0,9.5763,23.794
4/5/2016,16:45:44,0,9.577,23.035
4/5/2016,17:00:44,0,9.5775,22.998
4/5/2016,17:15:44,0,9.578,22.151
4/5/2016,17:30:44,0,9.5788,21.642
4/5/2016,17:45:44,0,9.5782,21.008
4/5/2016,18:00:44,0,9.5785,20.392
4/5/2016,18:15:44,0,9.5801,19.769
4/5/2016,18:30:44,0,9.5804,19.149
4/5/2016,18:45:44,0,9.5825,18.584
4/5/2016,19:00:44,0,9.5827,17.741
4/5/2016,19:15:44,0,9.5858,17.241
4/5/2016,19:30:44,0,9.5874,16.987
4/5/2016,19:45:44,0,9.5903,16.623
4/5/2016,20:00:44,0,9.5924,16.549
4/5/2016,20:15:44,0,9.5945,18.444
4/5/2016,20:30:44,0,9.5968,17.848
4/5/2016,20:45:44,0,9.5975,18.794
4/5/2016,21:00:44,0,9.598,19.304
4/5/2016,21:15:44,0,9.5985,18.518
4/5/2016,21:30:44,0,9.5999,18.679
4/5/2016,21:45:44,0,9.6007,18.859
4/5/2016,22:00:44,0,9.6026,17.634
4/5/2016,22:15:44,0,9.6035,16.857
4/5/2016,22:30:44,0,9.6058,16.092
4/5/2016,22:45:44,0,9.6058,15.539
4/5/2016,23:00:44,0,9.603,16.473
4/5/2016,23:15:44,0,9.6065,18.383
4/5/2016,23:30:44,0,9.6085,18.666
4/5/2016,23:45:44,0,9.6088,18.289
4/6/2016,0:00:44,0,9.6077,18.93
4/6/2016,0:15:44,0,9.6073,19.395
4/6/2016,0:30:44,0,9.6073,18.471
4/6/2016,0:45:44,0,9.6048,18.81
4/6/2016,1:00:44,0,9.6039,18.948
4/6/2016,1:15:44,0,9.6025,18.666
4/6/2016,1:30:44,0,9.6014,18.416
4/6/2016,1:45:44,0,9.6006,16.974
4/6/2016,2:00:44,0,9.5992,15.979
4/6/2016,2:15:44,0,9.6001,15.24
4/6/2016,2:30:44,0,9.5999,14.586
4/6/2016,2:45:44,0,9.5993,14.445
4/6/2016,3:00:44,0,9.5991,14.438
4/6/2016,3:15:44,0,9.6,14
4/6/2016,3:30:44,0,9.6002,13.402
4/6/2016,3:45:44,0,9.6009,12.777
4/6/2016,4:00:44,0,9.6016,12.264
4/6/2016,4:15:44,0,9.6026,12.19
4/6/2016,4:30:44,0,9.6042,12.175
4/6/2016,4:45:44,0,9.6059,12.502
4/6/2016,5:00:44,0,9.6058,12.022
4/6/2016,5:15:44,0,9.6059,11.979
4/6/2016,5:30:44,0,9.6065,12.438
4/6/2016,5:45:44,0,9.6075,12.064
4/6/2016,6:00:44,0,9.6087,11.528
4/6/2016,6:15:44,0,9.6113,11.311
4/6/2016,6:30:44,0,9.6124,10.839
4/6/2016,6:45:44,0,9.6137,10.663
4/6/2016,7:00:44,0,9.6132,10.142
4/6/2016,7:15:44,0,9.6113,13.254
4/6/2016,7:30:44,0,9.6131,15.74
4/6/2016,7:45:44,0,9.6134,18.917
4/6/2016,8:00:44,0,9.6133,20.697
4/6/2016,8:15:44,0,9.6131,19.484
4/6/2016,8:30:44,0,9.6113,19.171
4/6/2016,8:45:44,0,9.6105,18.791
4/6/2016,9:00:44,0,9.6092,18.846
4/6/2016,9:15:44,0,9.6074,19.573
4/6/2016,9:30:44,0,9.6075,19.233
4/6/2016,9:45:44,0,9.6054,19.315
4/6/2016,10:00:44,0,9.6041,21.061
4/6/2016,10:15:44,0,9.6024,21.883
4/6/2016,10:30:44,0,9.6006,23.721
4/6/2016,10:45:44,0,9.5971,24.193
4/6/2016,11:00:44,0,9.594,24.814
4/6/2016,11:15:44,0,9.5907,25.27
4/6/2016,11:30:44,0,9.5878,26.073
4/6/2016,11:45:44,0,9.5869,26.691
4/6/2016,12:00:44,0,9.584,26.968
4/6/2016,12:15:44,0,9.5813,27.824
4/6/2016,12:30:44,0,9.5801,28.191
4/6/2016,12:45:44,0,9.578,28.465
4/6/2016,13:00:44,0,9.5756,28.377
4/6/2016,13:15:44,0,9.5726,28.788
4/6/2016,13:30:44,0,9.5708,28.489
4/6/2016,13:45:44,0,9.5683,28.957
4/6/2016,14:00:44,0,9.5658,29.617
4/6/2016,14:15:44,0,9.5645,29.431
4/6/2016,14:30:44,0,9.563,29.204
4/6/2016,14:45:44,0,9.5612,29.985
4/6/2016,15:00:44,0,9.5594,29.741
4/6/2016,15:15:44,0,9.556,28.75
4/6/2016,15:30:44,0,9.5554,27.796
4/6/2016,15:45:44,0,9.554,28.058
4/6/2016,16:00:44,0,9.552,27.295
4/6/2016,16:15:44,0,9.5517,26.528
4/6/2016,16:30:44,0,9.5494,26.856
4/6/2016,16:45:44,0,9.5484,26.238
4/6/2016,17:00:44,0,9.5477,25.544
4/6/2016,17:15:44,0,9.5482,24.778
4/6/2016,17:30:44,0,9.5494,24.108
4/6/2016,17:45:44,0,9.5491,23.678
4/6/2016,18:00:44,0,9.5482,23.182
4/6/2016,18:15:44,0,9.5484,21.735
4/6/2016,18:30:44,0,9.548,20.871
4/6/2016,18:45:44,0,9.5487,19.908
4/6/2016,19:00:44,0,9.5493,18.942
4/6/2016,19:15:44,0,9.5501,18.351
4/6/2016,19:30:44,0,9.55,17.808
4/6/2016,19:45:44,0,9.5515,17.925
4/6/2016,20:00:44,0,9.5534,17.799
4/6/2016,20:15:44,0,9.5536,17.285
4/6/2016,20:30:44,0,9.5531,16.948
4/6/2016,20:45:44,0,9.5531,16.672
4/6/2016,21:00:44,0,9.553,16.1
4/6/2016,21:15:44,0,9.553,15.788
4/6/2016,21:30:44,0,9.5528,15.328
4/6/2016,21:45:44,0,9.5533,15.099
4/6/2016,22:00:44,0,9.5533,14.753
4/6/2016,22:15:44,0,9.5528,14.34
4/6/2016,22:30:44,0,9.553,14.21
4/6/2016,22:45:44,0,9.5519,13.814
4/6/2016,23:00:44,0,9.5516,13.552
4/6/2016,23:15:44,0,9.5522,13.238
4/6/2016,23:30:44,0,9.5524,12.69
4/6/2016,23:45:44,0,9.5518,12.662
4/7/2016,0:00:44,0,9.5513,12.203
4/7/2016,0:15:44,0,9.5507,12.171
4/7/2016,0:30:44,0,9.5497,12.205
4/7/2016,0:45:44,0,9.5494,11.889
4/7/2016,1:00:44,0,9.5484,11.854
4/7/2016,1:15:44,0,9.5474,11.572
4/7/2016,1:30:44,0,9.5466,11.404
4/7/2016,1:45:44,0,9.5443,11.275
4/7/2016,2:00:44,0,9.5425,10.804
4/7/2016,2:15:44,0,9.541,10.989
4/7/2016,2:30:44,0,9.54,10.822
4/7/2016,2:45:44,0,9.5392,10.642
4/7/2016,3:00:44,0,9.5378,10.557
4/7/2016,3:15:44,0,9.537,10.479
4/7/2016,3:30:44,0,9.5367,9.934
4/7/2016,3:45:44,0,9.5366,9.935
4/7/2016,4:00:44,0,9.5367,9.853
4/7/2016,4:15:44,0,9.5353,9.789
4/7/2016,4:30:44,0,9.5352,9.78
4/7/2016,4:45:44,0,9.5347,9.705
4/7/2016,5:00:44,0,9.534,9.472
4/7/2016,5:15:44,0,9.5333,9.408
4/7/2016,5:30:44,0,9.5327,9.219
4/7/2016,5:45:44,0,9.5322,8.976
4/7/2016,6:00:44,0,9.5316,9.064
4/7/2016,6:15:44,0,9.5313,8.797
4/7/2016,6:30:44,0,9.5304,9.032
4/7/2016,6:45:44,0,9.5305,9.273
4/7/2016,7:00:44,0,9.5289,9.76
4/7/2016,7:15:44,0,9.5275,12.394
4/7/2016,7:30:44,0,9.5274,14.251
4/7/2016,7:45:44,0,9.5281,16.302
4/7/2016,8:00:44,0,9.5267,16.985
4/7/2016,8:15:44,0,9.523,17.193
4/7/2016,8:30:44,0,9.5203,18.601
4/7/2016,8:45:44,0,9.5195,18.847
4/7/2016,9:00:44,0,9.5177,19.299
4/7/2016,9:15:44,0,9.5152,20.385
4/7/2016,9:30:44,0,9.5139,20.77
4/7/2016,9:45:44,0,9.5123,20.55
4/7/2016,10:00:44,0,9.5106,20.947
4/7/2016,10:15:44,0,9.5088,21.263
4/7/2016,10:30:44,0,9.5061,23.053
4/7/2016,10:45:44,0,9.5025,22.536
4/7/2016,11:00:44,0,9.4989,22.79
4/7/2016,11:15:44,0,9.4946,23.61
4/7/2016,11:30:44,0,9.4928,24.696
4/7/2016,11:45:44,0,9.4903,25.786
4/7/2016,12:00:44,0,9.4891,26.751
4/7/2016,12:15:44,0,9.4883,27.246
4/7/2016,12:30:44,0,9.4883,27.426
4/7/2016,12:45:44,0,9.49,27.293
4/7/2016,13:00:44,0,9.4891,26.925
4/7/2016,13:15:44,0,9.4885,26.823
4/7/2016,13:30:44,0,9.4871,26.764
4/7/2016,13:45:44,0,9.4887,27.793
4/7/2016,14:00:44,0,9.4871,27.405
4/7/2016,14:15:44,0,9.4876,27.45
4/7/2016,14:30:44,0,9.4865,27.738
4/7/2016,14:45:44,0,9.4878,26.975
4/7/2016,15:00:44,0,9.4875,26.452
4/7/2016,15:15:44,0,9.487,25.58
4/7/2016,15:30:44,0,9.487,25.04
4/7/2016,15:45:44,0,9.4867,24.291
4/7/2016,16:00:44,0,9.4867,23.738
4/7/2016,16:15:44,0,9.487,23.011
4/7/2016,16:30:44,0,9.4885,22.681
4/7/2016,16:45:44,0,9.49,22.396
4/7/2016,17:00:44,0,9.4919,21.829
4/7/2016,17:15:44,0,9.4917,21.469
4/7/2016,17:30:44,0,9.4922,21.102
4/7/2016,17:45:44,0,9.4929,20.837
4/7/2016,18:00:44,0,9.4929,20.561
4/7/2016,18:15:44,0,9.4925,20.227
4/7/2016,18:30:44,0,9.494,19.802
4/7/2016,18:45:44,0,9.4939,19.291
4/7/2016,19:00:44,0,9.4947,18.358
4/7/2016,19:15:44,0,9.4958,17.816
4/7/2016,19:30:44,0,9.497,17.493
4/7/2016,19:45:44,0,9.4985,17.282
4/7/2016,20:00:44,0,9.5007,16.851
4/7/2016,20:15:44,0,9.5008,16.27
4/7/2016,20:30:44,0,9.5023,16.082
4/7/2016,20:45:44,0,9.5026,15.861
4/7/2016,21:00:44,0,9.5044,15.474
4/7/2016,21:15:44,0,9.504,15.139
4/7/2016,21:30:44,0,9.5051,14.441
4/7/2016,21:45:44,0,9.5046,14.252
4/7/2016,22:00:44,0,9.5051,14.35
4/7/2016,22:15:44,0,9.5074,14.137
4/7/2016,22:30:44,0,9.5087,13.656
4/7/2016,22:45:44,0,9.5093,13.461
4/7/2016,23:00:44,0,9.5094,13.256
4/7/2016,23:15:44,0,9.5094,12.952
4/7/2016,23:30:44,0,9.5109,12.743
4/7/2016,23:45:44,0,9.5103,12.375
4/8/2016,0:00:44,0,9.5117,12.417
4/8/2016,0:15:44,0,9.5112,11.871
4/8/2016,0:30:44,0,9.5107,11.758
4/8/2016,0:45:44,0,9.5099,11.773
4/8/2016,1:00:44,0,9.5098,11.72
4/8/2016,1:15:44,0,9.509,11.356
4/8/2016,1:30:44,0,9.5078,10.978
4/8/2016,1:45:44,0,9.5065,10.945
4/8/2016,2:00:44,0,9.5062,11.013
4/8/2016,2:15:44,0,9.5061,10.831
4/8/2016,2:30:44,0,9.5039,10.7
4/8/2016,2:45:44,0,9.5035,10.817
4/8/2016,3:00:44,0,9.5029,10.579
4/8/2016,3:15:44,0,9.5021,10.246
4/8/2016,3:30:44,0,9.5023,10.396
4/8/2016,3:45:44,0,9.5029,10.065
4/8/2016,4:00:44,0,9.504,9.875
4/8/2016,4:15:44,0,9.504,9.956
4/8/2016,4:30:44,0,9.5032,9.554
4/8/2016,4:45:44,0,9.5034,9.319
4/8/2016,5:00:44,0,9.5035,9.462
4/8/2016,5:15:44,0,9.505,9.237
4/8/2016,5:30:44,0,9.5054,8.951
4/8/2016,5:45:44,0,9.5052,9.061
4/8/2016,6:00:44,0,9.5044,8.944
4/8/2016,6:15:44,0,9.5039,9.025
4/8/2016,6:30:44,0,9.5042,9.185
4/8/2016,6:45:44,0,9.5044,9.076
4/8/2016,7:00:44,0,9.5025,9.059
4/8/2016,7:15:44,0,9.5016,10.72
4/8/2016,7:30:44,0,9.4986,13.666
4/8/2016,7:45:44,0,9.4971,15.17
4/8/2016,8:00:44,0,9.4972,16.11
4/8/2016,8:15:44,0,9.494,15.811
4/8/2016,8:30:44,0,9.4919,16.104
4/8/2016,8:45:44,0,9.4922,16.334
4/8/2016,9:00:44,0,9.4916,16.535
4/8/2016,9:15:44,0,9.4901,17.095
4/8/2016,9:30:44,0,9.4912,17.166
4/8/2016,9:45:44,0,9.4899,17.993
4/8/2016,10:00:44,0,9.4884,18.766
4/8/2016,10:15:44,0,9.487,19.296
4/8/2016,10:30:44,0,9.485,21.352
4/8/2016,10:45:44,0,9.4843,21.581
4/8/2016,11:00:44,0,9.483,21.81
4/8/2016,11:15:44,0,9.4811,22.389
4/8/2016,11:30:44,0,9.4782,22.557
4/8/2016,11:45:44,0,9.4756,22.805
4/8/2016,12:00:44,0,9.4746,23.076
4/8/2016,12:15:44,0,9.4743,23.231
4/8/2016,12:30:44,0,9.4727,23.227
4/8/2016,12:45:44,0,9.4732,23.055
4/8/2016,13:00:44,0,9.4727,23.341
4/8/2016,13:15:44,0,9.472,23.772
4/8/2016,13:30:44,0,9.4711,23.956
4/8/2016,13:45:44,0,9.4707,24.004
4/8/2016,14:00:44,0,9.469,23.843
4/8/2016,14:15:44,0,9.4695,23.953
4/8/2016,14:30:44,0,9.4694,24.437
4/8/2016,14:45:44,0,9.469,24.741
4/8/2016,15:00:44,0,9.4706,23.702
4/8/2016,15:15:44,0,9.4704,23.259
4/8/2016,15:30:44,0,9.4692,22.619
4/8/2016,15:45:44,0,9.4729,21.939
4/8/2016,16:00:44,0,9.4746,21.361
4/8/2016,16:15:44,0,9.4757,20.725
4/8/2016,16:30:44,0,9.479,20.06
4/8/2016,16:45:44,0,9.4868,17.15
4/8/2016,17:00:44,0,9.4876,15.227
4/8/2016,17:15:44,0,9.4851,14.694
4/8/2016,17:30:44,0,9.4829,14.261
4/8/2016,17:45:44,0,9.4847,14.259
4/8/2016,18:00:44,0,9.4834,14.078
4/8/2016,18:15:44,0,9.4801,13.855
4/8/2016,18:30:44,0,9.4817,13.233
4/8/2016,18:45:44,0,9.4823,13.157
4/8/2016,19:00:44,0,9.4835,13.292
4/8/2016,19:15:44,0,9.4858,13.485
4/8/2016,19:30:44,0,9.4867,13.503
4/8/2016,19:45:44,0,9.487,13.103
4/8/2016,20:00:44,0,9.488,13.07
4/8/2016,20:15:44,0,9.4895,13.195
4/8/2016,20:30:44,0,9.4913,12.893
4/8/2016,20:45:44,0,9.493,12.935
4/8/2016,21:00:44,0,9.4929,12.677
4/8/2016,21:15:44,0,9.4923,12.821
4/8/2016,21:30:44,0,9.492,12.768
4/8/2016,21:45:44,0,9.4922,12.694
4/8/2016,22:00:44,0,9.4922,12.496
4/8/2016,22:15:44,0,9.4923,12.286
4/8/2016,22:30:44,0,9.4922,12.378
4/8/2016,22:45:44,0,9.4927,12.197
4/8/2016,23:00:44,0,9.4932,12.041
4/8/2016,23:15:44,0,9.4919,12.047
4/8/2016,23:30:44,0,9.4926,12.092
4/8/2016,23:45:44,0,9.4916,12.007
4/9/2016,0:00:44,0,9.493,11.913
4/9/2016,0:15:44,0,9.4931,12.059
4/9/2016,0:30:44,0,9.4912,12.143
4/9/2016,0:45:44,0,9.4921,12.075
4/9/2016,1:00:44,0,9.4921,12.125
4/9/2016,1:15:44,0,9.4923,12.097
4/9/2016,1:30:44,0,9.4915,11.708
4/9/2016,1:45:44,0,9.4899,11.829
4/9/2016,2:00:44,0,9.4895,11.892
4/9/2016,2:15:44,0,9.4896,11.873
4/9/2016,2:30:44,0,9.4894,11.717
4/9/2016,2:45:44,0,9.4887,11.67
4/9/2016,3:00:44,0,9.4886,11.633
4/9/2016,3:15:44,0,9.4874,11.448
4/9/2016,3:30:44,0,9.4869,11.461
4/9/2016,3:45:44,0,9.4857,11.597
4/9/2016,4:00:44,0,9.486,11.452
4/9/2016,4:15:44,0,9.4855,11.402
4/9/2016,4:30:44,0,9.4852,11.373
4/9/2016,4:45:44,0,9.4847,11.356
4/9/2016,5:00:44,0,9.485,11.397
4/9/2016,5:15:44,0,9.4862,11.373
4/9/2016,5:30:44,0,9.4868,11.29
4/9/2016,5:45:44,0,9.4876,11.262
4/9/2016,6:00:44,0,9.4882,11.166
4/9/2016,6:15:44,0,9.4885,11.275
4/9/2016,6:30:44,0,9.4905,11.228
4/9/2016,6:45:44,0,9.4907,11.463
4/9/2016,7:00:44,0,9.491,11.265
4/9/2016,7:15:44,0,9.4906,11.421
4/9/2016,7:30:44,0,9.4921,11.791
4/9/2016,7:45:44,0,9.4922,11.856
4/9/2016,8:00:44,0,9.4906,12.178
4/9/2016,8:15:44,0,9.491,12.464
4/9/2016,8:30:44,0,9.4907,12.621
4/9/2016,8:45:44,0,9.4908,12.872
4/9/2016,9:00:44,0,9.4913,13.056
4/9/2016,9:15:44,0,9.4916,13.143
4/9/2016,9:30:44,0,9.4929,13.125
4/9/2016,9:45:44,0,9.4949,12.991
4/9/2016,10:00:44,0,9.4962,12.944
4/9/2016,10:15:44,0,9.4967,12.87
4/9/2016,10:30:44,0,9.4987,12.784
4/9/2016,10:45:44,0,9.4992,12.737
4/9/2016,11:00:44,0,9.5,12.671
4/9/2016,11:15:44,0,9.4987,12.681
4/9/2016,11:30:44,0,9.4977,12.709
4/9/2016,11:45:44,0,9.4983,12.727
4/9/2016,12:00:44,0,9.4974,12.556
4/9/2016,12:15:44,0,9.4985,12.602
4/9/2016,12:30:44,0,9.4967,12.36
4/9/2016,12:45:44,0,9.4951,12.581
4/9/2016,13:00:44,0,9.4948,12.637
4/9/2016,13:15:44,0,9.4945,12.762
4/9/2016,13:30:44,0,9.494,12.491
4/9/2016,13:45:44,0,9.4929,12.517
4/9/2016,14:00:44,0,9.4927,12.673
4/9/2016,14:15:44,0,9.4908,12.805
4/9/2016,14:30:44,0,9.4887,12.694
4/9/2016,14:45:44,0,9.487,12.772
4/9/2016,15:00:44,0,9.4855,12.93
4/9/2016,15:15:44,0,9.4857,12.789
4/9/2016,15:30:44,0,9.4849,12.565
4/9/2016,15:45:44,0,9.4844,12.59
4/9/2016,16:00:44,0,9.4831,12.573
4/9/2016,16:15:44,0,9.4833,12.295
4/9/2016,16:30:44,0,9.4835,12.311
4/9/2016,16:45:44,0,9.4837,11.973
4/9/2016,17:00:44,0,9.4832,11.937
4/9/2016,17:15:44,0,9.4817,11.806
4/9/2016,17:30:44,0,9.4807,11.679
4/9/2016,17:45:44,0,9.4802,11.625
4/9/2016,18:00:44,0,9.4789,11.595
4/9/2016,18:15:44,0,9.4792,11.5
4/9/2016,18:30:44,0,9.4783,11.506
4/9/2016,18:45:44,0,9.4786,11.308
4/9/2016,19:00:44,0,9.4796,11.196
4/9/2016,19:15:44,0,9.4808,11.111
4/9/2016,19:30:44,0,9.4824,11.107
4/9/2016,19:45:44,0,9.4841,11.175
4/9/2016,20:00:44,0,9.4839,11.126
4/9/2016,20:15:44,0,9.4845,11.077
4/9/2016,20:30:44,0,9.4855,11.007
4/9/2016,20:45:44,0,9.4835,11.047
4/9/2016,21:00:44,0,9.485,11.052
4/9/2016,21:15:44,0,9.4849,11.086
4/9/2016,21:30:44,0,9.4842,11.079
4/9/2016,21:45:44,0,9.4841,11.196
4/9/2016,22:00:44,0,9.4845,11.032
4/9/2016,22:15:44,0,9.484,11.058
4/9/2016,22:30:44,0,9.4835,11.215
4/9/2016,22:45:44,0,9.4832,11.304
4/9/2016,23:00:44,0,9.483,11.341
4/9/2016,23:15:44,0,9.4843,11.365
4/9/2016,23:30:44,0,9.4856,11.343
4/9/2016,23:45:44,0,9.486,11.299
4/10/2016,0:00:44,0,9.4866,11.227
4/10/2016,0:15:44,0,9.4882,10.973
4/10/2016,0:30:44,0,9.4867,10.906
4/10/2016,0:45:44,0,9.4849,10.567
4/10/2016,1:00:44,0,9.4846,10.413
4/10/2016,1:15:44,0,9.482,10.478
4/10/2016,1:30:44,0,9.4809,10.595
4/10/2016,1:45:44,0,9.4808,10.436
4/10/2016,2:00:44,0,9.4802,10.152
4/10/2016,2:15:44,0,9.4797,10.17
4/10/2016,2:30:44,0,9.4788,10.243
4/10/2016,2:45:44,0,9.4786,10.293
4/10/2016,3:00:44,0,9.4785,10.233
4/10/2016,3:15:44,0,9.4788,10.082
4/10/2016,3:30:44,0,9.4789,10.075
4/10/2016,3:45:44,0,9.4787,10.174
4/10/2016,4:00:44,0,9.4783,10.285
4/10/2016,4:15:44,0,9.4778,10.396
4/10/2016,4:30:44,0,9.4785,10.345
4/10/2016,4:45:44,0,9.4797,10.286
4/10/2016,5:00:44,0,9.48,10.375
4/10/2016,5:15:44,0,9.4809,10.23
4/10/2016,5:30:44,0,9.4811,10.233
4/10/2016,5:45:44,0,9.4819,10.198
4/10/2016,6:00:44,0,9.4828,10.202
4/10/2016,6:15:44,0,9.4837,10.026
4/10/2016,6:30:44,0,9.4846,10.04
4/10/2016,6:45:44,0,9.4845,10.176
4/10/2016,7:00:44,0,9.4856,10.316
4/10/2016,7:15:44,0,9.4858,10.448
4/10/2016,7:30:44,0,9.4863,10.519
4/10/2016,7:45:44,0,9.4861,10.636
4/10/2016,8:00:44,0,9.4865,10.742
4/10/2016,8:15:44,0,9.4869,10.609
4/10/2016,8:30:44,0,9.4869,10.528
4/10/2016,8:45:44,0,9.4874,10.734
4/10/2016,9:00:44,0,9.4877,10.979
4/10/2016,9:15:44,0,9.4885,11.099
4/10/2016,9:30:44,0,9.4899,11.269
4/10/2016,9:45:44,0,9.4897,11.404
4/10/2016,10:00:44,0,9.491,11.654
4/10/2016,10:15:44,0,9.4924,11.814
4/10/2016,10:30:44,0,9.4919,12.105
4/10/2016,10:45:44,0,9.4916,12.321
4/10/2016,11:00:44,0,9.4908,12.274
4/10/2016,11:15:44,0,9.4913,12.473
4/10/2016,11:30:44,0,9.4909,12.754
4/10/2016,11:45:44,0,9.4906,12.771
4/10/2016,12:00:44,0,9.4897,12.737
4/10/2016,12:15:44,0,9.49,12.795
4/10/2016,12:30:44,0,9.4905,12.747
4/10/2016,12:45:44,0,9.4911,12.692
4/10/2016,13:00:44,0,9.4905,12.701
4/10/2016,13:15:44,0,9.4913,12.865
4/10/2016,13:30:44,0,9.4899,12.976
4/10/2016,13:45:44,0,9.4886,12.628
4/10/2016,14:00:44,0,9.4878,12.826
4/10/2016,14:15:44,0,9.4877,12.799
4/10/2016,14:30:44,0,9.4863,12.669
4/10/2016,14:45:44,0,9.4862,12.596
4/10/2016,15:00:44,0,9.4866,12.376
4/10/2016,15:15:44,0,9.487,12.39
4/10/2016,15:30:44,0,9.4878,12.348
4/10/2016,15:45:44,0,9.4883,12.415
4/10/2016,16:00:44,0,9.4889,12.622
4/10/2016,16:15:44,0,9.4899,12.66
4/10/2016,16:30:44,0,9.4917,12.492
4/10/2016,16:45:44,0,9.4928,12.521
4/10/2016,17:00:44,0,9.4942,12.498
4/10/2016,17:15:44,0,9.4962,12.445
4/10/2016,17:30:44,0,9.4961,12.385
4/10/2016,17:45:44,0,9.4974,12.31
4/10/2016,18:00:44,0,9.4988,12.221
4/10/2016,18:15:44,0,9.501,12.029
4/10/2016,18:30:44,0,9.5025,11.699
4/10/2016,18:45:44,0,9.5044,11.537
4/10/2016,19:00:44,0,9.5065,11.501
4/10/2016,19:15:44,0,9.5082,11.427
4/10/2016,19:30:44,0,9.5125,11.245
4/10/2016,19:45:44,0,9.5154,11.152
4/10/2016,20:00:44,0,9.5149,11.033
4/10/2016,20:15:44,0,9.5147,11.066
4/10/2016,20:30:44,0,9.5159,10.971
4/10/2016,20:45:44,0,9.5161,10.86
4/10/2016,21:00:44,0,9.5179,11.018
4/10/2016,21:15:44,0,9.5199,10.948
4/10/2016,21:30:44,0,9.5204,10.891
4/10/2016,21:45:44,0,9.521,10.868
4/10/2016,22:00:44,0,9.521,10.835
4/10/2016,22:15:44,0,9.5218,10.937
4/10/2016,22:30:44,0,9.5222,10.738
4/10/2016,22:45:44,0,9.5234,10.665
4/10/2016,23:00:44,0,9.5243,10.789
4/10/2016,23:15:44,0,9.5243,10.862
4/10/2016,23:30:44,0,9.5266,10.858
4/10/2016,23:45:44,0,9.5282,10.908
4/11/2016,0:00:44,0,9.5282,10.65
4/11/2016,0:15:44,0,9.5284,10.644
4/11/2016,0:30:44,0,9.5293,10.737
4/11/2016,0:45:44,0,9.5295,10.72
4/11/2016,1:00:44,0,9.5295,10.532
4/11/2016,1:15:44,0,9.5296,10.393
4/11/2016,1:30:44,0,9.5285,10.361
4/11/2016,1:45:44,0,9.5287,10.489
4/11/2016,2:00:44,0,9.5282,10.371
4/11/2016,2:15:44,0,9.5282,10.408
4/11/2016,2:30:44,0,9.5297,10.451
4/11/2016,2:45:44,0,9.5283,10.539
4/11/2016,3:00:44,0,9.5291,10.481
4/11/2016,3:15:44,0,9.5291,10.298
4/11/2016,3:30:44,0,9.5308,10.289
4/11/2016,3:45:44,0,9.5314,10.187
4/11/2016,4:00:44,0,9.5304,10.153
4/11/2016,4:15:44,0,9.531,10.195
4/11/2016,4:30:44,0,9.5304,10.303
4/11/2016,4:45:44,0,9.532,10.336
4/11/2016,5:00:44,0,9.5317,10.323
4/11/2016,5:15:44,0,9.5336,10.326
4/11/2016,5:30:44,0,9.536,10.322
4/11/2016,5:45:44,0,9.5386,10.106
4/11/2016,6:00:44,0,9.5396,10.111
4/11/2016,6:15:44,0,9.5416,10.14
4/11/2016,6:30:44,0,9.5433,9.994
4/11/2016,6:45:44,0,9.5445,9.972
4/11/2016,7:00:44,0,9.5451,10.249
4/11/2016,7:15:44,0,9.5469,10.767
4/11/2016,7:30:44,0,9.5465,11.565
4/11/2016,7:45:44,0,9.5482,12.2
4/11/2016,8:00:44,0,9.5483,12.271
4/11/2016,8:15:44,0,9.5497,12.914
4/11/2016,8:30:44,0,9.5507,13.485
4/11/2016,8:45:44,0,9.5516,13.717
4/11/2016,9:00:44,0,9.5516,13.69
4/11/2016,9:15:44,0,9.5525,13.807
4/11/2016,9:30:44,0,9.5525,13.578
4/11/2016,9:45:44,0,9.5534,13.377
4/11/2016,10:00:44,0,9.5542,13.281
4/11/2016,10:15:44,0,9.5557,13.566
4/11/2016,10:30:44,0,9.5562,13.718
4/11/2016,10:45:44,0,9.5566,13.821
4/11/2016,11:00:44,0,9.556,13.759
4/11/2016,11:15:44,0,9.5566,14.163
4/11/2016,11:30:44,0,9.5566,14.435
4/11/2016,11:45:44,0,9.5558,14.394
4/11/2016,12:00:44,0,9.5557,14.625
4/11/2016,12:15:44,0,9.5567,14.684
4/11/2016,12:30:44,0,9.5564,14.678
4/11/2016,12:45:44,0,9.556,14.812
4/11/2016,13:00:44,0,9.5563,14.735
4/11/2016,13:15:44,0,9.5561,14.549
4/11/2016,13:30:44,0,9.5565,14.688
4/11/2016,13:45:44,0,9.5555,14.739
4/11/2016,14:00:44,0,9.5555,14.841
4/11/2016,14:15:44,0,9.5549,14.973
4/11/2016,14:30:44,0,9.5541,15.155
4/11/2016,14:45:44,0,9.5534,15.169
4/11/2016,15:00:44,0,9.5525,15.227
4/11/2016,15:15:44,0,9.5524,15.015
4/11/2016,15:30:44,0,9.5519,15.035
4/11/2016,15:45:44,0,9.5524,15.036
4/11/2016,16:00:44,0,9.5531,14.781
4/11/2016,16:15:44,0,9.5525,14.639
4/11/2016,16:30:44,0,9.5529,14.502
4/11/2016,16:45:44,0,9.5538,14.321
4/11/2016,17:00:44,0,9.556,14.099
4/11/2016,17:15:44,0,9.5563,13.924
4/11/2016,17:30:44,0,9.5564,13.792
4/11/2016,17:45:44,0,9.5562,13.586
4/11/2016,18:00:44,0,9.5564,13.475
4/11/2016,18:15:44,0,9.5574,13.425
4/11/2016,18:30:44,0,9.5572,13.364
4/11/2016,18:45:44,0,9.5589,13.221
4/11/2016,19:00:44,0,9.5601,12.991
4/11/2016,19:15:44,0,9.5616,12.919
4/11/2016,19:30:44,0,9.5628,12.766
4/11/2016,19:45:44,0,9.5647,12.721
4/11/2016,20:00:44,0,9.5664,12.737
4/11/2016,20:15:44,0,9.5682,12.721
4/11/2016,20:30:44,0,9.5694,12.441
4/11/2016,20:45:44,0,9.5687,12.351
4/11/2016,21:00:44,0,9.5698,12.276
4/11/2016,21:15:44,0,9.5712,12.358
4/11/2016,21:30:44,0,9.5705,12.357
4/11/2016,21:45:44,0,9.5701,12.272
4/11/2016,22:00:44,0,9.5707,12.329
4/11/2016,22:15:44,0,9.5711,12.4
4/11/2016,22:30:44,0,9.5706,12.157
4/11/2016,22:45:44,0,9.5703,11.951
4/11/2016,23:00:44,0,9.5706,12.02
4/11/2016,23:15:44,0,9.5709,12.023
4/11/2016,23:30:44,0,9.5708,11.894
4/11/2016,23:45:44,0,9.5718,11.84
4/12/2016,0:00:44,0,9.5723,11.914
4/12/2016,0:15:44,0,9.5733,12.05
4/12/2016,0:30:44,0,9.5738,12.034
4/12/2016,0:45:44,0,9.5732,11.777
4/12/2016,1:00:44,0,9.5721,11.796
4/12/2016,1:15:44,0,9.5719,11.817
4/12/2016,1:30:44,0,9.5707,11.742
4/12/2016,1:45:44,0,9.5721,11.791
4/12/2016,2:00:44,0,9.5712,11.744
4/12/2016,2:15:44,0,9.5711,11.624
4/12/2016,2:30:44,0,9.571,11.704
4/12/2016,2:45:44,0,9.5702,11.628
4/12/2016,3:00:44,0,9.57,11.342
4/12/2016,3:15:44,0,9.5695,11.384
4/12/2016,3:30:44,0,9.5698,11.463
4/12/2016,3:45:44,0,9.5688,11.297
4/12/2016,4:00:44,0,9.5684,11.171
4/12/2016,4:15:44,0,9.5675,11.038
4/12/2016,4:30:44,0,9.5675,11.089
4/12/2016,4:45:44,0,9.5672,11.017
4/12/2016,5:00:44,0,9.5683,11.055
4/12/2016,5:15:44,0,9.5697,11.138
4/12/2016,5:30:44,0,9.5708,10.839
4/12/2016,5:45:44,0,9.5696,10.741
4/12/2016,6:00:44,0,9.5682,10.709
4/12/2016,6:15:44,0,9.5691,10.71
4/12/2016,6:30:44,0,9.5709,10.897
4/12/2016,6:45:44,0,9.571,10.819
4/12/2016,7:00:44,0,9.5719,11.079
4/12/2016,7:15:44,0,9.5724,11.541
4/12/2016,7:30:44,0,9.5744,11.915
4/12/2016,7:45:44,0,9.5757,12.06
4/12/2016,8:00:44,0,9.5792,12.096
4/12/2016,8:15:44,0,9.5801,12.091
4/12/2016,8:30:44,0,9.5796,12.127
4/12/2016,8:45:44,0,9.5794,12.426
4/12/2016,9:00:44,0,9.5798,12.743
4/12/2016,9:15:44,0,9.5801,12.922
4/12/2016,9:30:44,0,9.5786,13.188
4/12/2016,9:45:44,0,9.578,13.492
4/12/2016,10:00:44,0,9.5793,13.584
4/12/2016,10:15:44,0,9.5781,13.768
4/12/2016,10:30:44,0,9.5788,13.941
4/12/2016,10:45:44,0,9.5782,13.976
4/12/2016,11:00:44,0,9.578,13.892
4/12/2016,11:15:44,0,9.5783,13.767
4/12/2016,11:30:44,0,9.5787,13.736
4/12/2016,11:45:44,0,9.5782,13.814
4/12/2016,12:00:44,0,9.5778,13.758
4/12/2016,12:15:44,0,9.5766,13.76
4/12/2016,12:30:44,0,9.5774,13.982
4/12/2016,12:45:44,0,9.5775,13.985
4/12/2016,13:00:44,0,9.5748,14.32
4/12/2016,13:15:44,0,9.5768,14.202
4/12/2016,13:30:44,0,9.5774,14.196
4/12/2016,13:45:44,0,9.5761,14.123
4/12/2016,14:00:44,0,9.5738,14.107
4/12/2016,14:15:44,0,9.5713,14.322
4/12/2016,14:30:44,0,9.5708,14.48
4/12/2016,14:45:44,0,9.5703,14.682
4/12/2016,15:00:44,0,9.5703,14.611
4/12/2016,15:15:44,0,9.5702,14.487
4/12/2016,15:30:44,0,9.5688,14.463
4/12/2016,15:45:44,0,9.5664,14.56
4/12/2016,16:00:44,0,9.569,14.289
4/12/2016,16:15:44,0,9.5687,14.508
4/12/2016,16:30:44,0,9.5717,14.398
4/12/2016,16:45:44,0,9.5715,14.192
4/12/2016,17:00:44,0,9.573,14.055
4/12/2016,17:15:44,0,9.5739,13.848
4/12/2016,17:30:44,0,9.5744,13.59
4/12/2016,17:45:44,0,9.5741,13.493
4/12/2016,18:00:44,0,9.5735,13.336
4/12/2016,18:15:44,0,9.573,13.261
4/12/2016,18:30:44,0,9.5739,13.14
4/12/2016,18:45:44,0,9.5753,12.904
4/12/2016,19:00:44,0,9.5754,12.73
4/12/2016,19:15:44,0,9.5761,12.687
4/12/2016,19:30:44,0,9.5792,12.714
4/12/2016,19:45:44,0,9.5796,12.678
4/12/2016,20:00:44,0,9.5796,12.404
4/12/2016,20:15:44,0,9.5799,12.115
4/12/2016,20:30:44,0,9.5795,12.125
4/12/2016,20:45:44,0,9.5779,12.056
4/12/2016,21:00:44,0,9.5766,11.639
4/12/2016,21:15:44,0,9.574,11.468
4/12/2016,21:30:44,0,9.576,11.654
4/12/2016,21:45:44,0,9.5779,11.757
4/12/2016,22:00:44,0,9.5777,11.796
4/12/2016,22:15:44,0,9.5783,11.566
4/12/2016,22:30:44,0,9.5794,11.599
4/12/2016,22:45:44,0,9.5801,11.513
4/12/2016,23:00:44,0,9.5775,11.3
4/12/2016,23:15:44,0,9.5776,11.321
4/12/2016,23:30:44,0,9.5777,11.265
4/12/2016,23:45:44,0,9.5785,11.198
4/13/2016,0:00:44,0,9.5789,11.275
4/13/2016,0:15:44,0,9.5775,11.431
4/13/2016,0:30:44,0,9.5764,11.249
4/13/2016,0:45:44,0,9.5758,11.17
4/13/2016,1:00:44,0,9.5758,11.242
4/13/2016,1:15:44,0,9.5734,10.943
4/13/2016,1:30:44,0,9.575,11.107
4/13/2016,1:45:44,0,9.575,11.199
4/13/2016,2:00:44,0,9.5753,11.183
4/13/2016,2:15:44,0,9.574,10.911
4/13/2016,2:30:44,0,9.5732,10.905
4/13/2016,2:45:44,0,9.5719,10.885
4/13/2016,3:00:44,0,9.571,10.822
4/13/2016,3:15:44,0,9.5688,10.547
4/13/2016,3:30:44,0,9.5669,10.656
4/13/2016,3:45:44,0,9.5659,10.46
4/13/2016,4:00:44,0,9.5648,10.327
4/13/2016,4:15:44,0,9.5634,10.369
4/13/2016,4:30:44,0,9.5635,10.267
4/13/2016,4:45:44,0,9.5624,10.161
4/13/2016,5:00:44,0,9.5613,10.123
4/13/2016,5:15:44,0,9.5624,10.165
4/13/2016,5:30:44,0,9.5619,10.021
4/13/2016,5:45:44,0,9.5609,9.919
4/13/2016,6:00:44,0,9.5606,9.921
4/13/2016,6:15:44,0,9.5614,9.939
4/13/2016,6:30:44,0,9.5646,10.054
4/13/2016,6:45:44,0,9.5642,10.311
4/13/2016,7:00:44,0,9.5649,10.331
4/13/2016,7:15:44,0,9.5652,10.38
4/13/2016,7:30:44,0,9.5661,10.701
4/13/2016,7:45:44,0,9.5658,10.843
4/13/2016,8:00:44,0,9.5651,10.953
4/13/2016,8:15:44,0,9.5665,11.353
4/13/2016,8:30:44,0,9.5655,11.994
4/13/2016,8:45:44,0,9.5659,12.579
4/13/2016,9:00:44,0,9.5658,13.112
4/13/2016,9:15:44,0,9.5657,13.789
4/13/2016,9:30:44,0,9.5639,13.867
4/13/2016,9:45:44,0,9.5636,14.493
4/13/2016,10:00:44,0,9.5633,15.06
4/13/2016,10:15:44,0,9.562,16.148
4/13/2016,10:30:44,0,9.5633,16.866
4/13/2016,10:45:44,0,9.5587,15.813
4/13/2016,11:00:44,0,9.5557,15.93
4/13/2016,11:15:44,0,9.5556,15.997
4/13/2016,11:30:44,0,9.5566,16.154
4/13/2016,11:45:44,0,9.5612,16.216
4/13/2016,12:00:44,0,9.5618,16.192
4/13/2016,12:15:44,0,9.5614,16.058
4/13/2016,12:30:44,0,9.5595,16.376
4/13/2016,12:45:44,0,9.5609,16.312
4/13/2016,13:00:44,0,9.5608,16.153
4/13/2016,13:15:44,0,9.5583,15.881
4/13/2016,13:30:44,0,9.5565,15.828
4/13/2016,13:45:44,0,9.5572,16.556
4/13/2016,14:00:44,0,9.556,16.186
4/13/2016,14:15:44,0,9.556,17.229
4/13/2016,14:30:44,0,9.5541,16.344
4/13/2016,14:45:44,0,9.5531,17.326
4/13/2016,15:00:44,0,9.5529,17.006
4/13/2016,15:15:44,0,9.5498,16.462
4/13/2016,15:30:44,0,9.547,16.065
4/13/2016,15:45:44,0,9.5498,15.639
4/13/2016,16:00:44,0,9.5497,15.216
4/13/2016,16:15:44,0,9.5486,15.064
4/13/2016,16:30:44,0,9.5479,14.879
4/13/2016,16:45:44,0,9.5461,14.634
4/13/2016,17:00:44,0,9.5435,14.527
4/13/2016,17:15:44,0,9.5412,14.339
4/13/2016,17:30:44,0,9.5391,14.481
4/13/2016,17:45:44,0,9.5398,14.252
4/13/2016,18:00:44,0,9.5384,13.93
4/13/2016,18:15:44,0,9.5377,13.719
4/13/2016,18:30:44,0,9.5366,12.962
4/13/2016,18:45:44,0,9.5361,12.692
4/13/2016,19:00:44,0,9.5373,12.052
4/13/2016,19:15:44,0,9.5361,11.631
4/13/2016,19:30:44,0,9.537,11.304
4/13/2016,19:45:44,0,9.5375,10.901
4/13/2016,20:00:44,0,9.5374,10.703
4/13/2016,20:15:44,0,9.5364,10.501
4/13/2016,20:30:44,0,9.5359,10.525
4/13/2016,20:45:44,0,9.5338,10.745
4/13/2016,21:00:44,0,9.5336,10.806
4/13/2016,21:15:44,0,9.5327,10.843
4/13/2016,21:30:44,0,9.5334,10.663
4/13/2016,21:45:44,0,9.5302,10.838
4/13/2016,22:00:44,0,9.5267,10.854
4/13/2016,22:15:44,0,9.5234,10.861
4/13/2016,22:30:44,0,9.5241,10.781
4/13/2016,22:45:44,0,9.5217,10.723
4/13/2016,23:00:44,0,9.5212,10.459
4/13/2016,23:15:44,0,9.5144,10.373
4/13/2016,23:30:44,0,9.521,10.24
4/13/2016,23:45:44,0,9.5184,10.144
4/14/2016,0:00:44,0,9.5223,10.309
4/14/2016,0:15:44,0,9.5284,10.127
4/14/2016,0:30:44,0,9.5313,9.938
4/14/2016,0:45:44,0,9.5309,9.847
4/14/2016,1:00:44,0,9.5316,9.572
4/14/2016,1:15:44,0,9.5358,9.128
4/14/2016,1:30:44,0,9.536,8.668
4/14/2016,1:45:44,0,9.5362,8.482
4/14/2016,2:00:44,0,9.5371,8.112
4/14/2016,2:15:44,0,9.5392,7.773
4/14/2016,2:30:44,0,9.543,7.543
4/14/2016,2:45:44,0,9.5393,6.373
4/14/2016,3:00:44,0,9.5354,5.618
4/14/2016,3:15:44,0,9.5387,5.847
4/14/2016,3:30:44,0,9.5373,5.154
4/14/2016,3:45:44,0,9.5369,5.337
4/14/2016,4:00:44,0,9.5381,4.956
4/14/2016,4:15:44,0,9.5392,4.681
4/14/2016,4:30:44,0,9.5384,4.72
4/14/2016,4:45:44,0,9.5391,4.862
4/14/2016,5:00:44,0,9.5403,4.976
4/14/2016,5:15:44,0,9.5427,5.192
4/14/2016,5:30:44,0,9.5459,4.977
4/14/2016,5:45:44,0,9.5481,5.116
4/14/2016,6:00:44,0,9.5479,5.01
4/14/2016,6:15:44,0,9.5452,4.835
4/14/2016,6:30:44,0,9.5456,4.841
4/14/2016,6:45:44,0,9.5459,5.28
4/14/2016,7:00:44,0,9.545,5.712
4/14/2016,7:15:44,0,9.5452,6.752
4/14/2016,7:30:44,0,9.5482,8.264
4/14/2016,7:45:44,0,9.5484,7.956
4/14/2016,8:00:44,0,9.5487,8.684
4/14/2016,8:15:44,0,9.5492,8.015
4/14/2016,8:30:44,0,9.5488,8.105
4/14/2016,8:45:44,0,9.549,8.149
4/14/2016,9:00:44,0,9.5484,8.337
4/14/2016,9:15:44,0,9.5503,8.805
4/14/2016,9:30:44,0,9.5496,8.701
4/14/2016,9:45:44,0,9.5496,9.071
4/14/2016,10:00:44,0,9.5505,10.366
4/14/2016,10:15:44,0,9.5514,9.805
4/14/2016,10:30:44,0,9.5506,10.161
4/14/2016,10:45:44,0,9.5491,10.562
4/14/2016,11:00:44,0,9.5522,10.776
4/14/2016,11:15:44,0,9.5497,10.973
4/14/2016,11:30:44,0,9.5461,10.902
4/14/2016,11:45:44,0,9.5462,11.386
4/14/2016,12:00:44,0,9.5458,11.937
4/14/2016,12:15:44,0,9.5458,11.742
4/14/2016,12:30:44,0,9.5436,11.928
4/14/2016,12:45:44,0,9.5416,11.986
4/14/2016,13:00:44,0,9.5425,12.322
4/14/2016,13:15:44,0,9.5443,12.371
4/14/2016,13:30:44,0,9.5456,12.425
4/14/2016,13:45:44,0,9.5445,12.565
4/14/2016,14:00:44,0,9.5452,13.051
4/14/2016,14:15:44,0,9.5433,13.127
4/14/2016,14:30:44,0,9.5425,13.596
4/14/2016,14:45:44,0,9.5427,13.993
4/14/2016,15:00:44,0,9.5411,13.073
4/14/2016,15:15:44,0,9.5398,13.065
4/14/2016,15:30:44,0,9.5381,13.036
4/14/2016,15:45:44,0,9.5384,12.772
4/14/2016,16:00:44,0,9.5395,12.435
4/14/2016,16:15:44,0,9.538,12.19
4/14/2016,16:30:44,0,9.5389,12.442
4/14/2016,16:45:44,0,9.5393,12.323
4/14/2016,17:00:44,0,9.5391,12.044
4/14/2016,17:15:44,0,9.5383,11.989
4/14/2016,17:30:44,0,9.5403,11.701
4/14/2016,17:45:44,0,9.5409,11.518
4/14/2016,18:00:44,0,9.5393,11.359
4/14/2016,18:15:44,0,9.5404,11.195
4/14/2016,18:30:44,0,9.5388,10.703
4/14/2016,18:45:44,0,9.5393,10.424
4/14/2016,19:00:44,0,9.538,10.375
4/14/2016,19:15:44,0,9.5407,10.053
4/14/2016,19:30:44,0,9.5423,9.532
4/14/2016,19:45:44,0,9.5441,9.456
4/14/2016,20:00:44,0,9.5441,9.2
4/14/2016,20:15:44,0,9.5472,8.956
4/14/2016,20:30:44,0,9.5475,8.714
4/14/2016,20:45:44,0,9.548,8.659
4/14/2016,21:00:44,0,9.5473,8.391
4/14/2016,21:15:44,0,9.5481,8.045
4/14/2016,21:30:44,0,9.5495,7.865
4/14/2016,21:45:44,0,9.5513,7.473
4/14/2016,22:00:44,0,9.5516,7.407
4/14/2016,22:15:44,0,9.5525,7.182
4/14/2016,22:30:44,0,9.5529,6.855
4/14/2016,22:45:44,0,9.5537,6.459
4/14/2016,23:00:44,0,9.5538,6.418
4/14/2016,23:15:44,0,9.5536,6.024
4/14/2016,23:30:44,0,9.5545,6.067
4/14/2016,23:45:44,0,9.5562,5.481
4/15/2016,0:00:44,0,9.5566,5.403
4/15/2016,0:15:44,0,9.5555,5.578
4/15/2016,0:30:44,0,9.5558,5.736
4/15/2016,0:45:44,0,9.5559,5.19
4/15/2016,1:00:44,0,9.5559,5.476
4/15/2016,1:15:44,0,9.5551,5.379
4/15/2016,1:30:44,0,9.5555,5.584
4/15/2016,1:45:44,0,9.5561,5.176
4/15/2016,2:00:44,0,9.5557,4.531
4/15/2016,2:15:44,0,9.5557,4.231
4/15/2016,2:30:44,0,9.5563,4.46
4/15/2016,2:45:44,0,9.5571,4.869
4/15/2016,3:00:44,0,9.5561,4.921
4/15/2016,3:15:44,0,9.5559,4.741
4/15/2016,3:30:44,0,9.5558,3.805
4/15/2016,3:45:44,0,9.5556,4.137
4/15/2016,4:00:44,0,9.5556,4.332
4/15/2016,4:15:44,0,9.5548,4.454
4/15/2016,4:30:44,0,9.5551,4.608
4/15/2016,4:45:44,0,9.5564,4.549
4/15/2016,5:00:44,0,9.5594,3.967
4/15/2016,5:15:44,0,9.5606,3.902
4/15/2016,5:30:44,0,9.562,3.752
4/15/2016,5:45:44,0,9.5626,3.601
4/15/2016,6:00:44,0,9.5632,3.002
4/15/2016,6:15:44,0,9.5635,3.006
4/15/2016,6:30:44,0,9.5641,3.268
4/15/2016,6:45:44,0,9.565,3.551
4/15/2016,7:00:44,0,9.5633,3.611
4/15/2016,7:15:44,0,9.56,4.965
4/15/2016,7:30:44,0,9.5576,6.993
4/15/2016,7:45:44,0,9.56,8.019
4/15/2016,8:00:44,0,9.5591,8.491
4/15/2016,8:15:44,0,9.5604,9.734
4/15/2016,8:30:44,0,9.564,10.646
4/15/2016,8:45:44,0,9.5636,10.844
4/15/2016,9:00:44,0,9.5629,10.776
4/15/2016,9:15:44,0,9.5623,11.275
4/15/2016,9:30:44,0,9.5616,11.577
4/15/2016,9:45:44,0,9.565,11.986
4/15/2016,10:00:44,0,9.5632,12.096
4/15/2016,10:15:44,0,9.5675,13.049
4/15/2016,10:30:44,0,9.5651,13.292
4/15/2016,10:45:44,0,9.5658,13.496
4/15/2016,11:00:44,0,9.5665,14.026
4/15/2016,11:15:44,0,9.5672,14.17
4/15/2016,11:30:44,0,9.5674,14.666
4/15/2016,11:45:44,0,9.5657,14.573
4/15/2016,12:00:44,0,9.5641,15.075
4/15/2016,12:15:44,0,9.5638,15.152
4/15/2016,12:30:44,0,9.5645,15.437
4/15/2016,12:45:44,0,9.5648,15.829
4/15/2016,13:00:44,0,9.5633,16.009
4/15/2016,13:15:44,0,9.5633,16.334
4/15/2016,13:30:44,0,9.5613,16.692
4/15/2016,13:45:44,0,9.5623,17.159
4/15/2016,14:00:44,0,9.5637,17.137
4/15/2016,14:15:44,0,9.5642,17.525
4/15/2016,14:30:44,0,9.5619,17.687
4/15/2016,14:45:44,0,9.5615,17.523
4/15/2016,15:00:44,0,9.5616,17.635
4/15/2016,15:15:44,0,9.5601,17.571
4/15/2016,15:30:44,0,9.5606,17.499
4/15/2016,15:45:44,0,9.56,17.503
4/15/2016,16:00:44,0,9.5606,17.055
4/15/2016,16:15:44,0,9.5596,16.903
4/15/2016,16:30:44,0,9.56,16.448
4/15/2016,16:45:44,0,9.5598,16.173
4/15/2016,17:00:44,0,9.5612,15.595
4/15/2016,17:15:44,0,9.5613,15.204
4/15/2016,17:30:44,0,9.5634,15.063
4/15/2016,17:45:44,0,9.5636,14.632
4/15/2016,18:00:44,0,9.5638,14.224
4/15/2016,18:15:44,0,9.5645,13.833
4/15/2016,18:30:44,0,9.5672,13.151
4/15/2016,18:45:44,0,9.5701,12.485
4/15/2016,19:00:44,0,9.5734,12.008
4/15/2016,19:15:44,0,9.5752,11.403
4/15/2016,19:30:44,0,9.5768,11.15
4/15/2016,19:45:44,0,9.579,10.953
4/15/2016,20:00:44,0,9.5823,10.416
4/15/2016,20:15:44,0,9.5823,9.598
4/15/2016,20:30:44,0,9.5811,9.672
4/15/2016,20:45:44,0,9.5826,9.574
4/15/2016,21:00:44,0,9.5852,9.155
4/15/2016,21:15:44,0,9.5838,8.726
4/15/2016,21:30:44,0,9.5834,8.441
4/15/2016,21:45:44,0,9.5843,7.813
4/15/2016,22:00:44,0,9.5845,7.664
4/15/2016,22:15:44,0,9.5835,7.27
4/15/2016,22:30:44,0,9.5825,7.235
4/15/2016,22:45:44,0,9.5822,7.122
4/15/2016,23:00:44,0,9.5814,6.757
4/15/2016,23:15:44,0,9.5809,6.815
4/15/2016,23:30:44,0,9.5791,6.536
4/15/2016,23:45:44,0,9.5764,6.48
4/16/2016,0:00:44,0,9.5766,6.371
4/16/2016,0:15:44,0,9.5745,5.949
4/16/2016,0:30:44,0,9.5737,6.017
4/16/2016,0:45:44,0,9.5731,5.667
4/16/2016,1:00:44,0,9.5725,5.653
4/16/2016,1:15:44,0,9.5708,5.527
4/16/2016,1:30:44,0,9.5685,5.163
4/16/2016,1:45:44,0,9.5667,5.436
4/16/2016,2:00:44,0,9.5657,5.427
4/16/2016,2:15:44,0,9.5674,5.361
4/16/2016,2:30:44,0,9.5671,5.379
4/16/2016,2:45:44,0,9.5662,5.426
4/16/2016,3:00:44,0,9.5654,5.298
4/16/2016,3:15:44,0,9.5652,5.289
4/16/2016,3:30:44,0,9.5679,5.362
4/16/2016,3:45:44,0,9.5692,5.311
4/16/2016,4:00:44,0,9.5682,5.101
4/16/2016,4:15:44,0,9.5691,4.912
4/16/2016,4:30:44,0,9.5712,4.911
4/16/2016,4:45:44,0,9.5719,4.67
4/16/2016,5:00:44,0,9.5715,4.762
4/16/2016,5:15:44,0,9.5712,4.794
4/16/2016,5:30:44,0,9.572,4.572
4/16/2016,5:45:44,0,9.5729,4.618
4/16/2016,6:00:44,0,9.5716,4.568
4/16/2016,6:15:44,0,9.5728,4.468
4/16/2016,6:30:44,0,9.5719,4.439
4/16/2016,6:45:44,0,9.5695,4.755
4/16/2016,7:00:44,0,9.5693,5.788
4/16/2016,7:15:44,0,9.5684,7.383
4/16/2016,7:30:44,0,9.5685,9.476
4/16/2016,7:45:44,0,9.5697,11.56
4/16/2016,8:00:44,0,9.5692,12.809
4/16/2016,8:15:44,0,9.5665,14.021
4/16/2016,8:30:44,0,9.5667,15.265
4/16/2016,8:45:44,0,9.5687,16.085
4/16/2016,9:00:44,0,9.5672,15.988
4/16/2016,9:15:44,0,9.5668,17.085
4/16/2016,9:30:44,0,9.5668,17.267
4/16/2016,9:45:44,0,9.5663,17.366
4/16/2016,10:00:44,0,9.568,17.184
4/16/2016,10:15:44,0,9.5666,19.064
4/16/2016,10:30:44,0,9.569,18.277
4/16/2016,10:45:44,0,9.5677,19.503
4/16/2016,11:00:44,0,9.5676,19.888
4/16/2016,11:15:44,0,9.5673,20.964
4/16/2016,11:30:44,0,9.5672,21.207
4/16/2016,11:45:44,0,9.5674,21.524
4/16/2016,12:00:44,0,9.5649,21.413
4/16/2016,12:15:44,0,9.5647,21.734
4/16/2016,12:30:44,0,9.5639,22.013
4/16/2016,12:45:44,0,9.562,22.326
4/16/2016,13:00:44,0,9.5625,22.566
4/16/2016,13:15:44,0,9.5619,22.8
4/16/2016,13:30:44,0,9.563,23.201
4/16/2016,13:45:44,0,9.5625,23.355
4/16/2016,14:00:44,0,9.5616,23.594
4/16/2016,14:15:44,0,9.5608,24.005
4/16/2016,14:30:44,0,9.5609,23.979
4/16/2016,14:45:44,0,9.56,24.166
4/16/2016,15:00:44,0,9.5595,24.01
4/16/2016,15:15:44,0,9.5586,23.834
4/16/2016,15:30:44,0,9.5582,23.476
4/16/2016,15:45:44,0,9.5563,23.356
4/16/2016,16:00:44,0,9.5558,23.052
4/16/2016,16:15:44,0,9.5564,22.546
4/16/2016,16:30:44,0,9.5565,21.908
4/16/2016,16:45:44,0,9.5557,21.81
4/16/2016,17:00:44,0,9.557,21.489
4/16/2016,17:15:44,0,9.5576,20.528
4/16/2016,17:30:44,0,9.5582,19.677
4/16/2016,17:45:44,0,9.5594,19.227
4/16/2016,18:00:44,0,9.5607,18.791
4/16/2016,18:15:44,0,9.5616,18.382
4/16/2016,18:30:44,0,9.5641,17.753
4/16/2016,18:45:44,0,9.5659,16.858
4/16/2016,19:00:44,0,9.5676,16.076
4/16/2016,19:15:44,0,9.5698,15.306
4/16/2016,19:30:44,0,9.5703,14.526
4/16/2016,19:45:44,0,9.5718,14.11
4/16/2016,20:00:44,0,9.5748,13.914
4/16/2016,20:15:44,0,9.5754,14.587
4/16/2016,20:30:44,0,9.5773,14.399
4/16/2016,20:45:44,0,9.5778,13.878
4/16/2016,21:00:44,0,9.5792,13.127
4/16/2016,21:15:44,0,9.5792,13.041
4/16/2016,21:30:44,0,9.5801,12.732
4/16/2016,21:45:44,0,9.5801,12.326
4/16/2016,22:00:44,0,9.5804,11.87
4/16/2016,22:15:44,0,9.5808,11.081
4/16/2016,22:30:44,0,9.5793,10.979
4/16/2016,22:45:44,0,9.5789,10.775
4/16/2016,23:00:44,0,9.579,10.42
4/16/2016,23:15:44,0,9.5801,10.303
4/16/2016,23:30:44,0,9.5801,9.798
4/16/2016,23:45:44,0,9.5801,9.707
4/17/2016,0:00:44,0,9.5802,9.635
4/17/2016,0:15:44,0,9.5803,9.479
4/17/2016,0:30:44,0,9.5793,8.926
4/17/2016,0:45:44,0,9.5783,8.708
4/17/2016,1:00:44,0,9.5769,8.603
4/17/2016,1:15:44,0,9.5752,8.42
4/17/2016,1:30:44,0,9.5748,8.068
4/17/2016,1:45:44,0,9.5745,7.973
4/17/2016,2:00:44,0,9.575,7.785
4/17/2016,2:15:44,0,9.5758,7.407
4/17/2016,2:30:44,0,9.5756,6.987
4/17/2016,2:45:44,0,9.574,6.796
4/17/2016,3:00:44,0,9.573,6.722
4/17/2016,3:15:44,0,9.573,6.825
4/17/2016,3:30:44,0,9.5723,6.468
4/17/2016,3:45:44,0,9.5708,6.588
4/17/2016,4:00:44,0,9.5704,6.308
4/17/2016,4:15:44,0,9.569,5.98
4/17/2016,4:30:44,0,9.5681,6.253
4/17/2016,4:45:44,0,9.5681,6.294
4/17/2016,5:00:44,0,9.5665,5.849
4/17/2016,5:15:44,0,9.567,5.714
4/17/2016,5:30:44,0,9.5676,5.537
4/17/2016,5:45:44,0,9.5682,5.398
4/17/2016,6:00:44,0,9.5681,5.398
4/17/2016,6:15:44,0,9.5683,5.113
4/17/2016,6:30:44,0,9.5678,5.152
4/17/2016,6:45:44,0,9.5685,5.037
4/17/2016,7:00:44,0,9.5677,5.83
4/17/2016,7:15:44,0,9.5673,6.858
4/17/2016,7:30:44,0,9.5665,8.937
4/17/2016,7:45:44,0,9.5662,10.557
4/17/2016,8:00:44,0,9.5653,10.955
4/17/2016,8:15:44,0,9.5643,12.211
4/17/2016,8:30:44,0,9.5616,13.568
4/17/2016,8:45:44,0,9.5611,15.087
4/17/2016,9:00:44,0,9.5606,15.933
4/17/2016,9:15:44,0,9.5596,17.612
4/17/2016,9:30:44,0,9.5603,18.832
4/17/2016,9:45:44,0,9.5585,20.291
4/17/2016,10:00:44,0,9.5574,21.563
4/17/2016,10:15:44,0,9.5571,22.048
4/17/2016,10:30:44,0,9.5569,22.334
4/17/2016,10:45:44,0,9.5551,23.134
4/17/2016,11:00:44,0,9.5559,24.036
4/17/2016,11:15:44,0,9.5532,24.41
4/17/2016,11:30:44,0,9.5528,24.657
4/17/2016,11:45:44,0,9.552,24.916
4/17/2016,12:00:44,0,9.55,25.234
4/17/2016,12:15:44,0,9.5474,25.444
4/17/2016,12:30:44,0,9.5475,25.821
4/17/2016,12:45:44,0,9.5467,26.001
4/17/2016,13:00:44,0,9.5445,26.257
4/17/2016,13:15:44,0,9.5436,26.328
4/17/2016,13:30:44,0,9.5425,26.437
4/17/2016,13:45:44,0,9.5422,26.788
4/17/2016,14:00:44,0,9.5418,27.006
4/17/2016,14:15:44,0,9.5436,29.135
4/17/2016,14:30:44,0,9.5429,29.249
4/17/2016,14:45:44,0,9.5426,29.7
4/17/2016,15:00:44,0,9.5437,28.041
4/17/2016,15:15:44,0,9.5425,26.879
4/17/2016,15:30:44,0,9.5426,26.039
4/17/2016,15:45:44,0,9.542,25.23
4/17/2016,16:00:44,0,9.543,24.859
4/17/2016,16:15:44,0,9.5429,24.444
4/17/2016,16:30:44,0,9.544,24.092
4/17/2016,16:45:44,0,9.5443,23.726
4/17/2016,17:00:44,0,9.5445,23.281
4/17/2016,17:15:44,0,9.5445,22.739
4/17/2016,17:30:44,0,9.5443,22.26
4/17/2016,17:45:44,0,9.5451,21.71
4/17/2016,18:00:44,0,9.5464,21.156
4/17/2016,18:15:44,0,9.5473,20.396
4/17/2016,18:30:44,0,9.5487,19.763
4/17/2016,18:45:44,0,9.5506,19.033
4/17/2016,19:00:44,0,9.5525,18.473
4/17/2016,19:15:44,0,9.5555,17.958
4/17/2016,19:30:44,0,9.5572,17.566
4/17/2016,19:45:44,0,9.56,16.584
4/17/2016,20:00:44,0,9.5622,16.453
4/17/2016,20:15:44,0,9.5641,16.178
4/17/2016,20:30:44,0,9.5652,15.557
4/17/2016,20:45:44,0,9.5662,15.358
4/17/2016,21:00:44,0,9.5682,14.533
4/17/2016,21:15:44,0,9.569,14.345
4/17/2016,21:30:44,0,9.5692,14.085
4/17/2016,21:45:44,0,9.569,13.768
4/17/2016,22:00:44,0,9.5696,13.448
4/17/2016,22:15:44,0,9.5702,13.472
4/17/2016,22:30:44,0,9.5702,12.877
4/17/2016,22:45:44,0,9.5712,12.625
4/17/2016,23:00:44,0,9.5711,12.003
4/17/2016,23:15:44,0,9.5704,11.779
4/17/2016,23:30:44,0,9.5715,11.742
4/17/2016,23:45:44,0,9.5724,11.659
4/18/2016,0:00:44,0,9.5722,11.44
4/18/2016,0:15:44,0,9.5713,10.811
4/18/2016,0:30:44,0,9.5711,10.653
4/18/2016,0:45:44,0,9.5696,10.308
4/18/2016,1:00:44,0,9.5688,10.414
4/18/2016,1:15:44,0,9.5677,10.147
4/18/2016,1:30:44,0,9.5672,10.214
4/18/2016,1:45:44,0,9.5665,9.7
4/18/2016,2:00:44,0,9.5662,9.819
4/18/2016,2:15:44,0,9.5662,9.568
4/18/2016,2:30:44,0,9.5655,9.4
4/18/2016,2:45:44,0,9.5666,9.104
4/18/2016,3:00:44,0,9.5671,8.851
4/18/2016,3:15:44,0,9.5674,8.523
4/18/2016,3:30:44,0,9.5677,8.556
4/18/2016,3:45:44,0,9.568,8.214
4/18/2016,4:00:44,0,9.5673,8.139
4/18/2016,4:15:44,0,9.5678,7.948
4/18/2016,4:30:44,0,9.5679,7.832
4/18/2016,4:45:44,0,9.5666,7.663
4/18/2016,5:00:44,0,9.5671,7.638
4/18/2016,5:15:44,0,9.5682,7.404
4/18/2016,5:30:44,0,9.5687,7.433
4/18/2016,5:45:44,0,9.5698,7.272
4/18/2016,6:00:44,0,9.5715,7.105
4/18/2016,6:15:44,0,9.5733,6.612
4/18/2016,6:30:44,0,9.5726,6.663
4/18/2016,6:45:44,0,9.5732,6.661
4/18/2016,7:00:44,0,9.5733,7.322
4/18/2016,7:15:44,0,9.5729,8.617
4/18/2016,7:30:44,0,9.5727,10.441
4/18/2016,7:45:44,0,9.5739,12.149
4/18/2016,8:00:44,0,9.5727,12.844
4/18/2016,8:15:44,0,9.5719,14.549
4/18/2016,8:30:44,0,9.5726,15.484
4/18/2016,8:45:44,0,9.572,16.548
4/18/2016,9:00:44,0,9.5744,17.137
4/18/2016,9:15:44,0,9.5747,18.057
4/18/2016,9:30:44,0,9.5744,18.345
4/18/2016,9:45:44,0,9.5725,18.208
4/18/2016,10:00:44,0,9.5698,18.509
4/18/2016,10:15:44,0,9.5683,19.393
4/18/2016,10:30:44,0,9.5679,20.19
4/18/2016,10:45:44,0,9.5663,20.839
4/18/2016,11:00:44,0,9.5649,21.945
4/18/2016,11:15:44,0,9.5628,22.916
4/18/2016,11:30:44,0,9.5614,23.791
4/18/2016,11:45:44,0,9.5597,24.652
4/18/2016,12:00:44,0,9.5598,25.165
4/18/2016,12:15:44,0,9.559,25.423
4/18/2016,12:30:44,0,9.558,25.703
4/18/2016,12:45:44,0,9.5587,25.835
4/18/2016,13:00:44,0,9.5584,26.22
4/18/2016,13:15:44,0,9.5584,26.485
4/18/2016,13:30:44,0,9.5568,26.371
4/18/2016,13:45:44,0,9.5553,26.827
4/18/2016,14:00:44,0,9.5561,28.211
4/18/2016,14:15:44,0,9.5557,29.065
4/18/2016,14:30:44,0,9.5545,28.586
4/18/2016,14:45:44,0,9.5555,28.718
4/18/2016,15:00:44,0,9.5544,27.414
4/18/2016,15:15:44,0,9.5537,26.506
4/18/2016,15:30:44,0,9.5517,26.153
4/18/2016,15:45:44,0,9.5511,25.853
4/18/2016,16:00:44,0,9.5513,25.449
4/18/2016,16:15:44,0,9.5507,24.989
4/18/2016,16:30:44,0,9.551,24.541
4/18/2016,16:45:44,0,9.5516,24.016
4/18/2016,17:00:44,0,9.5508,23.626
4/18/2016,17:15:44,0,9.551,23.109
4/18/2016,17:30:44,0,9.5514,22.566
4/18/2016,17:45:44,0,9.5525,21.976
4/18/2016,18:00:44,0,9.5526,21.144
4/18/2016,18:15:44,0,9.5528,20.652
4/18/2016,18:30:44,0,9.555,19.715
4/18/2016,18:45:44,0,9.5568,19.088
4/18/2016,19:00:44,0,9.5576,18.689
4/18/2016,19:15:44,0,9.5594,18.019
4/18/2016,19:30:44,0,9.5608,17.518
4/18/2016,19:45:44,0,9.5621,17.218
4/18/2016,20:00:44,0,9.563,16.556
4/18/2016,20:15:44,0,9.5642,16.265
4/18/2016,20:30:44,0,9.5657,16.003
4/18/2016,20:45:44,0,9.5669,15.44
4/18/2016,21:00:44,0,9.5674,15.183
4/18/2016,21:15:44,0,9.5687,14.802
4/18/2016,21:30:44,0,9.5693,14.225
4/18/2016,21:45:44,0,9.5692,14.036
4/18/2016,22:00:44,0,9.5699,13.443
4/18/2016,22:15:44,0,9.5691,13.245
4/18/2016,22:30:44,0,9.5695,13.204
4/18/2016,22:45:44,0,9.5694,12.993
4/18/2016,23:00:44,0,9.5691,12.476
4/18/2016,23:15:44,0,9.5693,12.411
4/18/2016,23:30:44,0,9.5689,12.145
4/18/2016,23:45:44,0,9.5685,11.709
4/19/2016,0:00:44,0,9.5682,11.495
4/19/2016,0:15:44,0,9.5662,11.447
4/19/2016,0:30:44,0,9.5655,11.392
4/19/2016,0:45:44,0,9.564,11.084
4/19/2016,1:00:44,0,9.5616,11.075
4/19/2016,1:15:44,0,9.5599,11.076
4/19/2016,1:30:44,0,9.5587,10.891
4/19/2016,1:45:44,0,9.5567,10.679
4/19/2016,2:00:44,0,9.5556,10.684
4/19/2016,2:15:44,0,9.5549,10.527
4/19/2016,2:30:44,0,9.5546,10.641
4/19/2016,2:45:44,0,9.5553,10.564
4/19/2016,3:00:44,0,9.5558,10.175
4/19/2016,3:15:44,0,9.5544,9.94
4/19/2016,3:30:44,0,9.5541,9.826
4/19/2016,3:45:44,0,9.5529,10.006
4/19/2016,4:00:44,0,9.552,9.682
4/19/2016,4:15:44,0,9.552,9.507
4/19/2016,4:30:44,0,9.5514,9.414
4/19/2016,4:45:44,0,9.5506,9.323
4/19/2016,5:00:44,0,9.5491,9.124
4/19/2016,5:15:44,0,9.5477,9.15
4/19/2016,5:30:44,0,9.5471,8.947
4/19/2016,5:45:44,0,9.546,8.972
4/19/2016,6:00:44,0,9.5464,8.979
4/19/2016,6:15:44,0,9.5458,9.165
4/19/2016,6:30:44,0,9.5471,9.634
4/19/2016,6:45:44,0,9.5469,9.311
4/19/2016,7:00:44,0,9.5458,9.443
4/19/2016,7:15:44,0,9.5442,10.212
4/19/2016,7:30:44,0,9.5424,11.768
4/19/2016,7:45:44,0,9.5422,13.158
4/19/2016,8:00:44,0,9.5409,14.184
4/19/2016,8:15:44,0,9.5398,15.038
4/19/2016,8:30:44,0,9.5402,16.377
4/19/2016,8:45:44,0,9.5393,17.174
4/19/2016,9:00:44,0,9.5408,17.969
4/19/2016,9:15:44,0,9.54,19.026
4/19/2016,9:30:44,0,9.5384,19.074
4/19/2016,9:45:44,0,9.5361,19.295
4/19/2016,10:00:44,0,9.5355,19.249
4/19/2016,10:15:44,0,9.5333,20.119
4/19/2016,10:30:44,0,9.5314,20.704
4/19/2016,10:45:44,0,9.529,21.666
4/19/2016,11:00:44,0,9.5277,22.346
4/19/2016,11:15:44,0,9.5265,22.991
4/19/2016,11:30:44,0,9.5248,23.797
4/19/2016,11:45:44,0,9.5238,24.299
4/19/2016,12:00:44,0,9.5219,24.726
4/19/2016,12:15:44,0,9.5214,25.156
4/19/2016,12:30:44,0,9.521,25.512
4/19/2016,12:45:44,0,9.5195,25.753
4/19/2016,13:00:44,0,9.5208,26.127
4/19/2016,13:15:44,0,9.5189,26.044
4/19/2016,13:30:44,0,9.519,26.078
4/19/2016,13:45:44,0,9.5178,26.508
4/19/2016,14:00:44,0,9.5176,27.464
4/19/2016,14:15:44,0,9.5177,28.555
4/19/2016,14:30:44,0,9.5164,28.063
4/19/2016,14:45:44,0,9.5171,28.199
4/19/2016,15:00:44,0,9.5143,27.571
4/19/2016,15:15:44,0,9.5138,26.328
4/19/2016,15:30:44,0,9.5115,25.772
4/19/2016,15:45:44,0,9.5117,25.314
4/19/2016,16:00:44,0,9.5109,24.855
4/19/2016,16:15:44,0,9.5102,24.328
4/19/2016,16:30:44,0,9.51,23.829
4/19/2016,16:45:44,0,9.5098,23.484
4/19/2016,17:00:44,0,9.5091,23.121
4/19/2016,17:15:44,0,9.5087,22.733
4/19/2016,17:30:44,0,9.5082,22.412
4/19/2016,17:45:44,0,9.508,21.912
4/19/2016,18:00:44,0,9.5091,20.902
4/19/2016,18:15:44,0,9.5097,19.701
4/19/2016,18:30:44,0,9.51,19.254
4/19/2016,18:45:44,0,9.5105,18.539
4/19/2016,19:00:44,0,9.5116,17.995
4/19/2016,19:15:44,0,9.5128,17.76
4/19/2016,19:30:44,0,9.5135,16.965
4/19/2016,19:45:44,0,9.515,16.532
4/19/2016,20:00:44,0,9.5162,16.188
4/19/2016,20:15:44,0,9.518,15.927
4/19/2016,20:30:44,0,9.5198,15.948
4/19/2016,20:45:44,0,9.5197,15.411
4/19/2016,21:00:44,0,9.5203,15.132
4/19/2016,21:15:44,0,9.5203,14.949
4/19/2016,21:30:44,0,9.5206,14.388
4/19/2016,21:45:44,0,9.5196,14.491
4/19/2016,22:00:44,0,9.5175,14.226
4/19/2016,22:15:44,0,9.517,13.99
4/19/2016,22:30:44,0,9.5162,13.937
4/19/2016,22:45:44,0,9.5159,13.698
4/19/2016,23:00:44,0,9.5157,13.682
4/19/2016,23:15:44,0,9.5181,13.58
4/19/2016,23:30:44,0,9.5198,13.011
4/19/2016,23:45:44,0,9.5196,12.592
4/20/2016,0:00:44,0,9.5201,12.526
4/20/2016,0:15:44,0,9.5199,12.1
4/20/2016,0:30:44,0,9.52,11.755
4/20/2016,0:45:44,0,9.5197,11.818
4/20/2016,1:00:44,0,9.5189,11.445
4/20/2016,1:15:44,0,9.5183,11.211
4/20/2016,1:30:44,0,9.5176,11.181
4/20/2016,1:45:44,0,9.517,10.696
4/20/2016,2:00:44,0,9.5169,10.711
4/20/2016,2:15:44,0,9.5171,10.368
4/20/2016,2:30:44,0,9.5169,10.488
4/20/2016,2:45:44,0,9.5193,10.247
4/20/2016,3:00:44,0,9.5204,10.226
4/20/2016,3:15:44,0,9.5209,10.004
4/20/2016,3:30:44,0,9.5213,9.22
4/20/2016,3:45:44,0,9.5211,9.374
4/20/2016,4:00:44,0,9.5223,9.434
4/20/2016,4:15:44,0,9.5228,9.137
4/20/2016,4:30:44,0,9.5233,9.122
4/20/2016,4:45:44,0,9.5225,8.911
4/20/2016,5:00:44,0,9.5226,8.989
4/20/2016,5:15:44,0,9.5226,8.62
4/20/2016,5:30:44,0,9.5236,8.848
4/20/2016,5:45:44,0,9.5244,8.337
4/20/2016,6:00:44,0,9.5253,8.544
4/20/2016,6:15:44,0,9.5251,8.255
4/20/2016,6:30:44,0,9.5266,8.398
4/20/2016,6:45:44,0,9.5272,8.225
4/20/2016,7:00:44,0,9.5264,8.722
4/20/2016,7:15:44,0,9.5247,10.057
4/20/2016,7:30:44,0,9.5239,11.378
4/20/2016,7:45:44,0,9.5239,13.721
4/20/2016,8:00:44,0,9.5231,14.669
4/20/2016,8:15:44,0,9.5229,15.667
4/20/2016,8:30:44,0,9.5226,16.648
4/20/2016,8:45:44,0,9.5218,16.93
4/20/2016,9:00:44,0,9.5222,18.295
4/20/2016,9:15:44,0,9.5207,18.711
4/20/2016,9:30:44,0,9.5193,18.325
4/20/2016,9:45:44,0,9.5175,18.211
4/20/2016,10:00:44,0,9.5153,18.454
4/20/2016,10:15:44,0,9.5136,19.133
4/20/2016,10:30:44,0,9.5122,20.088
4/20/2016,10:45:44,0,9.5123,21.109
4/20/2016,11:00:44,0,9.5107,21.787
4/20/2016,11:15:44,0,9.5118,22.246
4/20/2016,11:30:44,0,9.5105,22.795
4/20/2016,11:45:44,0,9.5101,22.387
4/20/2016,12:00:44,0,9.5101,22.535
4/20/2016,12:15:44,0,9.5119,22.689
4/20/2016,12:30:44,0,9.5117,22.551
4/20/2016,12:45:44,0,9.5125,22.58
4/20/2016,13:00:44,0,9.5135,22.816
4/20/2016,13:15:44,0,9.5128,22.817
4/20/2016,13:30:44,0,9.5109,22.637
4/20/2016,13:45:44,0,9.5105,23.002
4/20/2016,14:00:44,0,9.5106,23.029
4/20/2016,14:15:44,0,9.5107,24.391
4/20/2016,14:30:44,0,9.5086,24.456
4/20/2016,14:45:44,0,9.5089,25.127
4/20/2016,15:00:44,0,9.5081,24.42
4/20/2016,15:15:44,0,9.5075,23.698
4/20/2016,15:30:44,0,9.5069,23.001
4/20/2016,15:45:44,0,9.5058,22.487
4/20/2016,16:00:44,0,9.5063,22.204
4/20/2016,16:15:44,0,9.5059,21.718
4/20/2016,16:30:44,0,9.5054,21.555
4/20/2016,16:45:44,0,9.5061,21.261
4/20/2016,17:00:44,0,9.5052,20.882
4/20/2016,17:15:44,0,9.5054,20.426
4/20/2016,17:30:44,0,9.5049,20.044
4/20/2016,17:45:44,0,9.506,19.716
4/20/2016,18:00:44,0,9.5066,19.311
4/20/2016,18:15:44,0,9.5077,18.765
4/20/2016,18:30:44,0,9.5086,18.169
4/20/2016,18:45:44,0,9.5089,17.282
4/20/2016,19:00:44,0,9.5096,16.714
4/20/2016,19:15:44,0,9.5104,16.168
4/20/2016,19:30:44,0,9.5122,15.226
4/20/2016,19:45:44,0,9.5148,14.449
4/20/2016,20:00:44,0,9.516,13.787
4/20/2016,20:15:44,0,9.5169,13.498
4/20/2016,20:30:44,0,9.5168,13.222
4/20/2016,20:45:44,0,9.5171,12.616
4/20/2016,21:00:44,0,9.5172,12.455
4/20/2016,21:15:44,0,9.5167,12.06
4/20/2016,21:30:44,0,9.5175,11.906
4/20/2016,21:45:44,0,9.5171,11.613
4/20/2016,22:00:44,0,9.5159,11.433
4/20/2016,22:15:44,0,9.5157,11.118
4/20/2016,22:30:44,0,9.5148,11.1
4/20/2016,22:45:44,0,9.5147,10.812
4/20/2016,23:00:44,0,9.5148,10.27
4/20/2016,23:15:44,0,9.5137,10.388
4/20/2016,23:30:44,0,9.5138,10.231
4/20/2016,23:45:44,0,9.5151,10.071
4/21/2016,0:00:44,0,9.5158,9.627
4/21/2016,0:15:44,0,9.5148,9.08
4/21/2016,0:30:44,0,9.515,9.127
4/21/2016,0:45:44,0,9.5142,9.178
4/21/2016,1:00:44,0,9.5137,8.953
4/21/2016,1:15:44,0,9.5141,8.975
4/21/2016,1:30:44,0,9.5127,8.256
4/21/2016,1:45:44,0,9.5118,8.491
4/21/2016,2:00:44,0,9.5117,8.449
4/21/2016,2:15:44,0,9.5116,7.847
4/21/2016,2:30:44,0,9.5125,7.803
4/21/2016,2:45:44,0,9.5124,8.084
4/21/2016,3:00:44,0,9.5125,7.246
4/21/2016,3:15:44,0,9.5109,7.252
4/21/2016,3:30:44,0,9.5108,7.524
4/21/2016,3:45:44,0,9.5133,7.139
4/21/2016,4:00:44,0,9.513,6.952
4/21/2016,4:15:44,0,9.5125,6.499
4/21/2016,4:30:44,0,9.511,6.842
4/21/2016,4:45:44,0,9.5094,6.092
4/21/2016,5:00:44,0,9.5087,6.626
4/21/2016,5:15:44,0,9.5094,6.759
4/21/2016,5:30:44,0,9.5104,6.417
4/21/2016,5:45:44,0,9.511,6.424
4/21/2016,6:00:44,0,9.5118,6.747
4/21/2016,6:15:44,0,9.5123,6.283
4/21/2016,6:30:44,0,9.5109,5.963
4/21/2016,6:45:44,0,9.5097,6.01
4/21/2016,7:00:44,0,9.509,6.352
4/21/2016,7:15:44,0,9.5085,7.401
4/21/2016,7:30:44,0,9.5075,8.307
4/21/2016,7:45:44,0,9.5057,9.919
4/21/2016,8:00:44,0,9.5056,10.746
4/21/2016,8:15:44,0,9.5035,11.597
4/21/2016,8:30:44,0,9.5018,12.217
4/21/2016,8:45:44,0,9.5007,13.178
4/21/2016,9:00:44,0,9.4988,14.582
4/21/2016,9:15:44,0,9.496,15.437
4/21/2016,9:30:44,0,9.4938,15.784
4/21/2016,9:45:44,0,9.4922,15.827
4/21/2016,10:00:44,0,9.4886,16.551
4/21/2016,10:15:44,0,9.4864,17.686
4/21/2016,10:30:44,0,9.4836,19.528
4/21/2016,10:45:44,0,9.4867,20.532
4/21/2016,11:00:44,0,9.4856,20.713
4/21/2016,11:15:44,0,9.4842,20.924
4/21/2016,11:30:44,0,9.4846,21.041
4/21/2016,11:45:44,0,9.4854,20.828
4/21/2016,12:00:44,0,9.4884,20.669
4/21/2016,12:15:44,0,9.4866,20.577
4/21/2016,12:30:44,0,9.4869,20.202
4/21/2016,12:45:44,0,9.4855,20.458
4/21/2016,13:00:44,0,9.485,20.661
4/21/2016,13:15:44,0,9.4853,20.559
4/21/2016,13:30:44,0,9.4845,20.044
4/21/2016,13:45:44,0,9.4828,20.227
4/21/2016,14:00:44,0,9.4817,20.75
4/21/2016,14:15:44,0,9.4809,21.751
4/21/2016,14:30:44,0,9.4805,21.524
4/21/2016,14:45:44,0,9.4821,21.56
4/21/2016,15:00:44,0,9.4837,20.848
4/21/2016,15:15:44,0,9.4824,20.041
4/21/2016,15:30:44,0,9.4809,19.764
4/21/2016,15:45:44,0,9.4801,19.637
4/21/2016,16:00:44,0,9.4786,19.625
4/21/2016,16:15:44,0,9.4806,18.797
4/21/2016,16:30:44,0,9.481,18.569
4/21/2016,16:45:44,0,9.4832,18.557
4/21/2016,17:00:44,0,9.4831,18.416
4/21/2016,17:15:44,0,9.4836,18.157
4/21/2016,17:30:44,0,9.4842,17.73
4/21/2016,17:45:44,0,9.4848,17.337
4/21/2016,18:00:44,0,9.4827,17.17
4/21/2016,18:15:44,0,9.4831,16.879
4/21/2016,18:30:44,0,9.4821,16.552
4/21/2016,18:45:44,0,9.4834,16.373
4/21/2016,19:00:44,0,9.4824,16.247
4/21/2016,19:15:44,0,9.4819,16.049
4/21/2016,19:30:44,0,9.4815,15.872
4/21/2016,19:45:44,0,9.481,15.734
4/21/2016,20:00:44,0,9.4808,15.657
4/21/2016,20:15:44,0,9.4805,15.487
4/21/2016,20:30:44,0,9.4809,15.444
4/21/2016,20:45:44,0,9.4804,15.26
4/21/2016,21:00:44,0,9.4803,15.229
4/21/2016,21:15:44,0,9.4801,15.118
4/21/2016,21:30:44,0,9.4786,15.021
4/21/2016,21:45:44,0,9.4778,14.935
4/21/2016,22:00:44,0,9.4752,14.815
4/21/2016,22:15:44,0,9.4755,14.623
4/21/2016,22:30:44,0,9.4747,14.412
4/21/2016,22:45:44,0,9.4756,14.326
4/21/2016,23:00:44,0,9.474,14.185
4/21/2016,23:15:44,0,9.4766,14.076
4/21/2016,23:30:44,0,9.4772,13.799
4/21/2016,23:45:44,0,9.4782,13.739
4/22/2016,0:00:44,0,9.4783,13.701
4/22/2016,0:15:44,0,9.4782,13.464
4/22/2016,0:30:44,0,9.4791,13.387
4/22/2016,0:45:44,0,9.4793,12.898
4/22/2016,1:00:44,0,9.4789,12.383
4/22/2016,1:15:44,0,9.4779,11.807
4/22/2016,1:30:44,0,9.4774,12.105
4/22/2016,1:45:44,0,9.4763,11.89
4/22/2016,2:00:44,0,9.4744,11.322
4/22/2016,2:15:44,0,9.4743,11.219
4/22/2016,2:30:44,0,9.4729,11.193
4/22/2016,2:45:44,0,9.4734,11.046
4/22/2016,3:00:44,0,9.4713,11.186
4/22/2016,3:15:44,0,9.4706,10.951
4/22/2016,3:30:44,0,9.4715,10.939
4/22/2016,3:45:44,0,9.4717,11.125
4/22/2016,4:00:44,0,9.4682,10.979
4/22/2016,4:15:44,0,9.4651,10.845
4/22/2016,4:30:44,0,9.4656,10.708
4/22/2016,4:45:44,0,9.4643,10.539
4/22/2016,5:00:44,0,9.4631,10.273
4/22/2016,5:15:44,0,9.4606,10.416
4/22/2016,5:30:44,0,9.4598,9.973
4/22/2016,5:45:44,0,9.4553,9.918
4/22/2016,6:00:44,0,9.4532,9.819
4/22/2016,6:15:44,0,9.4515,9.631
4/22/2016,6:30:44,0,9.4516,9.932
4/22/2016,6:45:44,0,9.452,10.242
4/22/2016,7:00:44,0,9.453,10.276
4/22/2016,7:15:44,0,9.4537,10.237
4/22/2016,7:30:44,0,9.4527,10.273
4/22/2016,7:45:44,0,9.4515,10.297
4/22/2016,8:00:44,0,9.4491,10.279
4/22/2016,8:15:44,0,9.4494,10.376
4/22/2016,8:30:44,0,9.4526,10.231
4/22/2016,8:45:44,0,9.4516,10.128
4/22/2016,9:00:44,0,9.453,10.318
4/22/2016,9:15:44,0,9.4656,9.974
4/22/2016,9:30:44,0,9.4696,9.47
4/22/2016,9:45:44,0,9.4727,8.536
4/22/2016,10:00:44,0,9.4683,8.007
4/22/2016,10:15:44,0,9.471,8.277
4/22/2016,10:30:44,0,9.4712,8.294
4/22/2016,10:45:44,0,9.4707,8.684
4/22/2016,11:00:44,0,9.4706,8.498
4/22/2016,11:15:44,0,9.4669,9.027
4/22/2016,11:30:44,0,9.4728,9.456
4/22/2016,11:45:44,0,9.4755,9.004
4/22/2016,12:00:44,0,9.4746,8.053
4/22/2016,12:15:44,0,9.4748,7.396
4/22/2016,12:30:44,0,9.4735,7.224
4/22/2016,12:45:44,0,9.4723,7.705
4/22/2016,13:00:44,0,9.4753,8.308
4/22/2016,13:15:44,0,9.4779,8.51
4/22/2016,13:30:44,0,9.4777,8.575
4/22/2016,13:45:44,0,9.4751,8.188
4/22/2016,14:00:44,0,9.4744,8.497
4/22/2016,14:15:44,0,9.4743,8.983
4/22/2016,14:30:44,0,9.4743,8.495
4/22/2016,14:45:44,0,9.4747,8.184
4/22/2016,15:00:44,0,9.4757,7.55
4/22/2016,15:15:44,0,9.4772,6.862
4/22/2016,15:30:44,0,9.4794,6.646
4/22/2016,15:45:44,0,9.4803,6.489
4/22/2016,16:00:44,0,9.4825,6.774
4/22/2016,16:15:44,0,9.4835,7.311
4/22/2016,16:30:44,0,9.4832,7.578
4/22/2016,16:45:44,0,9.4831,7.547
4/22/2016,17:00:44,0,9.4849,7.519
4/22/2016,17:15:44,0,9.494,7.646
4/22/2016,17:30:44,0,9.4982,6.858
4/22/2016,17:45:44,0,9.5009,6.831
4/22/2016,18:00:44,0,9.5012,6.884
4/22/2016,18:15:44,0,9.5029,7.104
4/22/2016,18:30:44,0,9.5058,6.841
4/22/2016,18:45:44,0,9.5089,6.505
4/22/2016,19:00:44,0,9.5114,6.309
4/22/2016,19:15:44,0,9.5142,6.184
4/22/2016,19:30:44,0,9.5164,5.977
4/22/2016,19:45:44,0,9.5183,5.873
4/22/2016,20:00:44,0,9.5201,5.817
4/22/2016,20:15:44,0,9.5233,5.863
4/22/2016,20:30:44,0,9.5284,5.885
4/22/2016,20:45:44,0,9.5308,5.812
4/22/2016,21:00:44,0,9.5327,5.881
4/22/2016,21:15:44,0,9.5352,5.763
4/22/2016,21:30:44,0,9.5363,5.697
4/22/2016,21:45:44,0,9.5377,5.726
4/22/2016,22:00:44,0,9.5392,5.664
4/22/2016,22:15:44,0,9.5399,5.642
4/22/2016,22:30:44,0,9.543,5.76
4/22/2016,22:45:44,0,9.5455,5.682
4/22/2016,23:00:44,0,9.546,5.515
4/22/2016,23:15:44,0,9.5482,5.442
4/22/2016,23:30:44,0,9.5507,5.348
4/22/2016,23:45:44,0,9.5511,5.226
4/23/2016,0:00:44,0,9.5524,5.071
4/23/2016,0:15:44,0,9.5542,5.237
4/23/2016,0:30:44,0,9.5558,5.25
4/23/2016,0:45:44,0,9.5562,5.328
4/23/2016,1:00:44,0,9.5565,5.358
4/23/2016,1:15:44,0,9.5577,5.38
4/23/2016,1:30:44,0,9.5591,5.439
4/23/2016,1:45:44,0,9.5595,5.441
4/23/2016,2:00:44,0,9.5613,5.481
4/23/2016,2:15:44,0,9.5626,5.516
4/23/2016,2:30:44,0,9.5626,5.426
4/23/2016,2:45:44,0,9.5641,5.517
4/23/2016,3:00:44,0,9.5653,5.379
4/23/2016,3:15:44,0,9.5661,5.259
4/23/2016,3:30:44,0,9.5671,5.23
4/23/2016,3:45:44,0,9.5675,5.276
4/23/2016,4:00:44,0,9.5691,5.301
4/23/2016,4:15:44,0,9.5707,5.385
4/23/2016,4:30:44,0,9.5723,5.395
4/23/2016,4:45:44,0,9.5732,5.343
4/23/2016,5:00:44,0,9.573,5.311
4/23/2016,5:15:44,0,9.5729,5.359
4/23/2016,5:30:44,0,9.5745,5.305
4/23/2016,5:45:44,0,9.5758,5.282
4/23/2016,6:00:44,0,9.5782,5.403
4/23/2016,6:15:44,0,9.5786,5.442
4/23/2016,6:30:44,0,9.581,5.602
4/23/2016,6:45:44,0,9.5829,5.848
4/23/2016,7:00:44,0,9.5843,6.037
4/23/2016,7:15:44,0,9.5848,6.02
4/23/2016,7:30:44,0,9.5849,6.366
4/23/2016,7:45:44,0,9.5852,6.647
4/23/2016,8:00:44,0,9.5845,6.588
4/23/2016,8:15:44,0,9.5813,6.828
4/23/2016,8:30:44,0,9.582,7.527
4/23/2016,8:45:44,0,9.5817,7.498
4/23/2016,9:00:44,0,9.5829,8.756
4/23/2016,9:15:44,0,9.585,8.742
4/23/2016,9:30:44,0,9.5833,8.669
4/23/2016,9:45:44,0,9.583,8.985
4/23/2016,10:00:44,0,9.5826,9.128
4/23/2016,10:15:44,0,9.58,9.219
4/23/2016,10:30:44,0,9.5795,9.546
4/23/2016,10:45:44,0,9.5795,10.528
4/23/2016,11:00:44,0,9.5799,9.795
4/23/2016,11:15:44,0,9.5768,9.549
4/23/2016,11:30:44,0,9.577,9.374
4/23/2016,11:45:44,0,9.5747,9.491
4/23/2016,12:00:44,0,9.5733,10.052
4/23/2016,12:15:44,0,9.5728,9.543
4/23/2016,12:30:44,0,9.5718,9.86
4/23/2016,12:45:44,0,9.5733,9.962
4/23/2016,13:00:44,0,9.573,10.135
4/23/2016,13:15:44,0,9.5737,10.411
4/23/2016,13:30:44,0,9.5746,10.787
4/23/2016,13:45:44,0,9.5729,10.382
4/23/2016,14:00:44,0,9.5708,10.78
4/23/2016,14:15:44,0,9.5704,10.818
4/23/2016,14:30:44,0,9.569,10.991
4/23/2016,14:45:44,0,9.5704,11.355
4/23/2016,15:00:44,0,9.5663,10.806
4/23/2016,15:15:44,0,9.5664,11.278
4/23/2016,15:30:44,0,9.5652,10.743
4/23/2016,15:45:44,0,9.5642,10.787
4/23/2016,16:00:44,0,9.5636,10.692
4/23/2016,16:15:44,0,9.564,10.896
4/23/2016,16:30:44,0,9.5642,10.906
4/23/2016,16:45:44,0,9.5646,10.935
4/23/2016,17:00:44,0,9.5654,10.791
4/23/2016,17:15:44,0,9.5664,10.95
4/23/2016,17:30:44,0,9.5663,10.889
4/23/2016,17:45:44,0,9.5658,10.82
4/23/2016,18:00:44,0,9.5675,10.726
4/23/2016,18:15:44,0,9.5675,10.622
4/23/2016,18:30:44,0,9.569,10.474
4/23/2016,18:45:44,0,9.5695,10.342
4/23/2016,19:00:44,0,9.5695,10.065
4/23/2016,19:15:44,0,9.5698,9.921
4/23/2016,19:30:44,0,9.5708,9.603
4/23/2016,19:45:44,0,9.5719,9.177
4/23/2016,20:00:44,0,9.5724,8.942
4/23/2016,20:15:44,0,9.5718,8.8
4/23/2016,20:30:44,0,9.5718,8.594
4/23/2016,20:45:44,0,9.5717,8.398
4/23/2016,21:00:44,0,9.5713,8.341
4/23/2016,21:15:44,0,9.5705,8.192
4/23/2016,21:30:44,0,9.57,7.889
4/23/2016,21:45:44,0,9.57,7.842
4/23/2016,22:00:44,0,9.5677,8.014
4/23/2016,22:15:44,0,9.5661,7.934
4/23/2016,22:30:44,0,9.5641,7.614
4/23/2016,22:45:44,0,9.5631,7.476
4/23/2016,23:00:44,0,9.5625,7.61
4/23/2016,23:15:44,0,9.564,7.377
4/23/2016,23:30:44,0,9.5635,7.486
4/23/2016,23:45:44,0,9.5638,7.208
4/24/2016,0:00:44,0,9.5623,6.957
4/24/2016,0:15:44,0,9.5602,6.926
4/24/2016,0:30:44,0,9.559,6.958
4/24/2016,0:45:44,0,9.559,7.116
4/24/2016,1:00:44,0,9.5581,7.079
4/24/2016,1:15:44,0,9.5576,7.031
4/24/2016,1:30:44,0,9.5565,7.183
4/24/2016,1:45:44,0,9.5552,7.22
4/24/2016,2:00:44,0,9.5537,6.49
4/24/2016,2:15:44,0,9.5524,6.76
4/24/2016,2:30:44,0,9.551,6.921
4/24/2016,2:45:44,0,9.552,6.769
4/24/2016,3:00:44,0,9.5515,6.588
4/24/2016,3:15:44,0,9.5519,6.532
4/24/2016,3:30:44,0,9.5511,6.313
4/24/2016,3:45:44,0,9.5484,5.823
4/24/2016,4:00:44,0,9.548,6.271
4/24/2016,4:15:44,0,9.5464,6.271
4/24/2016,4:30:44,0,9.5459,6.228
4/24/2016,4:45:44,0,9.5463,6.051
4/24/2016,5:00:44,0,9.5463,5.974
4/24/2016,5:15:44,0,9.5464,5.8
4/24/2016,5:30:44,0,9.5465,6.085
4/24/2016,5:45:44,0,9.5468,6.22
4/24/2016,6:00:44,0,9.5446,5.983
4/24/2016,6:15:44,0,9.5445,5.993
4/24/2016,6:30:44,0,9.544,6.13
4/24/2016,6:45:44,0,9.543,6.351
4/24/2016,7:00:44,0,9.5415,6.702
4/24/2016,7:15:44,0,9.5414,7.088
4/24/2016,7:30:44,0,9.5391,7.65
4/24/2016,7:45:44,0,9.5369,8.399
4/24/2016,8:00:44,0,9.5348,9.776
4/24/2016,8:15:44,0,9.5339,10.573
4/24/2016,8:30:44,0,9.532,11.179
4/24/2016,8:45:44,0,9.5304,12.284
4/24/2016,9:00:44,0,9.527,12.881
4/24/2016,9:15:44,0,9.5265,13.067
4/24/2016,9:30:44,0,9.5242,13.401
4/24/2016,9:45:44,0,9.5217,13.373
4/24/2016,10:00:44,0,9.5208,13.12
4/24/2016,10:15:44,0,9.5184,13.465
4/24/2016,10:30:44,0,9.5189,13.201
4/24/2016,10:45:44,0,9.5153,13.574
4/24/2016,11:00:44,0,9.516,13.071
4/24/2016,11:15:44,0,9.5163,12.313
4/24/2016,11:30:44,0,9.5113,12.179
4/24/2016,11:45:44,0,9.5105,13.088
4/24/2016,12:00:44,0,9.5105,13.796
4/24/2016,12:15:44,0,9.5099,13.434
4/24/2016,12:30:44,0,9.5083,13.679
4/24/2016,12:45:44,0,9.5053,14.308
4/24/2016,13:00:44,0,9.5046,14.096
4/24/2016,13:15:44,0,9.5033,14.4
4/24/2016,13:30:44,0,9.5031,14.711
4/24/2016,13:45:44,0,9.4999,14.482
4/24/2016,14:00:44,0,9.4974,15.197
4/24/2016,14:15:44,0,9.4975,14.392
4/24/2016,14:30:44,0,9.4959,14.678
4/24/2016,14:45:44,0,9.4925,14.629
4/24/2016,15:00:44,0,9.494,14.144
4/24/2016,15:15:44,0,9.4919,13.874
4/24/2016,15:30:44,0,9.4905,13.634
4/24/2016,15:45:44,0,9.4897,13.479
4/24/2016,16:00:44,0,9.4888,13.796
4/24/2016,16:15:44,0,9.4888,13.36
4/24/2016,16:30:44,0,9.4896,13.052
4/24/2016,16:45:44,0,9.491,12.963
4/24/2016,17:00:44,0,9.4914,13.018
4/24/2016,17:15:44,0,9.4909,12.852
4/24/2016,17:30:44,0,9.4904,12.698
4/24/2016,17:45:44,0,9.4896,12.379
4/24/2016,18:00:44,0,9.4899,11.91
4/24/2016,18:15:44,0,9.4913,11.296
4/24/2016,18:30:44,0,9.4908,11.046
4/24/2016,18:45:44,0,9.4911,10.619
4/24/2016,19:00:44,0,9.4926,10.4
4/24/2016,19:15:44,0,9.4924,10.199
4/24/2016,19:30:44,0,9.4938,9.826
4/24/2016,19:45:44,0,9.4959,9.798
4/24/2016,20:00:44,0,9.4965,9.492
4/24/2016,20:15:44,0,9.498,9.165
4/24/2016,20:30:44,0,9.4985,9.019
4/24/2016,20:45:44,0,9.4992,8.944
4/24/2016,21:00:44,0,9.4999,8.759
4/24/2016,21:15:44,0,9.4998,8.779
4/24/2016,21:30:44,0,9.5002,8.475
4/24/2016,21:45:44,0,9.5004,8.38
4/24/2016,22:00:44,0,9.5015,8.266
4/24/2016,22:15:44,0,9.5007,8.147
4/24/2016,22:30:44,0,9.5013,7.89
4/24/2016,22:45:44,0,9.501,7.49
4/24/2016,23:00:44,0,9.5002,7.32
4/24/2016,23:15:44,0,9.5013,7.333
4/24/2016,23:30:44,0,9.5031,7.293
4/24/2016,23:45:44,0,9.501,6.754
4/25/2016,0:00:44,0,9.4996,6.936
4/25/2016,0:15:44,0,9.4995,6.52
4/25/2016,0:30:44,0,9.4971,6.259
4/25/2016,0:45:44,0,9.4953,6.078
4/25/2016,1:00:44,0,9.496,6.222
4/25/2016,1:15:44,0,9.4961,5.724
4/25/2016,1:30:44,0,9.4962,5.661
4/25/2016,1:45:44,0,9.4964,5.639
4/25/2016,2:00:44,0,9.4978,5.476
4/25/2016,2:15:44,0,9.4995,5.115
4/25/2016,2:30:44,0,9.4998,4.981
4/25/2016,2:45:44,0,9.499,5.086
4/25/2016,3:00:44,0,9.4973,5.316
4/25/2016,3:15:44,0,9.498,5.246
4/25/2016,3:30:44,0,9.497,4.616
4/25/2016,3:45:44,0,9.4955,4.389
4/25/2016,4:00:44,0,9.4943,4.615
4/25/2016,4:15:44,0,9.4943,4.769
4/25/2016,4:30:44,0,9.4938,4.558
4/25/2016,4:45:44,0,9.4933,4.588
4/25/2016,5:00:44,0,9.4924,4.641
4/25/2016,5:15:44,0,9.4924,4.48
4/25/2016,5:30:44,0,9.4917,4.184
4/25/2016,5:45:44,0,9.4922,4.241
4/25/2016,6:00:44,0,9.4939,4.153
4/25/2016,6:15:44,0,9.4947,3.371
4/25/2016,6:30:44,0,9.4947,3.492
4/25/2016,6:45:44,0,9.4964,3.464
4/25/2016,7:00:44,0,9.4974,3.729
4/25/2016,7:15:44,0,9.4982,3.385
4/25/2016,7:30:44,0,9.4984,3.871
4/25/2016,7:45:44,0,9.4977,4.82
4/25/2016,8:00:44,0,9.4982,5.757
4/25/2016,8:15:44,0,9.4981,7.198
4/25/2016,8:30:44,0,9.4972,9.501
4/25/2016,8:45:44,0,9.4974,10.483
4/25/2016,9:00:44,0,9.4961,10.975
4/25/2016,9:15:44,0,9.4982,10.655
4/25/2016,9:30:44,0,9.4973,10.63
4/25/2016,9:45:44,0,9.499,10.884
4/25/2016,10:00:44,0,9.4983,11.389
4/25/2016,10:15:44,0,9.5003,11.756
4/25/2016,10:30:44,0,9.4984,12.054
4/25/2016,10:45:44,0,9.4973,12.674
4/25/2016,11:00:44,0,9.4985,13.193
4/25/2016,11:15:44,0,9.4984,12.863
4/25/2016,11:30:44,0,9.4982,12.537
4/25/2016,11:45:44,0,9.4991,12.945
4/25/2016,12:00:44,0,9.4985,13.041
4/25/2016,12:15:44,0,9.4972,13.705
4/25/2016,12:30:44,0,9.498,13.638
4/25/2016,12:45:44,0,9.4987,13.391
4/25/2016,13:00:44,0,9.4984,13.947
4/25/2016,13:15:44,0,9.4993,13.771
4/25/2016,13:30:44,0,9.5005,14.2
4/25/2016,13:45:44,0,9.5004,13.917
4/25/2016,14:00:44,0,9.5001,14.157
4/25/2016,14:15:44,0,9.5015,14.293
4/25/2016,14:30:44,0,9.501,14.056
4/25/2016,14:45:44,0,9.5011,14.273
4/25/2016,15:00:44,0,9.5007,14.209
4/25/2016,15:15:44,0,9.5013,14.607
4/25/2016,15:30:44,0,9.5013,14.94
4/25/2016,15:45:44,0,9.5009,14.896
4/25/2016,16:00:44,0,9.502,14.961
4/25/2016,16:15:44,0,9.5029,14.739
4/25/2016,16:30:44,0,9.5031,14.736
4/25/2016,16:45:44,0,9.5041,13.902
4/25/2016,17:00:44,0,9.5041,13.515
4/25/2016,17:15:44,0,9.5055,13.15
4/25/2016,17:30:44,0,9.5052,12.903
4/25/2016,17:45:44,0,9.5061,12.727
4/25/2016,18:00:44,0,9.5076,12.678
4/25/2016,18:15:44,0,9.5088,12.266
4/25/2016,18:30:44,0,9.5106,12.06
4/25/2016,18:45:44,0,9.513,12.001
4/25/2016,19:00:44,0,9.5151,11.392
4/25/2016,19:15:44,0,9.5161,11.16
4/25/2016,19:30:44,0,9.5198,10.943
4/25/2016,19:45:44,0,9.5189,10.581
4/25/2016,20:00:44,0,9.5187,10.284
4/25/2016,20:15:44,0,9.5203,9.85
4/25/2016,20:30:44,0,9.5239,9.439
4/25/2016,20:45:44,0,9.5257,9.02
4/25/2016,21:00:44,0,9.5265,8.756
4/25/2016,21:15:44,0,9.5271,8.189
4/25/2016,21:30:44,0,9.5284,7.884
4/25/2016,21:45:44,0,9.5297,7.774
4/25/2016,22:00:44,0,9.5304,7.577
4/25/2016,22:15:44,0,9.5319,7.185
4/25/2016,22:30:44,0,9.5321,7.023
4/25/2016,22:45:44,0,9.5313,6.832
4/25/2016,23:00:44,0,9.5323,6.636
4/25/2016,23:15:44,0,9.5334,6.5
4/25/2016,23:30:44,0,9.5344,6.417
4/25/2016,23:45:44,0,9.5338,6.169
4/26/2016,0:00:44,0,9.535,5.95
4/26/2016,0:15:44,0,9.5342,5.502
4/26/2016,0:30:44,0,9.5344,5.654
4/26/2016,0:45:44,0,9.5349,5.562
4/26/2016,1:00:44,0,9.534,5.509
4/26/2016,1:15:44,0,9.5346,5.409
4/26/2016,1:30:44,0,9.534,5.328
4/26/2016,1:45:44,0,9.5342,4.993
4/26/2016,2:00:44,0,9.5345,4.989
4/26/2016,2:15:44,0,9.5355,4.608
4/26/2016,2:30:44,0,9.5352,4.518
4/26/2016,2:45:44,0,9.5353,4.367
4/26/2016,3:00:44,0,9.536,4.248
4/26/2016,3:15:44,0,9.5359,4.091
4/26/2016,3:30:44,0,9.5356,4.021
4/26/2016,3:45:44,0,9.5345,4.09
4/26/2016,4:00:44,0,9.5331,3.884
4/26/2016,4:15:44,0,9.5332,3.676
4/26/2016,4:30:44,0,9.5336,3.59
4/26/2016,4:45:44,0,9.5339,3.63
4/26/2016,5:00:44,0,9.5347,3.447
4/26/2016,5:15:44,0,9.5342,3.286
4/26/2016,5:30:44,0,9.5341,3.36
4/26/2016,5:45:44,0,9.5355,3.433
4/26/2016,6:00:44,0,9.5347,3.285
4/26/2016,6:15:44,0,9.5355,3.365
4/26/2016,6:30:44,0,9.5359,3.382
4/26/2016,6:45:44,0,9.5356,3.776
4/26/2016,7:00:44,0,9.5347,4.139
4/26/2016,7:15:44,0,9.5339,4.812
4/26/2016,7:30:44,0,9.5337,5.987
4/26/2016,7:45:44,0,9.5337,7.846
4/26/2016,8:00:44,0,9.532,9.012
4/26/2016,8:15:44,0,9.531,10.067
4/26/2016,8:30:44,0,9.531,11.384
4/26/2016,8:45:44,0,9.5333,13.182
4/26/2016,9:00:44,0,9.5336,14.176
4/26/2016,9:15:44,0,9.5321,13.94
4/26/2016,9:30:44,0,9.5297,14.195
4/26/2016,9:45:44,0,9.5287,14.498
4/26/2016,10:00:44,0,9.5286,15.684
4/26/2016,10:15:44,0,9.5279,16.453
4/26/2016,10:30:44,0,9.5267,16.648
4/26/2016,10:45:44,0,9.5267,17.297
4/26/2016,11:00:44,0,9.525,16.759
4/26/2016,11:15:44,0,9.5239,16.723
4/26/2016,11:30:44,0,9.5244,16.784
4/26/2016,11:45:44,0,9.5245,16.898
4/26/2016,12:00:44,0,9.5228,17.049
4/26/2016,12:15:44,0,9.5225,17.406
4/26/2016,12:30:44,0,9.5222,17.093
4/26/2016,12:45:44,0,9.5214,17.107
4/26/2016,13:00:44,0,9.523,17.55
4/26/2016,13:15:44,0,9.5242,17.596
4/26/2016,13:30:44,0,9.525,17.741
4/26/2016,13:45:44,0,9.5246,16.931
4/26/2016,14:00:44,0,9.5261,16.795
4/26/2016,14:15:44,0,9.5263,16.534
4/26/2016,14:30:44,0,9.5272,16.045
4/26/2016,14:45:44,0,9.5269,15.927
4/26/2016,15:00:44,0,9.5281,15.718
4/26/2016,15:15:44,0,9.5268,15.779
4/26/2016,15:30:44,0,9.5272,15.518
4/26/2016,15:45:44,0,9.5274,15.463
4/26/2016,16:00:44,0,9.5261,15.1
4/26/2016,16:15:44,0,9.5261,15.093
4/26/2016,16:30:44,0,9.5251,15.033
4/26/2016,16:45:44,0,9.5228,14.889
4/26/2016,17:00:44,0,9.5214,14.909
4/26/2016,17:15:44,0,9.5219,14.795
4/26/2016,17:30:44,0,9.5232,14.261
4/26/2016,17:45:44,0,9.5227,14.061
4/26/2016,18:00:44,0,9.5229,13.651
4/26/2016,18:15:44,0,9.5228,13.521
4/26/2016,18:30:44,0,9.523,13.101
4/26/2016,18:45:44,0,9.5254,12.697
4/26/2016,19:00:44,0,9.526,12.403
4/26/2016,19:15:44,0,9.5261,12.05
4/26/2016,19:30:44,0,9.5261,11.776
4/26/2016,19:45:44,0,9.5262,11.612
4/26/2016,20:00:44,0,9.5272,11.354
4/26/2016,20:15:44,0,9.5274,11.097
4/26/2016,20:30:44,0,9.5295,10.927
4/26/2016,20:45:44,0,9.5308,10.687
4/26/2016,21:00:44,0,9.5322,10.546
4/26/2016,21:15:44,0,9.5316,10.317
4/26/2016,21:30:44,0,9.5316,10.329
4/26/2016,21:45:44,0,9.5317,10.219
4/26/2016,22:00:44,0,9.5322,10.139
4/26/2016,22:15:44,0,9.5325,9.852
4/26/2016,22:30:44,0,9.5315,9.813
4/26/2016,22:45:44,0,9.5309,9.898
4/26/2016,23:00:44,0,9.53,9.657
4/26/2016,23:15:44,0,9.5294,9.681
4/26/2016,23:30:44,0,9.5272,9.499
4/26/2016,23:45:44,0,9.5272,9.396
4/27/2016,0:00:44,0,9.5256,9.338
4/27/2016,0:15:44,0,9.525,9.31
4/27/2016,0:30:44,0,9.5236,9.05
4/27/2016,0:45:44,0,9.5216,8.924
4/27/2016,1:00:44,0,9.522,8.758
4/27/2016,1:15:44,0,9.5211,8.583
4/27/2016,1:30:44,0,9.5198,8.366
4/27/2016,1:45:44,0,9.5189,8.048
4/27/2016,2:00:44,0,9.5176,7.987
4/27/2016,2:15:44,0,9.5164,7.586
4/27/2016,2:30:44,0,9.5149,7.482
4/27/2016,2:45:44,0,9.5142,7.354
4/27/2016,3:00:44,0,9.5143,7.231
4/27/2016,3:15:44,0,9.5141,6.959
4/27/2016,3:30:44,0,9.513,6.817
4/27/2016,3:45:44,0,9.5114,6.867
4/27/2016,4:00:44,0,9.5111,6.689
4/27/2016,4:15:44,0,9.5104,6.804
4/27/2016,4:30:44,0,9.5115,6.466
4/27/2016,4:45:44,0,9.5115,6.481
4/27/2016,5:00:44,0,9.511,6.305
4/27/2016,5:15:44,0,9.5092,6.145
4/27/2016,5:30:44,0,9.5082,6.234
4/27/2016,5:45:44,0,9.5079,6.331
4/27/2016,6:00:44,0,9.5068,6.416
4/27/2016,6:15:44,0,9.5066,6.607
4/27/2016,6:30:44,0,9.5061,6.714
4/27/2016,6:45:44,0,9.5044,7.063
4/27/2016,7:00:44,0,9.5023,8.12
4/27/2016,7:15:44,0,9.5023,8.537
4/27/2016,7:30:44,0,9.5008,9.291
4/27/2016,7:45:44,0,9.501,9.477
4/27/2016,8:00:44,0,9.4997,10.453
4/27/2016,8:15:44,0,9.4998,10.963
4/27/2016,8:30:44,0,9.4977,11.109
4/27/2016,8:45:44,0,9.497,11.541
4/27/2016,9:00:44,0,9.496,11.932
4/27/2016,9:15:44,0,9.4933,11.91
4/27/2016,9:30:44,0,9.4907,13.261
4/27/2016,9:45:44,0,9.4887,14.058
4/27/2016,10:00:44,0,9.4856,14.758
4/27/2016,10:15:44,0,9.4839,14.896
4/27/2016,10:30:44,0,9.4828,14.746
4/27/2016,10:45:44,0,9.4796,14.525
4/27/2016,11:00:44,0,9.4771,15.188
4/27/2016,11:15:44,0,9.4786,15.479
4/27/2016,11:30:44,0,9.4784,15.583
4/27/2016,11:45:44,0,9.4754,15.172
4/27/2016,12:00:44,0,9.4754,14.906
4/27/2016,12:15:44,0,9.4749,14.765
4/27/2016,12:30:44,0,9.4748,14.77
4/27/2016,12:45:44,0,9.474,14.367
4/27/2016,13:00:44,0,9.477,14.493
4/27/2016,13:15:44,0,9.4769,14.157
4/27/2016,13:30:44,0,9.4779,14.266
4/27/2016,13:45:44,0,9.4753,13.894
4/27/2016,14:00:44,0,9.4743,13.866
4/27/2016,14:15:44,0,9.4753,13.84
4/27/2016,14:30:44,0,9.4735,13.956
4/27/2016,14:45:44,0,9.4741,14.418
4/27/2016,15:00:44,0,9.4758,12.282
4/27/2016,15:15:44,0,9.4766,11.72
4/27/2016,15:30:44,0,9.4757,11.405
4/27/2016,15:45:44,0,9.475,11.012
4/27/2016,16:00:44,0,9.4722,11.285
4/27/2016,16:15:44,0,9.472,11.447
4/27/2016,16:30:44,0,9.4732,10.993
4/27/2016,16:45:44,0,9.4696,11.258
4/27/2016,17:00:44,0,9.4684,11.729
4/27/2016,17:15:44,0,9.4685,11.994
4/27/2016,17:30:44,0,9.468,12.019
4/27/2016,17:45:44,0,9.4682,12.006
4/27/2016,18:00:44,0,9.4689,11.732
4/27/2016,18:15:44,0,9.4717,11.498
4/27/2016,18:30:44,0,9.4722,11.322
4/27/2016,18:45:44,0,9.4712,11.325
4/27/2016,19:00:44,0,9.4724,10.903
4/27/2016,19:15:44,0,9.4747,10.236
4/27/2016,19:30:44,0,9.4757,10.073
4/27/2016,19:45:44,0,9.4771,9.922
4/27/2016,20:00:44,0,9.4781,9.413
4/27/2016,20:15:44,0,9.4795,9.199
4/27/2016,20:30:44,0,9.4818,9
4/27/2016,20:45:44,0,9.4836,8.653
4/27/2016,21:00:44,0,9.4842,8.62
4/27/2016,21:15:44,0,9.484,8.427
4/27/2016,21:30:44,0,9.4829,8.107
4/27/2016,21:45:44,0,9.4817,8.01
4/27/2016,22:00:44,0,9.4833,7.679
4/27/2016,22:15:44,0,9.4832,7.226
4/27/2016,22:30:44,0,9.482,7.258
4/27/2016,22:45:44,0,9.4821,7.29
4/27/2016,23:00:44,0,9.4826,6.903
4/27/2016,23:15:44,0,9.4813,7.03
4/27/2016,23:30:44,0,9.4809,6.942
4/27/2016,23:45:44,0,9.481,6.528
4/28/2016,0:00:44,0,9.479,6.64
4/28/2016,0:15:44,0,9.4785,6.61
4/28/2016,0:30:44,0,9.4765,6.059
4/28/2016,0:45:44,0,9.4769,6.113
4/28/2016,1:00:44,0,9.4778,5.955
4/28/2016,1:15:44,0,9.4777,5.596
4/28/2016,1:30:44,0,9.4773,5.619
4/28/2016,1:45:44,0,9.4772,5.565
4/28/2016,2:00:44,0,9.4764,5.48
4/28/2016,2:15:44,0,9.4769,5.521
4/28/2016,2:30:44,0,9.4766,5.291
4/28/2016,2:45:44,0,9.4762,5.229
4/28/2016,3:00:44,0,9.4771,5.281
4/28/2016,3:15:44,0,9.476,4.859
4/28/2016,3:30:44,0,9.4757,5.108
4/28/2016,3:45:44,0,9.4773,5.074
4/28/2016,4:00:44,0,9.4792,4.924
4/28/2016,4:15:44,0,9.4813,4.942
4/28/2016,4:30:44,0,9.4817,5.01
4/28/2016,4:45:44,0,9.4814,5.179
4/28/2016,5:00:44,0,9.4846,5.152
4/28/2016,5:15:44,0,9.4862,4.582
4/28/2016,5:30:44,0,9.4855,4.825
4/28/2016,5:45:44,0,9.4883,4.547
4/28/2016,6:00:44,0,9.4888,4.374
4/28/2016,6:15:44,0,9.4904,4.294
4/28/2016,6:30:44,0,9.4899,4.34
4/28/2016,6:45:44,0,9.4871,4.666
4/28/2016,7:00:44,0,9.4878,5.285
4/28/2016,7:15:44,0,9.4864,5.79
4/28/2016,7:30:44,0,9.4869,6.736
4/28/2016,7:45:44,0,9.4855,8.638
4/28/2016,8:00:44,0,9.4863,9.558
4/28/2016,8:15:44,0,9.4858,11.314
4/28/2016,8:30:44,0,9.4853,12.239
4/28/2016,8:45:44,0,9.4846,13.891
4/28/2016,9:00:44,0,9.4845,14.743
4/28/2016,9:15:44,0,9.4829,14.885
4/28/2016,9:30:44,0,9.4844,15.4
4/28/2016,9:45:44,0,9.4856,15.915
4/28/2016,10:00:44,0,9.4875,16.814
4/28/2016,10:15:44,0,9.4901,17.472
4/28/2016,10:30:44,0,9.4884,17.725
4/28/2016,10:45:44,0,9.487,18.003
4/28/2016,11:00:44,0,9.4873,17.971
4/28/2016,11:15:44,0,9.4857,18.242
4/28/2016,11:30:44,0,9.485,18.569
4/28/2016,11:45:44,0,9.4833,18.568
4/28/2016,12:00:44,0,9.4826,19.149
4/28/2016,12:15:44,0,9.4808,19.387
4/28/2016,12:30:44,0,9.4793,19.558
4/28/2016,12:45:44,0,9.4808,19.326
4/28/2016,13:00:44,0,9.48,19.516
4/28/2016,13:15:44,0,9.4802,19.22
4/28/2016,13:30:44,0,9.4785,19.609
4/28/2016,13:45:44,0,9.4788,20.031
4/28/2016,14:00:44,0,9.4785,19.554
4/28/2016,14:15:44,0,9.4773,20.294
4/28/2016,14:30:44,0,9.4771,20.806
4/28/2016,14:45:44,0,9.4775,20.057
4/28/2016,15:00:44,0,9.4786,20.607
4/28/2016,15:15:44,0,9.4783,20.641
4/28/2016,15:30:44,0,9.4805,20.671
4/28/2016,15:45:44,0,9.4791,20.747
4/28/2016,16:00:44,0,9.4788,20.597
4/28/2016,16:15:44,0,9.4788,20.435
4/28/2016,16:30:44,0,9.48,20.25
4/28/2016,16:45:44,0,9.4815,20.073
4/28/2016,17:00:44,0,9.482,19.95
4/28/2016,17:15:44,0,9.4841,19.75
4/28/2016,17:30:44,0,9.4855,19.637
4/28/2016,17:45:44,0,9.4878,19.3
4/28/2016,18:00:44,0,9.4898,19
4/28/2016,18:15:44,0,9.4913,18.593
4/28/2016,18:30:44,0,9.4912,18.072
4/28/2016,18:45:44,0,9.4919,17.379
4/28/2016,19:00:44,0,9.4946,16.559
4/28/2016,19:15:44,0,9.4964,16.019
4/28/2016,19:30:44,0,9.4996,15.207
4/28/2016,19:45:44,0,9.5018,14.633
4/28/2016,20:00:44,0,9.5041,14.228
4/28/2016,20:15:44,0,9.508,13.664
4/28/2016,20:30:44,0,9.513,13.333
4/28/2016,20:45:44,0,9.5152,12.801
4/28/2016,21:00:44,0,9.5163,12.677
4/28/2016,21:15:44,0,9.517,11.809
4/28/2016,21:30:44,0,9.517,11.619
4/28/2016,21:45:44,0,9.5161,11.302
4/28/2016,22:00:44,0,9.5158,11.196
4/28/2016,22:15:44,0,9.5154,10.812
4/28/2016,22:30:44,0,9.5156,10.724
4/28/2016,22:45:44,0,9.5165,10.63
4/28/2016,23:00:44,0,9.5174,10.206
4/28/2016,23:15:44,0,9.5186,10.129
4/28/2016,23:30:44,0,9.5192,9.66
4/28/2016,23:45:44,0,9.5193,9.567
4/29/2016,0:00:44,0,9.5185,9.315
4/29/2016,0:15:44,0,9.5197,9.466
4/29/2016,0:30:44,0,9.519,9.283
4/29/2016,0:45:44,0,9.5177,9.721
4/29/2016,1:00:44,0,9.5172,10.074
4/29/2016,1:15:44,0,9.5166,10.104
4/29/2016,1:30:44,0,9.5183,10.161
4/29/2016,1:45:44,0,9.5204,10.057
4/29/2016,2:00:44,0,9.522,9.76
4/29/2016,2:15:44,0,9.5218,9.433
4/29/2016,2:30:44,0,9.5201,9.287
4/29/2016,2:45:44,0,9.5226,9.259
4/29/2016,3:00:44,0,9.5228,8.981
4/29/2016,3:15:44,0,9.5245,8.79
4/29/2016,3:30:44,0,9.5254,8.527
4/29/2016,3:45:44,0,9.5261,8.372
4/29/2016,4:00:44,0,9.5255,8.26
4/29/2016,4:15:44,0,9.5249,8.133
4/29/2016,4:30:44,0,9.524,8.064
4/29/2016,4:45:44,0,9.5234,7.976
4/29/2016,5:00:44,0,9.5216,8.549
4/29/2016,5:15:44,0,9.5225,8.922
4/29/2016,5:30:44,0,9.5239,8.872
4/29/2016,5:45:44,0,9.5236,9.135
4/29/2016,6:00:44,0,9.5263,9.179
4/29/2016,6:15:44,0,9.5275,9.312
4/29/2016,6:30:44,0,9.528,9.357
4/29/2016,6:45:44,0,9.5297,9.646
4/29/2016,7:00:44,0,9.5304,9.805
4/29/2016,7:15:44,0,9.5324,10.135
4/29/2016,7:30:44,0,9.5314,10.367
4/29/2016,7:45:44,0,9.5297,11.01
4/29/2016,8:00:44,0,9.5293,11.481
4/29/2016,8:15:44,0,9.5315,12.813
4/29/2016,8:30:44,0,9.5317,13.726
4/29/2016,8:45:44,0,9.5308,14.805
4/29/2016,9:00:44,0,9.531,15.576
4/29/2016,9:15:44,0,9.5298,15.546
4/29/2016,9:30:44,0,9.5264,16.04
4/29/2016,9:45:44,0,9.5244,17
4/29/2016,10:00:44,0,9.5244,18.406
4/29/2016,10:15:44,0,9.5229,19.517
4/29/2016,10:30:44,0,9.5199,19.669
4/29/2016,10:45:44,0,9.5209,19.517
4/29/2016,11:00:44,0,9.5223,19.679
4/29/2016,11:15:44,0,9.5182,19.068
4/29/2016,11:30:44,0,9.5193,19.619
4/29/2016,11:45:44,0,9.5178,19.288
4/29/2016,12:00:44,0,9.516,19.183
4/29/2016,12:15:44,0,9.5148,19.187
4/29/2016,12:30:44,0,9.5161,19.439
4/29/2016,12:45:44,0,9.5109,19.579
4/29/2016,13:00:44,0,9.5127,19.107
4/29/2016,13:15:44,0,9.511,20.268
4/29/2016,13:30:44,0,9.5083,20.089
4/29/2016,13:45:44,0,9.5072,19.768
4/29/2016,14:00:44,0,9.5051,20.455
4/29/2016,14:15:44,0,9.5039,20.461
4/29/2016,14:30:44,0,9.5009,20.446
4/29/2016,14:45:44,0,9.4996,20.496
4/29/2016,15:00:44,0,9.4965,20.054
4/29/2016,15:15:44,0,9.494,19.669
4/29/2016,15:30:44,0,9.4921,19.504
4/29/2016,15:45:44,0,9.4924,19.253
4/29/2016,16:00:44,0,9.4916,18.741
4/29/2016,16:15:44,0,9.4885,18.439
4/29/2016,16:30:44,0,9.4883,18.481
4/29/2016,16:45:44,0,9.4865,18.428
4/29/2016,17:00:44,0,9.4852,18.39
4/29/2016,17:15:44,0,9.485,18.383
4/29/2016,17:30:44,0,9.4833,18.189
4/29/2016,17:45:44,0,9.4856,17.854
4/29/2016,18:00:44,0,9.4857,17.483
4/29/2016,18:15:44,0,9.4969,16.696
4/29/2016,18:30:44,0,9.5139,14.946
4/29/2016,18:45:44,0,9.5173,11.453
4/29/2016,19:00:44,0,9.5175,9.619
4/29/2016,19:15:44,0,9.5135,9.782
4/29/2016,19:30:44,0,9.5112,10.244
4/29/2016,19:45:44,0,9.5091,9.818
4/29/2016,20:00:44,0,9.5133,9.701
4/29/2016,20:15:44,0,9.5129,9.355
4/29/2016,20:30:44,0,9.5127,9.345
4/29/2016,20:45:44,0,9.5127,9.349
4/29/2016,21:00:44,0,9.5135,9.355
4/29/2016,21:15:44,0,9.5145,9.275
4/29/2016,21:30:44,0,9.5139,8.929
4/29/2016,21:45:44,0,9.5142,9.299
4/29/2016,22:00:44,0,9.5131,9.048
4/29/2016,22:15:44,0,9.5134,8.67
4/29/2016,22:30:44,0,9.5102,8.981
4/29/2016,22:45:44,0,9.5068,8.949
4/29/2016,23:00:44,0,9.5064,8.841
4/29/2016,23:15:44,0,9.5042,8.556
4/29/2016,23:30:44,0,9.5067,8.306
4/29/2016,23:45:44,0,9.5084,8.049
4/30/2016,0:00:44,0,9.5082,7.976
4/30/2016,0:15:44,0,9.5106,7.591
4/30/2016,0:30:44,0,9.5128,7.475
4/30/2016,0:45:44,0,9.5114,7.5
4/30/2016,1:00:44,0,9.5108,7.506
4/30/2016,1:15:44,0,9.5095,7.463
4/30/2016,1:30:44,0,9.51,7.353
4/30/2016,1:45:44,0,9.5102,7.1
4/30/2016,2:00:44,0,9.5108,7.152
4/30/2016,2:15:44,0,9.5108,6.96
4/30/2016,2:30:44,0,9.5092,6.952
4/30/2016,2:45:44,0,9.508,6.49
4/30/2016,3:00:44,0,9.5091,6.435
4/30/2016,3:15:44,0,9.51,6.384
4/30/2016,3:30:44,0,9.5084,6.457
4/30/2016,3:45:44,0,9.509,6.292
4/30/2016,4:00:44,0,9.5103,6.125
4/30/2016,4:15:44,0,9.5128,6.245
4/30/2016,4:30:44,0,9.5149,5.948
4/30/2016,4:45:44,0,9.5143,5.838
4/30/2016,5:00:44,0,9.5161,5.841
4/30/2016,5:15:44,0,9.5174,5.598
4/30/2016,5:30:44,0,9.5162,5.387
4/30/2016,5:45:44,0,9.5159,5.648
4/30/2016,6:00:44,0,9.5151,5.641
4/30/2016,6:15:44,0,9.5141,5.469
4/30/2016,6:30:44,0,9.5136,5.635
4/30/2016,6:45:44,0,9.5119,5.838
4/30/2016,7:00:44,0,9.5137,6.099
4/30/2016,7:15:44,0,9.5144,6.836
4/30/2016,7:30:44,0,9.5136,7.748
4/30/2016,7:45:44,0,9.5078,9.48
4/30/2016,8:00:44,0,9.5114,11.329
4/30/2016,8:15:44,0,9.5108,13.096
4/30/2016,8:30:44,0,9.5117,14.521
4/30/2016,8:45:44,0,9.5092,14.922
4/30/2016,9:00:44,0,9.5102,15.385
4/30/2016,9:15:44,0,9.5099,15.411
4/30/2016,9:30:44,0,9.5117,15.118
4/30/2016,9:45:44,0,9.5112,15.306
4/30/2016,10:00:44,0,9.5121,15.769
4/30/2016,10:15:44,0,9.5153,16.955
4/30/2016,10:30:44,0,9.5101,16.686
4/30/2016,10:45:44,0,9.509,16.425
4/30/2016,11:00:44,0,9.5105,16.516
4/30/2016,11:15:44,0,9.5114,16.448
4/30/2016,11:30:44,0,9.5085,16.622
4/30/2016,11:45:44,0,9.5079,16.895
4/30/2016,12:00:44,0,9.5096,17.094
4/30/2016,12:15:44,0,9.5062,17.324
4/30/2016,12:30:44,0,9.5048,17.703
4/30/2016,12:45:44,0,9.5041,18.043
4/30/2016,13:00:44,0,9.5074,18.262
4/30/2016,13:15:44,0,9.5037,19.767
4/30/2016,13:30:44,0,9.5046,18.747
4/30/2016,13:45:44,0,9.5012,19.02
4/30/2016,14:00:44,0,9.5001,19.238
4/30/2016,14:15:44,0,9.4975,19.354
4/30/2016,14:30:44,0,9.4984,19.487
4/30/2016,14:45:44,0,9.4983,19.663
4/30/2016,15:00:44,0,9.4972,19.671
4/30/2016,15:15:44,0,9.4965,19.609
4/30/2016,15:30:44,0,9.4949,19.556
4/30/2016,15:45:44,0,9.4948,19.661
4/30/2016,16:00:44,0,9.4939,19.637
4/30/2016,16:15:44,0,9.4948,19.645
4/30/2016,16:30:44,0,9.495,19.43
4/30/2016,16:45:44,0,9.4974,19.547
4/30/2016,17:00:44,0,9.4951,19.234
4/30/2016,17:15:44,0,9.4938,19.024
4/30/2016,17:30:44,0,9.4945,19.073
4/30/2016,17:45:44,0,9.4961,18.451
4/30/2016,18:00:44,0,9.4951,17.856
4/30/2016,18:15:44,0,9.4948,17.12
4/30/2016,18:30:44,0,9.4957,16.407
4/30/2016,18:45:44,0,9.4971,16.003
4/30/2016,19:00:44,0,9.4991,15.381
4/30/2016,19:15:44,0,9.5,14.733
4/30/2016,19:30:44,0,9.5012,14.206
4/30/2016,19:45:44,0,9.5033,13.717
4/30/2016,20:00:44,0,9.5036,13.451
4/30/2016,20:15:44,0,9.5053,13.025
4/30/2016,20:30:44,0,9.5068,12.845
4/30/2016,20:45:44,0,9.5076,12.428
4/30/2016,21:00:44,0,9.5079,12.31
4/30/2016,21:15:44,0,9.5087,11.765
4/30/2016,21:30:44,0,9.5077,11.567
4/30/2016,21:45:44,0,9.5061,11.089
4/30/2016,22:00:44,0,9.5066,10.875
4/30/2016,22:15:44,0,9.5066,10.39
4/30/2016,22:30:44,0,9.5063,10.108
4/30/2016,22:45:44,0,9.5055,10.089
4/30/2016,23:00:44,0,9.5061,9.857
4/30/2016,23:15:44,0,9.5067,9.619
4/30/2016,23:30:44,0,9.506,9.575
4/30/2016,23:45:44,0,9.5055,9.176
5/1/2016,0:00:44,0,9.5056,8.796
5/1/2016,0:15:44,0,9.5046,8.812
5/1/2016,0:30:44,0,9.5023,8.445
5/1/2016,0:45:44,0,9.5016,8.49
5/1/2016,1:00:44,0,9.5007,8.315
5/1/2016,1:15:44,0,9.4975,7.825
5/1/2016,1:30:44,0,9.497,7.917
5/1/2016,1:45:44,0,9.4957,7.94
5/1/2016,2:00:44,0,9.4965,7.498
5/1/2016,2:15:44,0,9.496,7.667
5/1/2016,2:30:44,0,9.4956,7.227
5/1/2016,2:45:44,0,9.4956,7.288
5/1/2016,3:00:44,0,9.4959,7.165
5/1/2016,3:15:44,0,9.4951,6.908
5/1/2016,3:30:44,0,9.4939,6.712
5/1/2016,3:45:44,0,9.4941,6.849
5/1/2016,4:00:44,0,9.4949,6.666
5/1/2016,4:15:44,0,9.4933,6.451
5/1/2016,4:30:44,0,9.4922,6.182
5/1/2016,4:45:44,0,9.4911,6.368
5/1/2016,5:00:44,0,9.4908,6.208
5/1/2016,5:15:44,0,9.4918,6.08
5/1/2016,5:30:44,0,9.4924,6.193
5/1/2016,5:45:44,0,9.4918,6.09
5/1/2016,6:00:44,0,9.4916,6.208
5/1/2016,6:15:44,0,9.4918,6.398
5/1/2016,6:30:44,0,9.4905,7.552
5/1/2016,6:45:44,0,9.4901,9.913
5/1/2016,7:00:44,0,9.4934,14.499
5/1/2016,7:15:44,0,9.4962,16.145
5/1/2016,7:30:44,0,9.4983,16.305
5/1/2016,7:45:44,0,9.4982,17.634
5/1/2016,8:00:44,0,9.4986,17.444
5/1/2016,8:15:44,0,9.499,18.368
5/1/2016,8:30:44,0,9.4975,18.385
5/1/2016,8:45:44,0,9.4966,19.302
5/1/2016,9:00:44,0,9.4973,19.722
5/1/2016,9:15:44,0,9.4981,19.57
5/1/2016,9:30:44,0,9.4987,19.453
5/1/2016,9:45:44,0,9.497,20.036
5/1/2016,10:00:44,0,9.498,20.538
5/1/2016,10:15:44,0,9.5003,21.119
5/1/2016,10:30:44,0,9.4993,21.055
5/1/2016,10:45:44,0,9.4989,20.373
5/1/2016,11:00:44,0,9.4969,20.69
5/1/2016,11:15:44,0,9.4959,20.665
5/1/2016,11:30:44,0,9.4953,21.077
5/1/2016,11:45:44,0,9.4949,21.526
5/1/2016,12:00:44,0,9.4953,20.765
5/1/2016,12:15:44,0,9.4932,20.399
5/1/2016,12:30:44,0,9.4943,20.274
5/1/2016,12:45:44,0,9.4939,20.056
5/1/2016,13:00:44,0,9.4932,19.635
5/1/2016,13:15:44,0,9.4911,21.37
5/1/2016,13:30:44,0,9.4922,22.137
5/1/2016,13:45:44,0,9.4914,22.647
5/1/2016,14:00:44,0,9.4894,22.857
5/1/2016,14:15:44,0,9.4899,22.298
5/1/2016,14:30:44,0,9.4868,21.602
5/1/2016,14:45:44,0,9.485,22.913
5/1/2016,15:00:44,0,9.4868,22.68
5/1/2016,15:15:44,0,9.4884,22.161
5/1/2016,15:30:44,0,9.4883,21.293
5/1/2016,15:45:44,0,9.4888,20.444
5/1/2016,16:00:44,0,9.4883,19.893
5/1/2016,16:15:44,0,9.488,20.392
5/1/2016,16:30:44,0,9.4871,20.903
5/1/2016,16:45:44,0,9.4874,21.261
5/1/2016,17:00:44,0,9.489,21.289
5/1/2016,17:15:44,0,9.4912,21.265
5/1/2016,17:30:44,0,9.4955,20.431
5/1/2016,17:45:44,0,9.5079,17.357
5/1/2016,18:00:44,0,9.5096,13.701
5/1/2016,18:15:44,0,9.513,12.366
5/1/2016,18:30:44,0,9.5145,11.885
5/1/2016,18:45:44,0,9.514,11.427
5/1/2016,19:00:44,0,9.5156,11.468
5/1/2016,19:15:44,0,9.5179,11.55
5/1/2016,19:30:44,0,9.5206,11.244
5/1/2016,19:45:44,0,9.5226,11.305
5/1/2016,20:00:44,0,9.5252,10.959
5/1/2016,20:15:44,0,9.5275,10.834
5/1/2016,20:30:44,0,9.5293,11.105
5/1/2016,20:45:44,0,9.5298,11.103
5/1/2016,21:00:44,0,9.53,11.043
5/1/2016,21:15:44,0,9.5308,10.597
5/1/2016,21:30:44,0,9.5314,10.567
5/1/2016,21:45:44,0,9.5311,10.671
5/1/2016,22:00:44,0,9.5321,10.667
5/1/2016,22:15:44,0,9.5329,10.183
5/1/2016,22:30:44,0,9.5339,9.965
5/1/2016,22:45:44,0,9.5342,10.278
5/1/2016,23:00:44,0,9.5345,9.884
5/1/2016,23:15:44,0,9.5345,10.088
5/1/2016,23:30:44,0,9.5363,10.11
5/1/2016,23:45:44,0,9.5363,10.023
5/2/2016,0:00:44,0,9.5367,9.768
5/2/2016,0:15:44,0,9.5373,9.614
5/2/2016,0:30:44,0,9.5359,9.62
5/2/2016,0:45:44,0,9.5362,9.415
5/2/2016,1:00:44,0,9.5367,9.524
5/2/2016,1:15:44,0,9.5371,9.183
5/2/2016,1:30:44,0,9.537,8.967
5/2/2016,1:45:44,0,9.5377,9.14
5/2/2016,2:00:44,0,9.5403,9.202
5/2/2016,2:15:44,0,9.5423,8.857
5/2/2016,2:30:44,0,9.5427,8.377
5/2/2016,2:45:44,0,9.5443,8.717
5/2/2016,3:00:44,0,9.5448,8.651
5/2/2016,3:15:44,0,9.5463,8.674
5/2/2016,3:30:44,0,9.5457,8.588
5/2/2016,3:45:44,0,9.5458,8.491
5/2/2016,4:00:44,0,9.5467,8.373
5/2/2016,4:15:44,0,9.5477,8.273
5/2/2016,4:30:44,0,9.5492,8.095
5/2/2016,4:45:44,0,9.5489,7.938
5/2/2016,5:00:44,0,9.55,7.766
5/2/2016,5:15:44,0,9.5509,7.654
5/2/2016,5:30:44,0,9.5521,7.635
5/2/2016,5:45:44,0,9.5531,7.556
5/2/2016,6:00:44,0,9.5532,7.507
5/2/2016,6:15:44,0,9.5541,7.708
5/2/2016,6:30:44,0,9.5551,7.881
5/2/2016,6:45:44,0,9.5559,8.144
5/2/2016,7:00:44,0,9.5542,8.374
5/2/2016,7:15:44,0,9.5542,8.911
5/2/2016,7:30:44,0,9.5539,9.726
5/2/2016,7:45:44,0,9.5539,11.196
5/2/2016,8:00:44,0,9.5547,12.925
5/2/2016,8:15:44,0,9.5543,14.285
5/2/2016,8:30:44,0,9.5535,15.206
5/2/2016,8:45:44,0,9.5535,17.151
5/2/2016,9:00:44,0,9.5561,17.679
5/2/2016,9:15:44,0,9.5543,17.01
5/2/2016,9:30:44,0,9.5549,17.812
5/2/2016,9:45:44,0,9.5539,18.674
5/2/2016,10:00:44,0,9.5537,20.578
5/2/2016,10:15:44,0,9.557,21.691
5/2/2016,10:30:44,0,9.5557,22.793
5/2/2016,10:45:44,0,9.5548,21.746
5/2/2016,11:00:44,0,9.5524,20.771
5/2/2016,11:15:44,0,9.5503,20.606
5/2/2016,11:30:44,0,9.5485,21.052
5/2/2016,11:45:44,0,9.5463,21.246
5/2/2016,12:00:44,0,9.5447,21.595
5/2/2016,12:15:44,0,9.5447,21.794
5/2/2016,12:30:44,0,9.545,21.306
5/2/2016,12:45:44,0,9.5447,21.263
5/2/2016,13:00:44,0,9.5439,21.296
5/2/2016,13:15:44,0,9.5433,19.953
5/2/2016,13:30:44,0,9.5404,20.382
5/2/2016,13:45:44,0,9.54,22.081
5/2/2016,14:00:44,0,9.5396,22.611
5/2/2016,14:15:44,0,9.539,21.71
5/2/2016,14:30:44,0,9.5373,21.959
5/2/2016,14:45:44,0,9.536,22.244
5/2/2016,15:00:44,0,9.5358,22.542
5/2/2016,15:15:44,0,9.535,22.033
5/2/2016,15:30:44,0,9.5346,22.01
5/2/2016,15:45:44,0,9.5353,21.71
5/2/2016,16:00:44,0,9.5341,21.429
5/2/2016,16:15:44,0,9.5346,21.243
5/2/2016,16:30:44,0,9.5338,20.861
5/2/2016,16:45:44,0,9.5338,20.377
5/2/2016,17:00:44,0,9.5334,19.894
5/2/2016,17:15:44,0,9.5335,19.537
5/2/2016,17:30:44,0,9.5337,19.091
5/2/2016,17:45:44,0,9.5336,18.718
5/2/2016,18:00:44,0,9.5343,18.224
5/2/2016,18:15:44,0,9.5371,17.601
5/2/2016,18:30:44,0,9.5382,17.174
5/2/2016,18:45:44,0,9.5398,16.75
5/2/2016,19:00:44,0,9.5413,16.349
5/2/2016,19:15:44,0,9.5432,15.723
5/2/2016,19:30:44,0,9.5457,15.461
5/2/2016,19:45:44,0,9.5483,14.949
5/2/2016,20:00:44,0,9.5497,14.512
5/2/2016,20:15:44,0,9.5506,14.087
5/2/2016,20:30:44,0,9.5512,13.849
5/2/2016,20:45:44,0,9.5531,13.571
5/2/2016,21:00:44,0,9.5536,12.925
5/2/2016,21:15:44,0,9.5547,12.809
5/2/2016,21:30:44,0,9.5558,12.508
5/2/2016,21:45:44,0,9.5557,12.309
5/2/2016,22:00:44,0,9.5556,11.937
5/2/2016,22:15:44,0,9.555,11.813
5/2/2016,22:30:44,0,9.5524,11.68
5/2/2016,22:45:44,0,9.5523,11.632
5/2/2016,23:00:44,0,9.5528,11.479
5/2/2016,23:15:44,0,9.5543,10.935
5/2/2016,23:30:44,0,9.5547,11.166
5/2/2016,23:45:44,0,9.554,10.824
5/3/2016,0:00:44,0,9.5536,10.695
5/3/2016,0:15:44,0,9.5529,10.787
5/3/2016,0:30:44,0,9.5523,10.818
5/3/2016,0:45:44,0,9.5509,10.88
5/3/2016,1:00:44,0,9.5505,10.754
5/3/2016,1:15:44,0,9.5487,10.467
5/3/2016,1:30:44,0,9.5478,10.271
5/3/2016,1:45:44,0,9.5467,10.246
5/3/2016,2:00:44,0,9.5459,10.149
5/3/2016,2:15:44,0,9.5451,10.048
5/3/2016,2:30:44,0,9.5452,10.034
5/3/2016,2:45:44,0,9.5434,10.283
5/3/2016,3:00:44,0,9.5428,11.411
5/3/2016,3:15:44,0,9.5441,11.263
5/3/2016,3:30:44,0,9.5443,10.852
5/3/2016,3:45:44,0,9.5429,11.166
5/3/2016,4:00:44,0,9.5432,11.781
5/3/2016,4:15:44,0,9.5428,11.832
5/3/2016,4:30:44,0,9.5432,12.523
5/3/2016,4:45:44,0,9.5432,12.465
5/3/2016,5:00:44,0,9.5437,12.443
5/3/2016,5:15:44,0,9.5453,12.196
5/3/2016,5:30:44,0,9.5446,12.376
5/3/2016,5:45:44,0,9.5452,12.304
5/3/2016,6:00:44,0,9.5463,12.314
5/3/2016,6:15:44,0,9.5457,12.524
5/3/2016,6:30:44,0,9.5449,12.682
5/3/2016,6:45:44,0,9.5445,12.887
5/3/2016,7:00:44,0,9.5443,13.608
5/3/2016,7:15:44,0,9.5435,14.218
5/3/2016,7:30:44,0,9.5449,14.291
5/3/2016,7:45:44,0,9.5447,14.562
5/3/2016,8:00:44,0,9.5424,15.404
5/3/2016,8:15:44,0,9.5411,16.447
5/3/2016,8:30:44,0,9.5408,17.083
5/3/2016,8:45:44,0,9.5391,17.55
5/3/2016,9:00:44,0,9.5394,18.032
5/3/2016,9:15:44,0,9.5394,18.075
5/3/2016,9:30:44,0,9.5386,18.852
5/3/2016,9:45:44,0,9.5387,19.439
5/3/2016,10:00:44,0,9.5392,20.214
5/3/2016,10:15:44,0,9.5397,20.695
5/3/2016,10:30:44,0,9.5378,21.105
5/3/2016,10:45:44,0,9.5354,21.688
5/3/2016,11:00:44,0,9.5343,22.384
5/3/2016,11:15:44,0,9.5344,22.601
5/3/2016,11:30:44,0,9.5336,22.308
5/3/2016,11:45:44,0,9.5328,22.384
5/3/2016,12:00:44,0,9.5309,22.902
5/3/2016,12:15:44,0,9.5304,23.218
5/3/2016,12:30:44,0,9.5303,23.216
5/3/2016,12:45:44,0,9.529,23.361
5/3/2016,13:00:44,0,9.5274,23.889
5/3/2016,13:15:44,0,9.5258,25.03
5/3/2016,13:30:44,0,9.5271,24.922
5/3/2016,13:45:44,0,9.5256,25.425
5/3/2016,14:00:44,0,9.5276,24.82
5/3/2016,14:15:44,0,9.5257,24.227
5/3/2016,14:30:44,0,9.5244,24.123
5/3/2016,14:45:44,0,9.5234,23.762
5/3/2016,15:00:44,0,9.5238,23.528
5/3/2016,15:15:44,0,9.5244,22.934
5/3/2016,15:30:44,0,9.5236,22.21
5/3/2016,15:45:44,0,9.523,21.712
5/3/2016,16:00:44,0,9.5256,20.257
5/3/2016,16:15:44,0,9.5275,20.073
5/3/2016,16:30:44,0,9.53,19.825
5/3/2016,16:45:44,0,9.5271,19.707
5/3/2016,17:00:44,0,9.5258,19.536
5/3/2016,17:15:44,0,9.5252,19.349
5/3/2016,17:30:44,0,9.523,19.259
5/3/2016,17:45:44,0,9.5203,18.919
5/3/2016,18:00:44,0,9.52,18.587
5/3/2016,18:15:44,0,9.5224,18.346
5/3/2016,18:30:44,0,9.5197,18.131
5/3/2016,18:45:44,0,9.5201,17.799
5/3/2016,19:00:44,0,9.5198,17.623
5/3/2016,19:15:44,0,9.5205,17.272
5/3/2016,19:30:44,0,9.5233,17.178
5/3/2016,19:45:44,0,9.5234,16.797
5/3/2016,20:00:44,0,9.5251,16.586
5/3/2016,20:15:44,0,9.5249,16.623
5/3/2016,20:30:44,0,9.5249,16.517
5/3/2016,20:45:44,0,9.5248,16.36
5/3/2016,21:00:44,0,9.5255,16.146
5/3/2016,21:15:44,0,9.5214,15.98
5/3/2016,21:30:44,0,9.5226,15.838
5/3/2016,21:45:44,0,9.5223,15.587
5/3/2016,22:00:44,0,9.5223,15.471
5/3/2016,22:15:44,0,9.5214,15.321
5/3/2016,22:30:44,0,9.5206,15.234
5/3/2016,22:45:44,0,9.5213,15.158
5/3/2016,23:00:44,0,9.5213,15.015
5/3/2016,23:15:44,0,9.5202,14.886
5/3/2016,23:30:44,0,9.52,14.682
5/3/2016,23:45:44,0,9.52,14.559
5/4/2016,0:00:44,0,9.5199,14.596
5/4/2016,0:15:44,0,9.5193,14.479
5/4/2016,0:30:44,0,9.517,14.237
5/4/2016,0:45:44,0,9.5169,14.05
5/4/2016,1:00:44,0,9.5136,13.975
5/4/2016,1:15:44,0,9.5112,13.901
5/4/2016,1:30:44,0,9.5106,13.79
5/4/2016,1:45:44,0,9.5097,13.591
5/4/2016,2:00:44,0,9.5085,13.368
5/4/2016,2:15:44,0,9.5073,13.116
5/4/2016,2:30:44,0,9.5057,13.311
5/4/2016,2:45:44,0,9.5047,13.197
5/4/2016,3:00:44,0,9.5057,13.403
5/4/2016,3:15:44,0,9.5019,13.395
5/4/2016,3:30:44,0,9.5011,13.371
5/4/2016,3:45:44,0,9.4984,13.337
5/4/2016,4:00:44,0,9.497,13.249
5/4/2016,4:15:44,0,9.4967,13.259
5/4/2016,4:30:44,0,9.498,13.133
5/4/2016,4:45:44,0,9.4963,13.055
5/4/2016,5:00:44,0,9.4968,13.17
5/4/2016,5:15:44,0,9.4966,12.966
5/4/2016,5:30:44,0,9.4957,12.783
5/4/2016,5:45:44,0,9.4953,12.835
5/4/2016,6:00:44,0,9.4953,13.077
5/4/2016,6:15:44,0,9.4953,13.237
5/4/2016,6:30:44,0,9.495,13.158
5/4/2016,6:45:44,0,9.4958,13.661
5/4/2016,7:00:44,0,9.4949,13.688
5/4/2016,7:15:44,0,9.4959,13.895
5/4/2016,7:30:44,0,9.4937,14.082
5/4/2016,7:45:44,0,9.4929,14.286
5/4/2016,8:00:44,0,9.4978,13.947
5/4/2016,8:15:44,0,9.4971,13.603
5/4/2016,8:30:44,0,9.4944,13.308
5/4/2016,8:45:44,0,9.4989,13.579
5/4/2016,9:00:44,0,9.4988,13.602
5/4/2016,9:15:44,0,9.4976,13.611
5/4/2016,9:30:44,0,9.4969,14.064
5/4/2016,9:45:44,0,9.4958,14.583
5/4/2016,10:00:44,0,9.4919,15.741
5/4/2016,10:15:44,0,9.4897,16.875
5/4/2016,10:30:44,0,9.4872,17.89
5/4/2016,10:45:44,0,9.483,18.966
5/4/2016,11:00:44,0,9.4821,19.572
5/4/2016,11:15:44,0,9.4822,20.135
5/4/2016,11:30:44,0,9.4829,20.314
5/4/2016,11:45:44,0,9.4811,20.437
5/4/2016,12:00:44,0,9.4811,20.861
5/4/2016,12:15:44,0,9.4799,21.235
5/4/2016,12:30:44,0,9.4792,21.135
5/4/2016,12:45:44,0,9.4787,21.253
5/4/2016,13:00:44,0,9.4779,21.533
5/4/2016,13:15:44,0,9.4773,22.23
5/4/2016,13:30:44,0,9.475,22.526
5/4/2016,13:45:44,0,9.4733,23.337
5/4/2016,14:00:44,0,9.4712,23.407
5/4/2016,14:15:44,0,9.47,23.495
5/4/2016,14:30:44,0,9.4697,23.35
5/4/2016,14:45:44,0,9.4695,23.19
5/4/2016,15:00:44,0,9.4688,22.812
5/4/2016,15:15:44,0,9.4684,22.647
5/4/2016,15:30:44,0,9.47,22.354
5/4/2016,15:45:44,0,9.471,22.27
5/4/2016,16:00:44,0,9.4711,21.852
5/4/2016,16:15:44,0,9.4731,21.277
5/4/2016,16:30:44,0,9.4718,21.006
5/4/2016,16:45:44,0,9.4717,20.85
5/4/2016,17:00:44,0,9.4725,20.648
5/4/2016,17:15:44,0,9.4727,20.471
5/4/2016,17:30:44,0,9.4735,20.179
5/4/2016,17:45:44,0,9.4745,19.856
5/4/2016,18:00:44,0,9.475,19.463
5/4/2016,18:15:44,0,9.4758,19.123
5/4/2016,18:30:44,0,9.4751,18.818
5/4/2016,18:45:44,0,9.4764,18.416
5/4/2016,19:00:44,0,9.4775,17.553
5/4/2016,19:15:44,0,9.4791,16.901
5/4/2016,19:30:44,0,9.4793,16.786
5/4/2016,19:45:44,0,9.4806,16.519
5/4/2016,20:00:44,0,9.482,15.93
5/4/2016,20:15:44,0,9.4831,15.559
5/4/2016,20:30:44,0,9.4832,15.229
5/4/2016,20:45:44,0,9.4847,15.03
5/4/2016,21:00:44,0,9.486,14.974
5/4/2016,21:15:44,0,9.4879,14.736
5/4/2016,21:30:44,0,9.4876,14.421
5/4/2016,21:45:44,0,9.4876,14.283
5/4/2016,22:00:44,0,9.4862,13.927
5/4/2016,22:15:44,0,9.4864,13.809
5/4/2016,22:30:44,0,9.4863,13.363
5/4/2016,22:45:44,0,9.4858,13.359
5/4/2016,23:00:44,0,9.4873,13.338
5/4/2016,23:15:44,0,9.4868,12.799
5/4/2016,23:30:44,0,9.4863,12.685
5/4/2016,23:45:44,0,9.4859,12.562
5/5/2016,0:00:44,0,9.4858,12.357
5/5/2016,0:15:44,0,9.4847,12.354
5/5/2016,0:30:44,0,9.4835,11.967
5/5/2016,0:45:44,0,9.4819,11.697
5/5/2016,1:00:44,0,9.4809,11.641
5/5/2016,1:15:44,0,9.4796,11.743
5/5/2016,1:30:44,0,9.4781,11.669
5/5/2016,1:45:44,0,9.4759,11.347
5/5/2016,2:00:44,0,9.4753,11.18
5/5/2016,2:15:44,0,9.4735,11.356
5/5/2016,2:30:44,0,9.4724,11.321
5/5/2016,2:45:44,0,9.4723,11.55
5/5/2016,3:00:44,0,9.4728,11.196
5/5/2016,3:15:44,0,9.4735,10.982
5/5/2016,3:30:44,0,9.4704,11.233
5/5/2016,3:45:44,0,9.47,11.004
5/5/2016,4:00:44,0,9.4698,11.165
5/5/2016,4:15:44,0,9.471,10.787
5/5/2016,4:30:44,0,9.4694,11.029
5/5/2016,4:45:44,0,9.4726,11.045
5/5/2016,5:00:44,0,9.4709,10.896
5/5/2016,5:15:44,0,9.472,10.585
5/5/2016,5:30:44,0,9.4719,10.666
5/5/2016,5:45:44,0,9.4706,10.984
5/5/2016,6:00:44,0,9.4714,10.862
5/5/2016,6:15:44,0,9.4719,10.927
5/5/2016,6:30:44,0,9.4712,11.156
5/5/2016,6:45:44,0,9.4712,11.448
5/5/2016,7:00:44,0,9.4709,11.859
5/5/2016,7:15:44,0,9.47,12.471
5/5/2016,7:30:44,0,9.4698,12.855
5/5/2016,7:45:44,0,9.4691,13.564
5/5/2016,8:00:44,0,9.4709,14.429
5/5/2016,8:15:44,0,9.4681,15.506
5/5/2016,8:30:44,0,9.4665,16.625
5/5/2016,8:45:44,0,9.4645,18.214
5/5/2016,9:00:44,0,9.4649,19.944
5/5/2016,9:15:44,0,9.4667,19.966
5/5/2016,9:30:44,0,9.4702,19.384
5/5/2016,9:45:44,0,9.4712,18.299
5/5/2016,10:00:44,0,9.4715,17.131
5/5/2016,10:15:44,0,9.4721,16.541
5/5/2016,10:30:44,0,9.4734,15.944
5/5/2016,10:45:44,0,9.4738,15.62
5/5/2016,11:00:44,0,9.476,15.395
5/5/2016,11:15:44,0,9.4755,15.201
5/5/2016,11:30:44,0,9.4763,14.949
5/5/2016,11:45:44,0,9.4757,14.896
5/5/2016,12:00:44,0,9.4778,14.829
5/5/2016,12:15:44,0,9.482,14.503
5/5/2016,12:30:44,0,9.4807,14.479
5/5/2016,12:45:44,0,9.4821,14.199
5/5/2016,13:00:44,0,9.4832,14.127
5/5/2016,13:15:44,0,9.484,14.154
5/5/2016,13:30:44,0,9.4842,13.989
5/5/2016,13:45:44,0,9.4843,13.878
5/5/2016,14:00:44,0,9.4861,13.858
5/5/2016,14:15:44,0,9.488,13.763
5/5/2016,14:30:44,0,9.4896,13.516
5/5/2016,14:45:44,0,9.4899,13.428
5/5/2016,15:00:44,0,9.49,13.039
5/5/2016,15:15:44,0,9.4877,13.044
5/5/2016,15:30:44,0,9.4857,12.96
5/5/2016,15:45:44,0,9.4863,12.746
5/5/2016,16:00:44,0,9.486,12.48
5/5/2016,16:15:44,0,9.4893,11.981
5/5/2016,16:30:44,0,9.4904,11.504
5/5/2016,16:45:44,0,9.4889,11.605
5/5/2016,17:00:44,0,9.4888,11.532
5/5/2016,17:15:44,0,9.4906,11.508
5/5/2016,17:30:44,0,9.491,11.272
5/5/2016,17:45:44,0,9.4899,11.137
5/5/2016,18:00:44,0,9.4881,10.993
5/5/2016,18:15:44,0,9.4872,10.908
5/5/2016,18:30:44,0,9.4905,10.783
5/5/2016,18:45:44,0,9.4902,10.905
5/5/2016,19:00:44,0,9.492,10.96
5/5/2016,19:15:44,0,9.4915,10.798
5/5/2016,19:30:44,0,9.491,10.837
5/5/2016,19:45:44,0,9.4885,10.821
5/5/2016,20:00:44,0,9.4879,10.578
5/5/2016,20:15:44,0,9.4868,10.695
5/5/2016,20:30:44,0,9.4855,10.729
5/5/2016,20:45:44,0,9.487,10.535
5/5/2016,21:00:44,0,9.4879,10.386
5/5/2016,21:15:44,0,9.487,10.345
5/5/2016,21:30:44,0,9.4853,10.501
5/5/2016,21:45:44,0,9.484,10.309
5/5/2016,22:00:44,0,9.4808,10.215
5/5/2016,22:15:44,0,9.4751,10.465
5/5/2016,22:30:44,0,9.475,10.461
5/5/2016,22:45:44,0,9.4731,10.438
5/5/2016,23:00:44,0,9.4721,10.095
5/5/2016,23:15:44,0,9.4727,9.998
5/5/2016,23:30:44,0,9.4724,10.23
5/5/2016,23:45:44,0,9.4736,9.967
5/6/2016,0:00:44,0,9.4741,10.01
5/6/2016,0:15:44,0,9.4734,10.103
5/6/2016,0:30:44,0,9.4723,9.958
5/6/2016,0:45:44,0,9.4701,9.939
5/6/2016,1:00:44,0,9.4701,10.037
5/6/2016,1:15:44,0,9.4673,10.027
5/6/2016,1:30:44,0,9.4671,9.82
5/6/2016,1:45:44,0,9.4674,9.777
5/6/2016,2:00:44,0,9.4688,9.713
5/6/2016,2:15:44,0,9.4684,9.746
5/6/2016,2:30:44,0,9.468,9.877
5/6/2016,2:45:44,0,9.467,10.016
5/6/2016,3:00:44,0,9.4661,9.898
5/6/2016,3:15:44,0,9.4657,9.686
5/6/2016,3:30:44,0,9.4661,9.655
5/6/2016,3:45:44,0,9.4655,9.797
5/6/2016,4:00:44,0,9.4643,9.777
5/6/2016,4:15:44,0,9.4652,9.539
5/6/2016,4:30:44,0,9.4657,9.555
5/6/2016,4:45:44,0,9.4665,9.574
5/6/2016,5:00:44,0,9.4685,9.759
5/6/2016,5:15:44,0,9.4689,9.569
5/6/2016,5:30:44,0,9.4684,9.649
5/6/2016,5:45:44,0,9.472,9.511
5/6/2016,6:00:44,0,9.4708,9.735
5/6/2016,6:15:44,0,9.4718,9.748
5/6/2016,6:30:44,0,9.4731,9.835
5/6/2016,6:45:44,0,9.4739,9.967
5/6/2016,7:00:44,0,9.476,10.204
5/6/2016,7:15:44,0,9.4762,10.101
5/6/2016,7:30:44,0,9.4772,10.026
5/6/2016,7:45:44,0,9.4727,10.216
5/6/2016,8:00:44,0,9.4712,10.323
5/6/2016,8:15:44,0,9.4748,10.518
5/6/2016,8:30:44,0,9.4694,10.85
5/6/2016,8:45:44,0,9.467,11.618
5/6/2016,9:00:44,0,9.4664,13.501
5/6/2016,9:15:44,0,9.4698,14.099
5/6/2016,9:30:44,0,9.4687,16.259
5/6/2016,9:45:44,0,9.4691,16.251
5/6/2016,10:00:44,0,9.469,16.5
5/6/2016,10:15:44,0,9.4693,17.171
5/6/2016,10:30:44,0,9.467,15.91
5/6/2016,10:45:44,0,9.4659,16.032
5/6/2016,11:00:44,0,9.4658,16.195
5/6/2016,11:15:44,0,9.4671,16.108
5/6/2016,11:30:44,0,9.4661,15.985
5/6/2016,11:45:44,0,9.4655,16.318
5/6/2016,12:00:44,0,9.4648,16.633
5/6/2016,12:15:44,0,9.4661,16.219
5/6/2016,12:30:44,0,9.4662,15.833
5/6/2016,12:45:44,0,9.4666,15.907
5/6/2016,13:00:44,0,9.4682,15.849
5/6/2016,13:15:44,0,9.4738,15.447
5/6/2016,13:30:44,0,9.4741,14.938
5/6/2016,13:45:44,0,9.4742,14.313
5/6/2016,14:00:44,0,9.4763,14.13
5/6/2016,14:15:44,0,9.4781,13.631
5/6/2016,14:30:44,0,9.4777,13.678
5/6/2016,14:45:44,0,9.4794,13.475
5/6/2016,15:00:44,0,9.4789,13.613
5/6/2016,15:15:44,0,9.4816,13.622
5/6/2016,15:30:44,0,9.4841,13.365
5/6/2016,15:45:44,0,9.4833,13.287
5/6/2016,16:00:44,0,9.4869,13.248
5/6/2016,16:15:44,0,9.4898,13.216
5/6/2016,16:30:44,0,9.4891,13.093
5/6/2016,16:45:44,0,9.4892,12.789
5/6/2016,17:00:44,0,9.489,12.386
5/6/2016,17:15:44,0,9.4888,12.413
5/6/2016,17:30:44,0,9.4884,12.248
5/6/2016,17:45:44,0,9.489,12.088
5/6/2016,18:00:44,0,9.4892,12.139
5/6/2016,18:15:44,0,9.4878,12.046
5/6/2016,18:30:44,0,9.4874,12.015
5/6/2016,18:45:44,0,9.4872,11.847
5/6/2016,19:00:44,0,9.4889,11.845
5/6/2016,19:15:44,0,9.4889,11.808
5/6/2016,19:30:44,0,9.4895,11.75
5/6/2016,19:45:44,0,9.4901,11.667
5/6/2016,20:00:44,0,9.4894,11.648
5/6/2016,20:15:44,0,9.4876,11.551
5/6/2016,20:30:44,0,9.4864,11.603
5/6/2016,20:45:44,0,9.4852,11.462
5/6/2016,21:00:44,0,9.488,11.534
5/6/2016,21:15:44,0,9.4929,11.422
5/6/2016,21:30:44,0,9.4944,11.365
5/6/2016,21:45:44,0,9.4945,11.456
5/6/2016,22:00:44,0,9.4923,11.522
5/6/2016,22:15:44,0,9.4925,11.477
5/6/2016,22:30:44,0,9.4927,11.536
5/6/2016,22:45:44,0,9.4908,11.489
5/6/2016,23:00:44,0,9.4899,11.325
5/6/2016,23:15:44,0,9.4885,11.465
5/6/2016,23:30:44,0,9.4877,11.495
5/6/2016,23:45:44,0,9.4889,11.366
5/7/2016,0:00:44,0,9.4887,11.491
5/7/2016,0:15:44,0,9.4884,11.469
5/7/2016,0:30:44,0,9.4874,11.302
5/7/2016,0:45:44,0,9.4851,11.296
5/7/2016,1:00:44,0,9.4866,11.348
5/7/2016,1:15:44,0,9.486,11.36
5/7/2016,1:30:44,0,9.4849,11.342
5/7/2016,1:45:44,0,9.4836,11.294
5/7/2016,2:00:44,0,9.4836,11.368
5/7/2016,2:15:44,0,9.4842,11.253
5/7/2016,2:30:44,0,9.483,11.253
5/7/2016,2:45:44,0,9.4845,11.232
5/7/2016,3:00:44,0,9.4857,11.234
5/7/2016,3:15:44,0,9.4846,11.266
5/7/2016,3:30:44,0,9.4845,11.155
5/7/2016,3:45:44,0,9.4839,11.176
5/7/2016,4:00:44,0,9.4853,11.033
5/7/2016,4:15:44,0,9.4836,11.121
5/7/2016,4:30:44,0,9.4835,11.16
5/7/2016,4:45:44,0,9.4851,11.05
5/7/2016,5:00:44,0,9.4862,10.988
5/7/2016,5:15:44,0,9.4872,11.091
5/7/2016,5:30:44,0,9.4878,11.025
5/7/2016,5:45:44,0,9.4886,11.071
5/7/2016,6:00:44,0,9.4892,11.086
5/7/2016,6:15:44,0,9.4904,11.181
5/7/2016,6:30:44,0,9.4914,11.247
5/7/2016,6:45:44,0,9.4935,11.325
5/7/2016,7:00:44,0,9.4933,11.385
5/7/2016,7:15:44,0,9.4956,11.421
5/7/2016,7:30:44,0,9.4972,11.524
5/7/2016,7:45:44,0,9.4981,11.603
5/7/2016,8:00:44,0,9.4991,11.652
5/7/2016,8:15:44,0,9.4987,11.681
5/7/2016,8:30:44,0,9.4998,11.647
5/7/2016,8:45:44,0,9.5012,11.55
5/7/2016,9:00:44,0,9.5015,11.586
5/7/2016,9:15:44,0,9.5031,11.601
5/7/2016,9:30:44,0,9.5043,11.648
5/7/2016,9:45:44,0,9.5045,11.66
5/7/2016,10:00:44,0,9.5054,11.698
5/7/2016,10:15:44,0,9.5089,11.751
5/7/2016,10:30:44,0,9.5109,11.702
5/7/2016,10:45:44,0,9.5117,11.61
5/7/2016,11:00:44,0,9.5115,11.582
5/7/2016,11:15:44,0,9.5123,11.582
5/7/2016,11:30:44,0,9.5129,11.527
5/7/2016,11:45:44,0,9.5134,11.675
5/7/2016,12:00:44,0,9.5156,11.72
5/7/2016,12:15:44,0,9.5148,11.824
5/7/2016,12:30:44,0,9.515,11.846
5/7/2016,12:45:44,0,9.5159,11.692
5/7/2016,13:00:44,0,9.5145,11.738
5/7/2016,13:15:44,0,9.5179,11.761
5/7/2016,13:30:44,0,9.5193,11.481
5/7/2016,13:45:44,0,9.5198,11.329
5/7/2016,14:00:44,0,9.5185,11.523
5/7/2016,14:15:44,0,9.5166,11.807
5/7/2016,14:30:44,0,9.516,11.752
5/7/2016,14:45:44,0,9.5152,11.556
5/7/2016,15:00:44,0,9.5139,11.359
5/7/2016,15:15:44,0,9.5122,11.333
5/7/2016,15:30:44,0,9.5127,11.324
5/7/2016,15:45:44,0,9.5127,11.397
5/7/2016,16:00:44,0,9.514,11.592
5/7/2016,16:15:44,0,9.514,11.499
5/7/2016,16:30:44,0,9.515,11.328
5/7/2016,16:45:44,0,9.5147,11.25
5/7/2016,17:00:44,0,9.5162,11.166
5/7/2016,17:15:44,0,9.5151,11.022
5/7/2016,17:30:44,0,9.5156,11.101
5/7/2016,17:45:44,0,9.5149,11.147
5/7/2016,18:00:44,0,9.5155,10.943
5/7/2016,18:15:44,0,9.5152,10.884
5/7/2016,18:30:44,0,9.5173,10.749
5/7/2016,18:45:44,0,9.5173,10.787
5/7/2016,19:00:44,0,9.5186,10.692
5/7/2016,19:15:44,0,9.5189,10.77
5/7/2016,19:30:44,0,9.5175,10.608
5/7/2016,19:45:44,0,9.5164,10.712
5/7/2016,20:00:44,0,9.5181,10.738
5/7/2016,20:15:44,0,9.52,10.746
5/7/2016,20:30:44,0,9.5203,10.581
5/7/2016,20:45:44,0,9.5214,10.61
5/7/2016,21:00:44,0,9.5188,10.651
5/7/2016,21:15:44,0,9.518,10.3
5/7/2016,21:30:44,0,9.5176,10.31
5/7/2016,21:45:44,0,9.5188,10.269
5/7/2016,22:00:44,0,9.5184,10.152
5/7/2016,22:15:44,0,9.5182,10.368
5/7/2016,22:30:44,0,9.519,10.411
5/7/2016,22:45:44,0,9.5204,10.234
5/7/2016,23:00:44,0,9.52,10.194
5/7/2016,23:15:44,0,9.5207,10.272
5/7/2016,23:30:44,0,9.5194,10.259
5/7/2016,23:45:44,0,9.5171,10.337
5/8/2016,0:00:44,0,9.5199,10.429
5/8/2016,0:15:44,0,9.5201,10.22
5/8/2016,0:30:44,0,9.5181,10.066
5/8/2016,0:45:44,0,9.5166,10.089
5/8/2016,1:00:44,0,9.517,10.161
5/8/2016,1:15:44,0,9.518,10.107
5/8/2016,1:30:44,0,9.5186,10.057
5/8/2016,1:45:44,0,9.5161,10.143
5/8/2016,2:00:44,0,9.514,10.17
5/8/2016,2:15:44,0,9.5135,10.256
5/8/2016,2:30:44,0,9.5128,9.961
5/8/2016,2:45:44,0,9.5114,9.903
5/8/2016,3:00:44,0,9.5091,9.83
5/8/2016,3:15:44,0,9.5057,9.832
5/8/2016,3:30:44,0,9.5084,10.026
5/8/2016,3:45:44,0,9.5081,10.014
5/8/2016,4:00:44,0,9.5096,10.128
5/8/2016,4:15:44,0,9.5112,10.148
5/8/2016,4:30:44,0,9.5109,9.968
5/8/2016,4:45:44,0,9.5125,10.097
5/8/2016,5:00:44,0,9.5124,9.77
5/8/2016,5:15:44,0,9.511,9.922
5/8/2016,5:30:44,0,9.51,9.994
5/8/2016,5:45:44,0,9.5088,9.923
5/8/2016,6:00:44,0,9.5107,10.083
5/8/2016,6:15:44,0,9.5096,10.273
5/8/2016,6:30:44,0,9.5095,10.46
5/8/2016,6:45:44,0,9.5069,10.607
5/8/2016,7:00:44,0,9.5084,10.741
5/8/2016,7:15:44,0,9.5082,11.038
5/8/2016,7:30:44,0,9.5082,11.206
5/8/2016,7:45:44,0,9.5085,11.566
5/8/2016,8:00:44,0,9.5078,11.524
5/8/2016,8:15:44,0,9.51,11.714
5/8/2016,8:30:44,0,9.5084,11.829
5/8/2016,8:45:44,0,9.5087,11.624
5/8/2016,9:00:44,0,9.5097,11.829
5/8/2016,9:15:44,0,9.5082,12.04
5/8/2016,9:30:44,0,9.5093,12.198
5/8/2016,9:45:44,0,9.5096,12.238
5/8/2016,10:00:44,0,9.5095,12.402
5/8/2016,10:15:44,0,9.5091,12.412
5/8/2016,10:30:44,0,9.5087,12.413
5/8/2016,10:45:44,0,9.5109,12.607
5/8/2016,11:00:44,0,9.5122,12.819
5/8/2016,11:15:44,0,9.5108,12.752
5/8/2016,11:30:44,0,9.5102,12.844
5/8/2016,11:45:44,0,9.5102,13.009
5/8/2016,12:00:44,0,9.5083,13.187
5/8/2016,12:15:44,0,9.5081,13.131
5/8/2016,12:30:44,0,9.5083,12.995
5/8/2016,12:45:44,0,9.5082,13.044
5/8/2016,13:00:44,0,9.509,12.993
5/8/2016,13:15:44,0,9.508,13.058
5/8/2016,13:30:44,0,9.5075,12.904
5/8/2016,13:45:44,0,9.507,13.067
5/8/2016,14:00:44,0,9.5063,13.325
5/8/2016,14:15:44,0,9.506,13.328
5/8/2016,14:30:44,0,9.5058,13.71
5/8/2016,14:45:44,0,9.505,13.881
5/8/2016,15:00:44,0,9.5038,13.77
5/8/2016,15:15:44,0,9.5038,13.608
5/8/2016,15:30:44,0,9.5057,13.451
5/8/2016,15:45:44,0,9.5069,13.245
5/8/2016,16:00:44,0,9.5078,13.135
5/8/2016,16:15:44,0,9.5086,13.057
5/8/2016,16:30:44,0,9.509,13.071
5/8/2016,16:45:44,0,9.5103,13.028
5/8/2016,17:00:44,0,9.5102,12.904
5/8/2016,17:15:44,0,9.5105,12.778
5/8/2016,17:30:44,0,9.5101,12.648
5/8/2016,17:45:44,0,9.5089,12.459
5/8/2016,18:00:44,0,9.509,12.326
5/8/2016,18:15:44,0,9.5091,12.342
5/8/2016,18:30:44,0,9.5104,12.427
5/8/2016,18:45:44,0,9.5125,12.466
5/8/2016,19:00:44,0,9.5134,12.326
5/8/2016,19:15:44,0,9.5147,12.192
5/8/2016,19:30:44,0,9.5159,12.161
5/8/2016,19:45:44,0,9.5171,12.05
5/8/2016,20:00:44,0,9.5178,11.976
5/8/2016,20:15:44,0,9.5189,11.869
5/8/2016,20:30:44,0,9.5206,11.876
5/8/2016,20:45:44,0,9.5219,11.757
5/8/2016,21:00:44,0,9.5225,11.698
5/8/2016,21:15:44,0,9.5242,11.763
5/8/2016,21:30:44,0,9.5238,11.744
5/8/2016,21:45:44,0,9.5232,11.645
5/8/2016,22:00:44,0,9.5233,11.556
5/8/2016,22:15:44,0,9.5231,11.584
5/8/2016,22:30:44,0,9.523,11.494
5/8/2016,22:45:44,0,9.5221,11.33
5/8/2016,23:00:44,0,9.5216,11.391
5/8/2016,23:15:44,0,9.5217,11.383
5/8/2016,23:30:44,0,9.5214,11.32
5/8/2016,23:45:44,0,9.5209,11.332
5/9/2016,0:00:44,0,9.5199,11.331
5/9/2016,0:15:44,0,9.5185,11.368
5/9/2016,0:30:44,0,9.5175,11.336
5/9/2016,0:45:44,0,9.5179,11.421
5/9/2016,1:00:44,0,9.5175,11.501
5/9/2016,1:15:44,0,9.5177,11.491
5/9/2016,1:30:44,0,9.5162,11.444
5/9/2016,1:45:44,0,9.5167,11.514
5/9/2016,2:00:44,0,9.5169,11.429
5/9/2016,2:15:44,0,9.5171,11.38
5/9/2016,2:30:44,0,9.5176,11.359
5/9/2016,2:45:44,0,9.518,11.419
5/9/2016,3:00:44,0,9.5183,11.476
5/9/2016,3:15:44,0,9.5172,11.496
5/9/2016,3:30:44,0,9.5161,11.546
5/9/2016,3:45:44,0,9.5148,11.469
5/9/2016,4:00:44,0,9.5138,11.456
5/9/2016,4:15:44,0,9.5129,11.37
5/9/2016,4:30:44,0,9.5124,11.252
5/9/2016,4:45:44,0,9.5117,11.173
5/9/2016,5:00:44,0,9.5116,11.171
5/9/2016,5:15:44,0,9.512,11.223
5/9/2016,5:30:44,0,9.5141,11.28
5/9/2016,5:45:44,0,9.5141,11.278
5/9/2016,6:00:44,0,9.5146,11.259
5/9/2016,6:15:44,0,9.5144,11.473
5/9/2016,6:30:44,0,9.5147,11.456
5/9/2016,6:45:44,0,9.5153,11.662
5/9/2016,7:00:44,0,9.5155,11.912
5/9/2016,7:15:44,0,9.5156,12.091
5/9/2016,7:30:44,0,9.5158,12.221
5/9/2016,7:45:44,0,9.5158,12.148
5/9/2016,8:00:44,0,9.5159,12.324
5/9/2016,8:15:44,0,9.5177,12.446
5/9/2016,8:30:44,0,9.5197,12.671
5/9/2016,8:45:44,0,9.5187,12.927
5/9/2016,9:00:44,0,9.5187,13.181
5/9/2016,9:15:44,0,9.5186,13.347
5/9/2016,9:30:44,0,9.5194,13.68
5/9/2016,9:45:44,0,9.5193,13.77
5/9/2016,10:00:44,0,9.5183,14.03
5/9/2016,10:15:44,0,9.5186,14.419
5/9/2016,10:30:44,0,9.5186,15.324
5/9/2016,10:45:44,0,9.5167,15.309
5/9/2016,11:00:44,0,9.5154,15.348
5/9/2016,11:15:44,0,9.5134,15.156
5/9/2016,11:30:44,0,9.5121,15.382
5/9/2016,11:45:44,0,9.5103,15.388
5/9/2016,12:00:44,0,9.5097,15.296
5/9/2016,12:15:44,0,9.509,15.2
5/9/2016,12:30:44,0,9.5083,15.738
5/9/2016,12:45:44,0,9.5086,15.708
5/9/2016,13:00:44,0,9.5076,15.67
5/9/2016,13:15:44,0,9.5062,15.806
5/9/2016,13:30:44,0,9.5074,15.824
5/9/2016,13:45:44,0,9.507,15.638
5/9/2016,14:00:44,0,9.5059,15.883
5/9/2016,14:15:44,0,9.5067,16.209
5/9/2016,14:30:44,0,9.5065,15.842
5/9/2016,14:45:44,0,9.5048,15.739
5/9/2016,15:00:44,0,9.5043,15.946
5/9/2016,15:15:44,0,9.5047,15.819
5/9/2016,15:30:44,0,9.504,15.726
5/9/2016,15:45:44,0,9.5038,15.835
5/9/2016,16:00:44,0,9.5034,15.693
5/9/2016,16:15:44,0,9.5034,15.474
5/9/2016,16:30:44,0,9.5045,15.528
5/9/2016,16:45:44,0,9.5056,15.637
5/9/2016,17:00:44,0,9.5052,15.883
5/9/2016,17:15:44,0,9.5047,16.121
5/9/2016,17:30:44,0,9.5052,16.047
5/9/2016,17:45:44,0,9.5059,15.933
5/9/2016,18:00:44,0,9.5063,15.733
5/9/2016,18:15:44,0,9.5059,15.398
5/9/2016,18:30:44,0,9.5066,15.027
5/9/2016,18:45:44,0,9.5063,14.718
5/9/2016,19:00:44,0,9.5068,14.497
5/9/2016,19:15:44,0,9.5087,14.281
5/9/2016,19:30:44,0,9.5113,14.051
5/9/2016,19:45:44,0,9.5128,13.924
5/9/2016,20:00:44,0,9.5155,13.842
5/9/2016,20:15:44,0,9.5174,13.447
5/9/2016,20:30:44,0,9.519,13.357
5/9/2016,20:45:44,0,9.5203,13.149
5/9/2016,21:00:44,0,9.5218,13.028
5/9/2016,21:15:44,0,9.5224,13.009
5/9/2016,21:30:44,0,9.5212,12.573
5/9/2016,21:45:44,0,9.5216,12.566
5/9/2016,22:00:44,0,9.5222,12.276
5/9/2016,22:15:44,0,9.5219,12.143
5/9/2016,22:30:44,0,9.5221,11.993
5/9/2016,22:45:44,0,9.5225,11.927
5/9/2016,23:00:44,0,9.5231,11.693
5/9/2016,23:15:44,0,9.5236,11.539
5/9/2016,23:30:44,0,9.5234,11.451
5/9/2016,23:45:44,0,9.5234,11.356
5/10/2016,0:00:44,0,9.5231,11.374
5/10/2016,0:15:44,0,9.5231,11.566
5/10/2016,0:30:44,0,9.5236,11.427
5/10/2016,0:45:44,0,9.5226,11.425
5/10/2016,1:00:44,0,9.5226,11.6
5/10/2016,1:15:44,0,9.5226,11.466
5/10/2016,1:30:44,0,9.5221,11.186
5/10/2016,1:45:44,0,9.5224,11.162
5/10/2016,2:00:44,0,9.5227,11.15
5/10/2016,2:15:44,0,9.5226,10.333
5/10/2016,2:30:44,0,9.5227,10.226
5/10/2016,2:45:44,0,9.5216,9.938
5/10/2016,3:00:44,0,9.5218,9.702
5/10/2016,3:15:44,0,9.523,9.829
5/10/2016,3:30:44,0,9.5235,9.926
5/10/2016,3:45:44,0,9.5237,9.52
5/10/2016,4:00:44,0,9.5229,9.255
5/10/2016,4:15:44,0,9.5225,9.107
5/10/2016,4:30:44,0,9.5224,9.108
5/10/2016,4:45:44,0,9.5229,9.047
5/10/2016,5:00:44,0,9.5233,8.814
5/10/2016,5:15:44,0,9.5251,8.692
5/10/2016,5:30:44,0,9.5251,9.039
5/10/2016,5:45:44,0,9.5271,8.949
5/10/2016,6:00:44,0,9.5267,8.757
5/10/2016,6:15:44,0,9.5269,8.95
5/10/2016,6:30:44,0,9.5269,9.346
5/10/2016,6:45:44,0,9.5261,9.542
5/10/2016,7:00:44,0,9.5255,9.675
5/10/2016,7:15:44,0,9.5252,9.958
5/10/2016,7:30:44,0,9.5245,10.949
5/10/2016,7:45:44,0,9.5252,11.623
5/10/2016,8:00:44,0,9.5256,13.069
5/10/2016,8:15:44,0,9.5255,14.049
5/10/2016,8:30:44,0,9.525,14.825
5/10/2016,8:45:44,0,9.5222,15.292
5/10/2016,9:00:44,0,9.5198,16.078
5/10/2016,9:15:44,0,9.5196,17.144
5/10/2016,9:30:44,0,9.5216,18.396
5/10/2016,9:45:44,0,9.522,20.303
5/10/2016,10:00:44,0,9.5226,21.165
5/10/2016,10:15:44,0,9.5237,22.961
5/10/2016,10:30:44,0,9.5222,22.734
5/10/2016,10:45:44,0,9.52,22.392
5/10/2016,11:00:44,0,9.5195,22.424
5/10/2016,11:15:44,0,9.5171,22.697
5/10/2016,11:30:44,0,9.5174,22.932
5/10/2016,11:45:44,0,9.5152,23.057
5/10/2016,12:00:44,0,9.5142,23.238
5/10/2016,12:15:44,0,9.5131,23.396
5/10/2016,12:30:44,0,9.512,23.744
5/10/2016,12:45:44,0,9.5106,24.207
5/10/2016,13:00:44,0,9.5101,24.195
5/10/2016,13:15:44,0,9.5104,24.624
5/10/2016,13:30:44,0,9.5116,24.439
5/10/2016,13:45:44,0,9.5124,24.319
5/10/2016,14:00:44,0,9.5121,24.672
5/10/2016,14:15:44,0,9.512,24.221
5/10/2016,14:30:44,0,9.5123,23.71
5/10/2016,14:45:44,0,9.5126,23.555
5/10/2016,15:00:44,0,9.512,23.436
5/10/2016,15:15:44,0,9.5108,23.177
5/10/2016,15:30:44,0,9.5099,23.028
5/10/2016,15:45:44,0,9.5094,22.672
5/10/2016,16:00:44,0,9.5097,22.537
5/10/2016,16:15:44,0,9.5101,22.189
5/10/2016,16:30:44,0,9.5104,21.792
5/10/2016,16:45:44,0,9.5109,21.468
5/10/2016,17:00:44,0,9.5107,21.032
5/10/2016,17:15:44,0,9.5118,20.72
5/10/2016,17:30:44,0,9.5115,20.287
5/10/2016,17:45:44,0,9.5117,19.912
5/10/2016,18:00:44,0,9.5137,19.466
5/10/2016,18:15:44,0,9.5155,18.716
5/10/2016,18:30:44,0,9.517,18.395
5/10/2016,18:45:44,0,9.5192,17.578
5/10/2016,19:00:44,0,9.5211,16.985
5/10/2016,19:15:44,0,9.5233,16.409
5/10/2016,19:30:44,0,9.5259,16.253
5/10/2016,19:45:44,0,9.5282,15.917
5/10/2016,20:00:44,0,9.5303,15.532
5/10/2016,20:15:44,0,9.532,15.103
5/10/2016,20:30:44,0,9.534,14.901
5/10/2016,20:45:44,0,9.5363,14.327
5/10/2016,21:00:44,0,9.5372,13.949
5/10/2016,21:15:44,0,9.5386,13.609
5/10/2016,21:30:44,0,9.5382,13.278
5/10/2016,21:45:44,0,9.5389,12.987
5/10/2016,22:00:44,0,9.5397,13.006
5/10/2016,22:15:44,0,9.5404,12.829
5/10/2016,22:30:44,0,9.5405,12.401
5/10/2016,22:45:44,0,9.5413,12.144
5/10/2016,23:00:44,0,9.5408,12.171
5/10/2016,23:15:44,0,9.5407,11.709
5/10/2016,23:30:44,0,9.5412,11.6
5/10/2016,23:45:44,0,9.5411,11.421
5/11/2016,0:00:44,0,9.5414,11.097
5/11/2016,0:15:44,0,9.5411,10.79
5/11/2016,0:30:44,0,9.5405,10.666
5/11/2016,0:45:44,0,9.5408,10.427
5/11/2016,1:00:44,0,9.5403,10.263
5/11/2016,1:15:44,0,9.5401,9.986
5/11/2016,1:30:44,0,9.5395,9.803
5/11/2016,1:45:44,0,9.5397,9.78
5/11/2016,2:00:44,0,9.5401,9.488
5/11/2016,2:15:44,0,9.5396,9.328
5/11/2016,2:30:44,0,9.54,9.179
5/11/2016,2:45:44,0,9.5409,8.992
5/11/2016,3:00:44,0,9.5411,9.052
5/11/2016,3:15:44,0,9.5407,8.931
5/11/2016,3:30:44,0,9.5404,8.733
5/11/2016,3:45:44,0,9.5409,8.635
5/11/2016,4:00:44,0,9.5402,8.455
5/11/2016,4:15:44,0,9.5401,8.237
5/11/2016,4:30:44,0,9.5413,8.149
5/11/2016,4:45:44,0,9.5417,7.795
5/11/2016,5:00:44,0,9.5427,7.777
5/11/2016,5:15:44,0,9.5431,7.648
5/11/2016,5:30:44,0,9.5449,7.614
5/11/2016,5:45:44,0,9.5456,7.395
5/11/2016,6:00:44,0,9.5468,7.444
5/11/2016,6:15:44,0,9.5477,7.484
5/11/2016,6:30:44,0,9.5475,7.302
5/11/2016,6:45:44,0,9.5473,7.6
5/11/2016,7:00:44,0,9.5471,7.873
5/11/2016,7:15:44,0,9.547,8.342
5/11/2016,7:30:44,0,9.5458,9.591
5/11/2016,7:45:44,0,9.5454,10.534
5/11/2016,8:00:44,0,9.545,13.033
5/11/2016,8:15:44,0,9.5452,15.123
5/11/2016,8:30:44,0,9.5446,16.688
5/11/2016,8:45:44,0,9.5426,17.796
5/11/2016,9:00:44,0,9.5422,18.627
5/11/2016,9:15:44,0,9.5416,20.048
5/11/2016,9:30:44,0,9.5425,21.162
5/11/2016,9:45:44,0,9.5417,23.057
5/11/2016,10:00:44,0,9.5406,22.504
5/11/2016,10:15:44,0,9.5404,24.485
5/11/2016,10:30:44,0,9.5411,24.35
5/11/2016,10:45:44,0,9.5392,23.715
5/11/2016,11:00:44,0,9.5377,23.118
5/11/2016,11:15:44,0,9.5365,23.472
5/11/2016,11:30:44,0,9.5349,23.982
5/11/2016,11:45:44,0,9.5341,24.767
5/11/2016,12:00:44,0,9.5348,25.055
5/11/2016,12:15:44,0,9.534,25.355
5/11/2016,12:30:44,0,9.5337,25.243
5/11/2016,12:45:44,0,9.5347,25.392
5/11/2016,13:00:44,0,9.5344,25.63
5/11/2016,13:15:44,0,9.5353,26.038
5/11/2016,13:30:44,0,9.5364,26.314
5/11/2016,13:45:44,0,9.5345,26.583
5/11/2016,14:00:44,0,9.5369,26.87
5/11/2016,14:15:44,0,9.5369,26.311
5/11/2016,14:30:44,0,9.5371,25.492
5/11/2016,14:45:44,0,9.5351,25.178
5/11/2016,15:00:44,0,9.535,24.96
5/11/2016,15:15:44,0,9.5344,24.988
5/11/2016,15:30:44,0,9.5341,24.763
5/11/2016,15:45:44,0,9.5343,24.445
5/11/2016,16:00:44,0,9.5337,24.064
5/11/2016,16:15:44,0,9.5334,23.911
5/11/2016,16:30:44,0,9.5341,23.571
5/11/2016,16:45:44,0,9.5342,23.051
5/11/2016,17:00:44,0,9.5353,22.617
5/11/2016,17:15:44,0,9.535,22.172
5/11/2016,17:30:44,0,9.535,21.661
5/11/2016,17:45:44,0,9.5358,21.245
5/11/2016,18:00:44,0,9.5354,20.738
5/11/2016,18:15:44,0,9.5363,20.312
5/11/2016,18:30:44,0,9.5384,19.624
5/11/2016,18:45:44,0,9.5388,18.748
5/11/2016,19:00:44,0,9.54,18.253
5/11/2016,19:15:44,0,9.5421,17.747
5/11/2016,19:30:44,0,9.5434,17.284
5/11/2016,19:45:44,0,9.5457,16.666
5/11/2016,20:00:44,0,9.5474,16.258
5/11/2016,20:15:44,0,9.5491,15.998
5/11/2016,20:30:44,0,9.5502,15.393
5/11/2016,20:45:44,0,9.5513,15.286
5/11/2016,21:00:44,0,9.5531,14.837
5/11/2016,21:15:44,0,9.5546,14.458
5/11/2016,21:30:44,0,9.5559,14.131
5/11/2016,21:45:44,0,9.5555,13.823
5/11/2016,22:00:44,0,9.5554,13.798
5/11/2016,22:15:44,0,9.5565,13.53
5/11/2016,22:30:44,0,9.5563,13.198
5/11/2016,22:45:44,0,9.5561,13.062
5/11/2016,23:00:44,0,9.5565,12.748
5/11/2016,23:15:44,0,9.5574,12.605
5/11/2016,23:30:44,0,9.5574,12.344
5/11/2016,23:45:44,0,9.5575,12.054
5/12/2016,0:00:44,0,9.5562,12.097
5/12/2016,0:15:44,0,9.5566,11.854
5/12/2016,0:30:44,0,9.5569,11.634
5/12/2016,0:45:44,0,9.5551,11.545
5/12/2016,1:00:44,0,9.5546,11.4
5/12/2016,1:15:44,0,9.5539,11.312
5/12/2016,1:30:44,0,9.5539,11.252
5/12/2016,1:45:44,0,9.5549,11.178
5/12/2016,2:00:44,0,9.5552,10.982
5/12/2016,2:15:44,0,9.554,11.043
5/12/2016,2:30:44,0,9.5539,10.808
5/12/2016,2:45:44,0,9.5546,10.641
5/12/2016,3:00:44,0,9.5557,10.581
5/12/2016,3:15:44,0,9.5558,10.504
5/12/2016,3:30:44,0,9.5557,10.361
5/12/2016,3:45:44,0,9.557,10.212
5/12/2016,4:00:44,0,9.5575,10.127
5/12/2016,4:15:44,0,9.5583,10.115
5/12/2016,4:30:44,0,9.5582,9.987
5/12/2016,4:45:44,0,9.5581,9.964
5/12/2016,5:00:44,0,9.5593,9.878
5/12/2016,5:15:44,0,9.5607,9.902
5/12/2016,5:30:44,0,9.5613,9.831
5/12/2016,5:45:44,0,9.5617,9.799
5/12/2016,6:00:44,0,9.5618,9.762
5/12/2016,6:15:44,0,9.5613,9.99
5/12/2016,6:30:44,0,9.561,10.141
5/12/2016,6:45:44,0,9.5608,10.423
5/12/2016,7:00:44,0,9.559,10.809
5/12/2016,7:15:44,0,9.5585,11.381
5/12/2016,7:30:44,0,9.5581,12.339
5/12/2016,7:45:44,0,9.5569,13.148
5/12/2016,8:00:44,0,9.5566,15.339
5/12/2016,8:15:44,0,9.5565,17.146
5/12/2016,8:30:44,0,9.5563,18.79
5/12/2016,8:45:44,0,9.5554,19.818
5/12/2016,9:00:44,0,9.5542,20.697
5/12/2016,9:15:44,0,9.5547,21.653
5/12/2016,9:30:44,0,9.5552,23.009
5/12/2016,9:45:44,0,9.5546,24.397
5/12/2016,10:00:44,0,9.5539,23.91
5/12/2016,10:15:44,0,9.5527,24.8
5/12/2016,10:30:44,0,9.552,26.122
5/12/2016,10:45:44,0,9.5481,25.59
5/12/2016,11:00:44,0,9.5462,25.138
5/12/2016,11:15:44,0,9.5468,25.676
5/12/2016,11:30:44,0,9.5458,25.916
5/12/2016,11:45:44,0,9.5454,26.055
5/12/2016,12:00:44,0,9.5436,26.346
5/12/2016,12:15:44,0,9.5421,26.586
5/12/2016,12:30:44,0,9.5424,26.622
5/12/2016,12:45:44,0,9.5408,26.913
5/12/2016,13:00:44,0,9.5394,27.296
5/12/2016,13:15:44,0,9.5388,27.906
5/12/2016,13:30:44,0,9.5395,28.004
5/12/2016,13:45:44,0,9.5371,28.374
5/12/2016,14:00:44,0,9.5362,28.657
5/12/2016,14:15:44,0,9.5355,28.165
5/12/2016,14:30:44,0,9.5356,27.571
5/12/2016,14:45:44,0,9.5337,27.385
5/12/2016,15:00:44,0,9.5328,27.241
5/12/2016,15:15:44,0,9.5339,27.049
5/12/2016,15:30:44,0,9.5337,26.721
5/12/2016,15:45:44,0,9.534,26.411
5/12/2016,16:00:44,0,9.5338,26.103
5/12/2016,16:15:44,0,9.5323,25.838
5/12/2016,16:30:44,0,9.5319,25.347
5/12/2016,16:45:44,0,9.531,24.806
5/12/2016,17:00:44,0,9.531,24.414
5/12/2016,17:15:44,0,9.5301,24.022
5/12/2016,17:30:44,0,9.5294,23.607
5/12/2016,17:45:44,0,9.5292,23.224
5/12/2016,18:00:44,0,9.5287,22.81
5/12/2016,18:15:44,0,9.5294,22.128
5/12/2016,18:30:44,0,9.5304,21.357
5/12/2016,18:45:44,0,9.5305,20.495
5/12/2016,19:00:44,0,9.5313,19.939
5/12/2016,19:15:44,0,9.5327,19.585
5/12/2016,19:30:44,0,9.5342,18.847
5/12/2016,19:45:44,0,9.535,18.145
5/12/2016,20:00:44,0,9.5369,17.996
5/12/2016,20:15:44,0,9.5383,17.493
5/12/2016,20:30:44,0,9.5402,17.282
5/12/2016,20:45:44,0,9.5417,17.074
5/12/2016,21:00:44,0,9.5422,16.742
5/12/2016,21:15:44,0,9.5437,16.531
5/12/2016,21:30:44,0,9.5439,16.294
5/12/2016,21:45:44,0,9.5443,15.907
5/12/2016,22:00:44,0,9.5438,15.764
5/12/2016,22:15:44,0,9.5435,15.589
5/12/2016,22:30:44,0,9.5439,15.214
5/12/2016,22:45:44,0,9.5442,15.078
5/12/2016,23:00:44,0,9.5445,14.681
5/12/2016,23:15:44,0,9.5438,14.42
5/12/2016,23:30:44,0,9.5442,14.376
5/12/2016,23:45:44,0,9.5444,14.235
5/13/2016,0:00:44,0,9.5443,14.123
5/13/2016,0:15:44,0,9.5431,13.8
5/13/2016,0:30:44,0,9.542,13.627
5/13/2016,0:45:44,0,9.5415,13.48
5/13/2016,1:00:44,0,9.541,13.428
5/13/2016,1:15:44,0,9.5394,13.326
5/13/2016,1:30:44,0,9.5389,13.192
5/13/2016,1:45:44,0,9.5378,13.233
5/13/2016,2:00:44,0,9.5363,13.716
5/13/2016,2:15:44,0,9.5353,14.468
5/13/2016,2:30:44,0,9.5358,15.767
5/13/2016,2:45:44,0,9.5362,15.865
5/13/2016,3:00:44,0,9.5359,15.851
5/13/2016,3:15:44,0,9.5359,15.833
5/13/2016,3:30:44,0,9.535,15.704
5/13/2016,3:45:44,0,9.5338,15.408
5/13/2016,4:00:44,0,9.5351,15.494
5/13/2016,4:15:44,0,9.5345,15.237
5/13/2016,4:30:44,0,9.5343,15.318
5/13/2016,4:45:44,0,9.5347,15.192
5/13/2016,5:00:44,0,9.5361,14.958
5/13/2016,5:15:44,0,9.5351,14.835
5/13/2016,5:30:44,0,9.5358,14.977
5/13/2016,5:45:44,0,9.5359,14.962
5/13/2016,6:00:44,0,9.5344,15.01
5/13/2016,6:15:44,0,9.5354,15.355
5/13/2016,6:30:44,0,9.5349,15.422
5/13/2016,6:45:44,0,9.5326,15.545
5/13/2016,7:00:44,0,9.5321,15.543
5/13/2016,7:15:44,0,9.5306,15.974
5/13/2016,7:30:44,0,9.5299,16.795
5/13/2016,7:45:44,0,9.5287,17.12
5/13/2016,8:00:44,0,9.5277,18.461
5/13/2016,8:15:44,0,9.5279,19.719
5/13/2016,8:30:44,0,9.5261,20.294
5/13/2016,8:45:44,0,9.5255,21.093
5/13/2016,9:00:44,0,9.5237,22.305
5/13/2016,9:15:44,0,9.5246,23.068
5/13/2016,9:30:44,0,9.5252,24.276
5/13/2016,9:45:44,0,9.5235,25.53
5/13/2016,10:00:44,0,9.5214,25.605
5/13/2016,10:15:44,0,9.5203,25.846
5/13/2016,10:30:44,0,9.5188,27.402
5/13/2016,10:45:44,0,9.5162,26.68
5/13/2016,11:00:44,0,9.5144,26.916
5/13/2016,11:15:44,0,9.5153,26.803
5/13/2016,11:30:44,0,9.5131,26.919
5/13/2016,11:45:44,0,9.5124,26.974
5/13/2016,12:00:44,0,9.511,27.24
5/13/2016,12:15:44,0,9.5097,27.375
5/13/2016,12:30:44,0,9.5086,27.508
5/13/2016,12:45:44,0,9.5087,27.671
5/13/2016,13:00:44,0,9.5076,27.859
5/13/2016,13:15:44,0,9.5083,28.97
5/13/2016,13:30:44,0,9.5093,28.847
5/13/2016,13:45:44,0,9.5088,28.471
5/13/2016,14:00:44,0,9.5088,29.014
5/13/2016,14:15:44,0,9.5095,27.869
5/13/2016,14:30:44,0,9.508,27.322
5/13/2016,14:45:44,0,9.5084,26.913
5/13/2016,15:00:44,0,9.5071,26.66
5/13/2016,15:15:44,0,9.5078,26.445
5/13/2016,15:30:44,0,9.507,26.143
5/13/2016,15:45:44,0,9.5056,25.866
5/13/2016,16:00:44,0,9.5067,25.577
5/13/2016,16:15:44,0,9.5084,25.233
5/13/2016,16:30:44,0,9.5096,24.934
5/13/2016,16:45:44,0,9.5099,24.646
5/13/2016,17:00:44,0,9.5113,24.394
5/13/2016,17:15:44,0,9.511,24.003
5/13/2016,17:30:44,0,9.5111,23.619
5/13/2016,17:45:44,0,9.5111,23.107
5/13/2016,18:00:44,0,9.5117,22.629
5/13/2016,18:15:44,0,9.5121,22.13
5/13/2016,18:30:44,0,9.5112,21.785
5/13/2016,18:45:44,0,9.512,21.262
5/13/2016,19:00:44,0,9.5126,20.655
5/13/2016,19:15:44,0,9.5166,20.268
5/13/2016,19:30:44,0,9.5192,19.435
5/13/2016,19:45:44,0,9.5181,18.842
5/13/2016,20:00:44,0,9.5188,18.432
5/13/2016,20:15:44,0,9.5198,17.792
5/13/2016,20:30:44,0,9.5199,17.436
5/13/2016,20:45:44,0,9.5225,17.324
5/13/2016,21:00:44,0,9.5236,16.946
5/13/2016,21:15:44,0,9.5245,16.207
5/13/2016,21:30:44,0,9.5254,16.16
5/13/2016,21:45:44,0,9.5239,15.718
5/13/2016,22:00:44,0,9.5226,15.026
5/13/2016,22:15:44,0,9.5215,15.155
5/13/2016,22:30:44,0,9.5228,14.885
5/13/2016,22:45:44,0,9.5237,14.38
5/13/2016,23:00:44,0,9.523,14.385
5/13/2016,23:15:44,0,9.5241,14.23
5/13/2016,23:30:44,0,9.5235,13.722
5/13/2016,23:45:44,0,9.5231,13.685
5/14/2016,0:00:44,0,9.5234,13.442
5/14/2016,0:15:44,0,9.5226,13.089
5/14/2016,0:30:44,0,9.5214,12.931
5/14/2016,0:45:44,0,9.5209,12.968
5/14/2016,1:00:44,0,9.52,12.608
5/14/2016,1:15:44,0,9.521,12.519
5/14/2016,1:30:44,0,9.5185,11.898
5/14/2016,1:45:44,0,9.5173,12.278
5/14/2016,2:00:44,0,9.5191,12.183
5/14/2016,2:15:44,0,9.5214,12.155
5/14/2016,2:30:44,0,9.521,11.429
5/14/2016,2:45:44,0,9.522,11.765
5/14/2016,3:00:44,0,9.522,11.471
5/14/2016,3:15:44,0,9.5223,10.929
5/14/2016,3:30:44,0,9.5226,10.914
5/14/2016,3:45:44,0,9.524,10.968
5/14/2016,4:00:44,0,9.5253,10.591
5/14/2016,4:15:44,0,9.5249,10.737
5/14/2016,4:30:44,0,9.5253,10.546
5/14/2016,4:45:44,0,9.5254,10.009
5/14/2016,5:00:44,0,9.5237,10.018
5/14/2016,5:15:44,0,9.5245,10.215
5/14/2016,5:30:44,0,9.5272,10.103
5/14/2016,5:45:44,0,9.5319,9.959
5/14/2016,6:00:44,0,9.5333,9.785
5/14/2016,6:15:44,0,9.5324,10.138
5/14/2016,6:30:44,0,9.532,10.037
5/14/2016,6:45:44,0,9.5308,10.415
5/14/2016,7:00:44,0,9.5315,10.628
5/14/2016,7:15:44,0,9.5291,11.036
5/14/2016,7:30:44,0,9.5287,11.932
5/14/2016,7:45:44,0,9.5286,12.546
5/14/2016,8:00:44,0,9.529,14.622
5/14/2016,8:15:44,0,9.5288,15.918
5/14/2016,8:30:44,0,9.5273,16.792
5/14/2016,8:45:44,0,9.5271,18.165
5/14/2016,9:00:44,0,9.5282,18.267
5/14/2016,9:15:44,0,9.5317,17.898
5/14/2016,9:30:44,0,9.5332,17.83
5/14/2016,9:45:44,0,9.5338,17.619
5/14/2016,10:00:44,0,9.534,17.76
5/14/2016,10:15:44,0,9.5334,17.534
5/14/2016,10:30:44,0,9.5328,17.947
5/14/2016,10:45:44,0,9.5329,18.601
5/14/2016,11:00:44,0,9.5323,18.005
5/14/2016,11:15:44,0,9.5311,17.763
5/14/2016,11:30:44,0,9.5291,18.219
5/14/2016,11:45:44,0,9.5291,18.485
5/14/2016,12:00:44,0,9.5283,18.469
5/14/2016,12:15:44,0,9.5272,18.202
5/14/2016,12:30:44,0,9.5249,18.752
5/14/2016,12:45:44,0,9.5237,19.302
5/14/2016,13:00:44,0,9.5241,19.279
5/14/2016,13:15:44,0,9.5236,19.809
5/14/2016,13:30:44,0,9.5228,19.883
5/14/2016,13:45:44,0,9.5205,19.785
5/14/2016,14:00:44,0,9.5207,20.063
5/14/2016,14:15:44,0,9.5234,19.83
5/14/2016,14:30:44,0,9.5231,19.306
5/14/2016,14:45:44,0,9.5213,19.491
5/14/2016,15:00:44,0,9.5209,19.446
5/14/2016,15:15:44,0,9.5203,19.402
5/14/2016,15:30:44,0,9.5179,18.651
5/14/2016,15:45:44,0,9.5139,18.913
5/14/2016,16:00:44,0,9.5145,19.222
5/14/2016,16:15:44,0,9.5144,19.177
5/14/2016,16:30:44,0,9.5155,18.913
5/14/2016,16:45:44,0,9.5151,18.773
5/14/2016,17:00:44,0,9.5152,18.629
5/14/2016,17:15:44,0,9.5139,18.45
5/14/2016,17:30:44,0,9.5127,18.536
5/14/2016,17:45:44,0,9.5144,18.471
5/14/2016,18:00:44,0,9.5138,18.274
5/14/2016,18:15:44,0,9.514,17.979
5/14/2016,18:30:44,0,9.5137,17.8
5/14/2016,18:45:44,0,9.5142,17.43
5/14/2016,19:00:44,0,9.515,16.617
5/14/2016,19:15:44,0,9.5152,16.433
5/14/2016,19:30:44,0,9.5159,16.314
5/14/2016,19:45:44,0,9.5162,16.139
5/14/2016,20:00:44,0,9.5173,16.061
5/14/2016,20:15:44,0,9.518,15.811
5/14/2016,20:30:44,0,9.5188,15.672
5/14/2016,20:45:44,0,9.5198,15.67
5/14/2016,21:00:44,0,9.5209,15.185
5/14/2016,21:15:44,0,9.5222,15.145
5/14/2016,21:30:44,0,9.5227,15.21
5/14/2016,21:45:44,0,9.5227,15.173
5/14/2016,22:00:44,0,9.5229,14.97
5/14/2016,22:15:44,0,9.5232,14.863
5/14/2016,22:30:44,0,9.5233,14.694
5/14/2016,22:45:44,0,9.5244,14.488
5/14/2016,23:00:44,0,9.5262,14.366
5/14/2016,23:15:44,0,9.5263,13.977
5/14/2016,23:30:44,0,9.5256,14.002
5/14/2016,23:45:44,0,9.5253,13.832
5/15/2016,0:00:44,0,9.5243,13.475
5/15/2016,0:15:44,0,9.5231,12.993
5/15/2016,0:30:44,0,9.522,12.479
5/15/2016,0:45:44,0,9.5214,12.297
5/15/2016,1:00:44,0,9.5206,11.999
5/15/2016,1:15:44,0,9.5203,11.745
5/15/2016,1:30:44,0,9.5193,11.569
5/15/2016,1:45:44,0,9.5183,11.473
5/15/2016,2:00:44,0,9.5162,11.151
5/15/2016,2:15:44,0,9.5157,11.113
5/15/2016,2:30:44,0,9.5149,10.729
5/15/2016,2:45:44,0,9.5154,10.604
5/15/2016,3:00:44,0,9.5149,10.737
5/15/2016,3:15:44,0,9.5154,10.292
5/15/2016,3:30:44,0,9.514,10.098
5/15/2016,3:45:44,0,9.5134,10.176
5/15/2016,4:00:44,0,9.5139,9.879
5/15/2016,4:15:44,0,9.5135,9.84
5/15/2016,4:30:44,0,9.5151,9.744
5/15/2016,4:45:44,0,9.5169,9.627
5/15/2016,5:00:44,0,9.5181,9.25
5/15/2016,5:15:44,0,9.5189,9.125
5/15/2016,5:30:44,0,9.5205,9.372
5/15/2016,5:45:44,0,9.5211,8.846
5/15/2016,6:00:44,0,9.5207,8.677
5/15/2016,6:15:44,0,9.5204,8.877
5/15/2016,6:30:44,0,9.5203,9.39
5/15/2016,6:45:44,0,9.5193,9.869
5/15/2016,7:00:44,0,9.518,10.29
5/15/2016,7:15:44,0,9.5178,10.736
5/15/2016,7:30:44,0,9.516,11.507
5/15/2016,7:45:44,0,9.5149,12.398
5/15/2016,8:00:44,0,9.5139,14.426
5/15/2016,8:15:44,0,9.514,15.913
5/15/2016,8:30:44,0,9.5124,16.441
5/15/2016,8:45:44,0,9.5121,17.231
5/15/2016,9:00:44,0,9.5108,18.246
5/15/2016,9:15:44,0,9.5114,19.697
5/15/2016,9:30:44,0,9.5128,22.652
5/15/2016,9:45:44,0,9.513,24.624
5/15/2016,10:00:44,0,9.5104,23.272
5/15/2016,10:15:44,0,9.5093,21.276
5/15/2016,10:30:44,0,9.5091,22.501
5/15/2016,10:45:44,0,9.5089,20.941
5/15/2016,11:00:44,0,9.5085,20.736
5/15/2016,11:15:44,0,9.5053,20.95
5/15/2016,11:30:44,0,9.5062,20.653
5/15/2016,11:45:44,0,9.5044,20.933
5/15/2016,12:00:44,0,9.5027,21.221
5/15/2016,12:15:44,0,9.5048,21.116
5/15/2016,12:30:44,0,9.5047,20.833
5/15/2016,12:45:44,0,9.5046,20.785
5/15/2016,13:00:44,0,9.5047,20.968
5/15/2016,13:15:44,0,9.5058,21.342
5/15/2016,13:30:44,0,9.5045,20.873
5/15/2016,13:45:44,0,9.5057,20.922
5/15/2016,14:00:44,0,9.5039,21.989
5/15/2016,14:15:44,0,9.5028,21.465
5/15/2016,14:30:44,0,9.5023,21.159
5/15/2016,14:45:44,0,9.502,20.835
5/15/2016,15:00:44,0,9.4998,20.663
5/15/2016,15:15:44,0,9.4986,20.514
5/15/2016,15:30:44,0,9.4991,20.449
5/15/2016,15:45:44,0,9.4984,20.521
5/15/2016,16:00:44,0,9.4986,20.785
5/15/2016,16:15:44,0,9.4991,20.868
5/15/2016,16:30:44,0,9.4994,20.72
5/15/2016,16:45:44,0,9.4999,20.513
5/15/2016,17:00:44,0,9.5007,20.357
5/15/2016,17:15:44,0,9.5007,20.13
5/15/2016,17:30:44,0,9.5014,19.824
5/15/2016,17:45:44,0,9.5015,19.401
5/15/2016,18:00:44,0,9.5018,18.973
5/15/2016,18:15:44,0,9.5041,18.658
5/15/2016,18:30:44,0,9.5055,18.463
5/15/2016,18:45:44,0,9.5054,18.124
5/15/2016,19:00:44,0,9.5083,17.519
5/15/2016,19:15:44,0,9.5109,16.786
5/15/2016,19:30:44,0,9.5126,16.145
5/15/2016,19:45:44,0,9.5133,15.751
5/15/2016,20:00:44,0,9.5153,15.594
5/15/2016,20:15:44,0,9.5176,15.309
5/15/2016,20:30:44,0,9.5186,14.826
5/15/2016,20:45:44,0,9.521,14.666
5/15/2016,21:00:44,0,9.5225,14.561
5/15/2016,21:15:44,0,9.5236,14.391
5/15/2016,21:30:44,0,9.5243,13.832
5/15/2016,21:45:44,0,9.5241,13.566
5/15/2016,22:00:44,0,9.5245,13.411
5/15/2016,22:15:44,0,9.5245,13.051
5/15/2016,22:30:44,0,9.5249,12.891
5/15/2016,22:45:44,0,9.5254,12.709
5/15/2016,23:00:44,0,9.5259,12.73
5/15/2016,23:15:44,0,9.5257,12.987
5/15/2016,23:30:44,0,9.5267,12.709
5/15/2016,23:45:44,0,9.5269,12.559
5/16/2016,0:00:44,0,9.5273,12.289
5/16/2016,0:15:44,0,9.5283,12.119
5/16/2016,0:30:44,0,9.5268,12.132
5/16/2016,0:45:44,0,9.5263,12.085
5/16/2016,1:00:44,0,9.5268,11.901
5/16/2016,1:15:44,0,9.5258,11.587
5/16/2016,1:30:44,0,9.5252,11.498
5/16/2016,1:45:44,0,9.5235,11.05
5/16/2016,2:00:44,0,9.5238,10.984
5/16/2016,2:15:44,0,9.5235,10.835
5/16/2016,2:30:44,0,9.5224,10.557
5/16/2016,2:45:44,0,9.5217,10.586
5/16/2016,3:00:44,0,9.5225,10.598
5/16/2016,3:15:44,0,9.5225,10.406
5/16/2016,3:30:44,0,9.5218,10.975
5/16/2016,3:45:44,0,9.5227,10.841
5/16/2016,4:00:44,0,9.5244,10.662
5/16/2016,4:15:44,0,9.5246,10.406
5/16/2016,4:30:44,0,9.5257,10.384
5/16/2016,4:45:44,0,9.5266,10.014
5/16/2016,5:00:44,0,9.5268,9.849
5/16/2016,5:15:44,0,9.5266,9.596
5/16/2016,5:30:44,0,9.5287,9.572
5/16/2016,5:45:44,0,9.53,9.602
5/16/2016,6:00:44,0,9.5291,9.812
5/16/2016,6:15:44,0,9.5304,9.906
5/16/2016,6:30:44,0,9.5307,9.864
5/16/2016,6:45:44,0,9.5295,10.261
5/16/2016,7:00:44,0,9.5286,10.657
5/16/2016,7:15:44,0,9.5288,11.14
5/16/2016,7:30:44,0,9.528,11.915
5/16/2016,7:45:44,0,9.5265,12.63
5/16/2016,8:00:44,0,9.5256,15.628
5/16/2016,8:15:44,0,9.5267,16.101
5/16/2016,8:30:44,0,9.527,16.948
5/16/2016,8:45:44,0,9.5248,18.176
5/16/2016,9:00:44,0,9.5241,18.427
5/16/2016,9:15:44,0,9.5243,20.007
5/16/2016,9:30:44,0,9.5253,21.137
5/16/2016,9:45:44,0,9.5251,22.709
5/16/2016,10:00:44,0,9.5215,21.194
5/16/2016,10:15:44,0,9.5195,22.35
5/16/2016,10:30:44,0,9.5163,22.796
5/16/2016,10:45:44,0,9.5155,21.636
5/16/2016,11:00:44,0,9.5142,21.474
5/16/2016,11:15:44,0,9.5119,21.455
5/16/2016,11:30:44,0,9.509,22.054
5/16/2016,11:45:44,0,9.5094,22.138
5/16/2016,12:00:44,0,9.5077,22.11
5/16/2016,12:15:44,0,9.5066,22.345
5/16/2016,12:30:44,0,9.505,22.912
5/16/2016,12:45:44,0,9.5038,22.811
5/16/2016,13:00:44,0,9.5028,23.132
5/16/2016,13:15:44,0,9.5031,22.38
5/16/2016,13:30:44,0,9.5012,22.349
5/16/2016,13:45:44,0,9.4992,23.212
5/16/2016,14:00:44,0,9.4995,23.215
5/16/2016,14:15:44,0,9.499,22.066
5/16/2016,14:30:44,0,9.4971,23.018
5/16/2016,14:45:44,0,9.4963,23.641
5/16/2016,15:00:44,0,9.4955,23.311
5/16/2016,15:15:44,0,9.4955,22.403
5/16/2016,15:30:44,0,9.4956,21.395
5/16/2016,15:45:44,0,9.4934,20.557
5/16/2016,16:00:44,0,9.4923,20.748
5/16/2016,16:15:44,0,9.4913,21.003
5/16/2016,16:30:44,0,9.4915,21.635
5/16/2016,16:45:44,0,9.4928,21.953
5/16/2016,17:00:44,0,9.4938,22.162
5/16/2016,17:15:44,0,9.4948,22.189
5/16/2016,17:30:44,0,9.4951,22.189
5/16/2016,17:45:44,0,9.4954,22.121
5/16/2016,18:00:44,0,9.497,21.684
5/16/2016,18:15:44,0,9.497,21.855
5/16/2016,18:30:44,0,9.4991,21.436
5/16/2016,18:45:44,0,9.5014,20.008
5/16/2016,19:00:44,0,9.5044,19.146
5/16/2016,19:15:44,0,9.507,18.462
5/16/2016,19:30:44,0,9.5092,17.847
5/16/2016,19:45:44,0,9.5108,17.159
5/16/2016,20:00:44,0,9.5125,16.961
5/16/2016,20:15:44,0,9.5147,16.448
5/16/2016,20:30:44,0,9.518,16.037
5/16/2016,20:45:44,0,9.5191,15.272
5/16/2016,21:00:44,0,9.5205,15.3
5/16/2016,21:15:44,0,9.524,15.159
5/16/2016,21:30:44,0,9.5256,14.864
5/16/2016,21:45:44,0,9.526,14.383
5/16/2016,22:00:44,0,9.5254,13.877
5/16/2016,22:15:44,0,9.525,13.718
5/16/2016,22:30:44,0,9.5265,13.417
5/16/2016,22:45:44,0,9.5259,13.165
5/16/2016,23:00:44,0,9.5267,12.802
5/16/2016,23:15:44,0,9.5271,12.28
5/16/2016,23:30:44,0,9.5277,12.399
5/16/2016,23:45:44,0,9.5275,12.137
5/17/2016,0:00:44,0,9.5282,12.165
5/17/2016,0:15:44,0,9.5283,12.336
5/17/2016,0:30:44,0,9.5273,12.173
5/17/2016,0:45:44,0,9.5273,11.921
5/17/2016,1:00:44,0,9.5278,11.558
5/17/2016,1:15:44,0,9.5273,11.4
5/17/2016,1:30:44,0,9.5282,11.263
5/17/2016,1:45:44,0,9.5273,11.309
5/17/2016,2:00:44,0,9.5286,10.872
5/17/2016,2:15:44,0,9.5298,10.802
5/17/2016,2:30:44,0,9.5291,10.428
5/17/2016,2:45:44,0,9.5283,10.371
5/17/2016,3:00:44,0,9.5256,10.052
5/17/2016,3:15:44,0,9.5258,9.98
5/17/2016,3:30:44,0,9.5258,10.001
5/17/2016,3:45:44,0,9.5261,9.459
5/17/2016,4:00:44,0,9.5269,9.73
5/17/2016,4:15:44,0,9.5268,9.378
5/17/2016,4:30:44,0,9.5275,9.217
5/17/2016,4:45:44,0,9.529,9.436
5/17/2016,5:00:44,0,9.5296,9.465
5/17/2016,5:15:44,0,9.5306,9.378
5/17/2016,5:30:44,0,9.5302,9.024
5/17/2016,5:45:44,0,9.5288,8.902
5/17/2016,6:00:44,0,9.5297,8.802
5/17/2016,6:15:44,0,9.529,9.033
5/17/2016,6:30:44,0,9.5283,9.326
5/17/2016,6:45:44,0,9.5281,9.654
5/17/2016,7:00:44,0,9.5278,10.071
5/17/2016,7:15:44,0,9.5281,10.676
5/17/2016,7:30:44,0,9.5268,11.615
5/17/2016,7:45:44,0,9.5266,12.643
5/17/2016,8:00:44,0,9.5262,15.195
5/17/2016,8:15:44,0,9.5271,17.247
5/17/2016,8:30:44,0,9.5274,17.928
5/17/2016,8:45:44,0,9.5294,19.242
5/17/2016,9:00:44,0,9.5291,20.223
5/17/2016,9:15:44,0,9.5311,22.489
5/17/2016,9:30:44,0,9.5317,24.234
5/17/2016,9:45:44,0,9.5322,26.386
5/17/2016,10:00:44,0,9.5326,24.22
5/17/2016,10:15:44,0,9.5328,24.895
5/17/2016,10:30:44,0,9.5356,23.948
5/17/2016,10:45:44,0,9.5348,23.499
5/17/2016,11:00:44,0,9.5332,23.144
5/17/2016,11:15:44,0,9.5338,23.427
5/17/2016,11:30:44,0,9.533,23.635
5/17/2016,11:45:44,0,9.5336,23.748
5/17/2016,12:00:44,0,9.534,23.754
5/17/2016,12:15:44,0,9.5323,23.986
5/17/2016,12:30:44,0,9.5314,24.14
5/17/2016,12:45:44,0,9.5297,24.442
5/17/2016,13:00:44,0,9.5301,24.587
5/17/2016,13:15:44,0,9.5285,25.208
5/17/2016,13:30:44,0,9.5291,25.2
5/17/2016,13:45:44,0,9.5309,25.445
5/17/2016,14:00:44,0,9.5291,26.126
5/17/2016,14:15:44,0,9.5256,25.745
5/17/2016,14:30:44,0,9.5268,25.484
5/17/2016,14:45:44,0,9.525,25.421
5/17/2016,15:00:44,0,9.5225,25.426
5/17/2016,15:15:44,0,9.5221,25.561
5/17/2016,15:30:44,0,9.5218,25.619
5/17/2016,15:45:44,0,9.5208,25.675
5/17/2016,16:00:44,0,9.52,25.472
5/17/2016,16:15:44,0,9.5195,25.371
5/17/2016,16:30:44,0,9.5191,25.579
5/17/2016,16:45:44,0,9.5198,25.24
5/17/2016,17:00:44,0,9.5193,25.018
5/17/2016,17:15:44,0,9.5194,24.45
5/17/2016,17:30:44,0,9.5193,24.091
5/17/2016,17:45:44,0,9.5196,23.501
5/17/2016,18:00:44,0,9.5197,22.865
5/17/2016,18:15:44,0,9.5216,22.275
5/17/2016,18:30:44,0,9.5224,21.59
5/17/2016,18:45:44,0,9.5238,20.971
5/17/2016,19:00:44,0,9.5251,20.369
5/17/2016,19:15:44,0,9.5277,19.796
5/17/2016,19:30:44,0,9.5286,19.326
5/17/2016,19:45:44,0,9.5317,18.94
5/17/2016,20:00:44,0,9.535,18.067
5/17/2016,20:15:44,0,9.536,17.826
5/17/2016,20:30:44,0,9.5378,17.674
5/17/2016,20:45:44,0,9.5393,17.049
5/17/2016,21:00:44,0,9.5396,16.516
5/17/2016,21:15:44,0,9.5406,16.282
5/17/2016,21:30:44,0,9.5404,16.045
5/17/2016,21:45:44,0,9.541,15.608
5/17/2016,22:00:44,0,9.5426,15.224
5/17/2016,22:15:44,0,9.5436,14.889
5/17/2016,22:30:44,0,9.5446,14.349
5/17/2016,22:45:44,0,9.545,14.206
5/17/2016,23:00:44,0,9.5449,13.987
5/17/2016,23:15:44,0,9.5455,14.039
5/17/2016,23:30:44,0,9.5453,13.597
5/17/2016,23:45:44,0,9.5453,13.543
5/18/2016,0:00:44,0,9.546,13.167
5/18/2016,0:15:44,0,9.546,12.983
5/18/2016,0:30:44,0,9.5458,12.673
5/18/2016,0:45:44,0,9.5474,12.438
5/18/2016,1:00:44,0,9.5466,12.153
5/18/2016,1:15:44,0,9.5467,12.269
5/18/2016,1:30:44,0,9.5479,12.028
5/18/2016,1:45:44,0,9.548,11.884
5/18/2016,2:00:44,0,9.5473,11.706
5/18/2016,2:15:44,0,9.5478,11.634
5/18/2016,2:30:44,0,9.5475,11.555
5/18/2016,2:45:44,0,9.548,11.558
5/18/2016,3:00:44,0,9.5465,11.265
5/18/2016,3:15:44,0,9.5464,11.142
5/18/2016,3:30:44,0,9.5453,11.016
5/18/2016,3:45:44,0,9.5444,10.873
5/18/2016,4:00:44,0,9.5468,11.052
5/18/2016,4:15:44,0,9.548,10.936
5/18/2016,4:30:44,0,9.5477,10.82
5/18/2016,4:45:44,0,9.5438,11.681
5/18/2016,5:00:44,0,9.5458,13.213
5/18/2016,5:15:44,0,9.5463,13.176
5/18/2016,5:30:44,0,9.5477,12.648
5/18/2016,5:45:44,0,9.5474,12.401
5/18/2016,6:00:44,0,9.5489,12.004
5/18/2016,6:15:44,0,9.5506,11.874
5/18/2016,6:30:44,0,9.5511,11.724
5/18/2016,6:45:44,0,9.5496,11.929
5/18/2016,7:00:44,0,9.5487,12.262
5/18/2016,7:15:44,0,9.5487,12.797
5/18/2016,7:30:44,0,9.5479,13.733
5/18/2016,7:45:44,0,9.5476,14.647
5/18/2016,8:00:44,0,9.544,16.776
5/18/2016,8:15:44,0,9.5437,18.866
5/18/2016,8:30:44,0,9.5425,20.104
5/18/2016,8:45:44,0,9.5419,20.826
5/18/2016,9:00:44,0,9.5401,21.3
5/18/2016,9:15:44,0,9.5405,22.949
5/18/2016,9:30:44,0,9.5419,24.074
5/18/2016,9:45:44,0,9.5405,25.144
5/18/2016,10:00:44,0,9.5376,24.746
5/18/2016,10:15:44,0,9.5371,25.016
5/18/2016,10:30:44,0,9.5352,25.628
5/18/2016,10:45:44,0,9.5328,24.982
5/18/2016,11:00:44,0,9.5301,25.335
5/18/2016,11:15:44,0,9.5273,25.744
5/18/2016,11:30:44,0,9.5246,26.468
5/18/2016,11:45:44,0,9.5231,27.12
5/18/2016,12:00:44,0,9.5214,27.322
5/18/2016,12:15:44,0,9.5205,27.403
5/18/2016,12:30:44,0,9.5196,27.753
5/18/2016,12:45:44,0,9.5196,27.982
5/18/2016,13:00:44,0,9.5184,28.192
5/18/2016,13:15:44,0,9.518,28.543
5/18/2016,13:30:44,0,9.5188,28.372
5/18/2016,13:45:44,0,9.517,29.047
5/18/2016,14:00:44,0,9.5167,28.772
5/18/2016,14:15:44,0,9.5153,28.349
5/18/2016,14:30:44,0,9.5147,27.925
5/18/2016,14:45:44,0,9.5111,27.701
5/18/2016,15:00:44,0,9.5098,27.523
5/18/2016,15:15:44,0,9.5088,27.458
5/18/2016,15:30:44,0,9.5084,27.385
5/18/2016,15:45:44,0,9.5079,27.122
5/18/2016,16:00:44,0,9.5056,26.84
5/18/2016,16:15:44,0,9.506,26.611
5/18/2016,16:30:44,0,9.5041,26.319
5/18/2016,16:45:44,0,9.5031,25.868
5/18/2016,17:00:44,0,9.5031,25.557
5/18/2016,17:15:44,0,9.5013,25.134
5/18/2016,17:30:44,0,9.5008,24.696
5/18/2016,17:45:44,0,9.5005,24.303
5/18/2016,18:00:44,0,9.5008,23.891
5/18/2016,18:15:44,0,9.5022,22.793
5/18/2016,18:30:44,0,9.5017,21.994
5/18/2016,18:45:44,0,9.5032,21.513
5/18/2016,19:00:44,0,9.503,20.904
5/18/2016,19:15:44,0,9.5048,20.606
5/18/2016,19:30:44,0,9.507,19.887
5/18/2016,19:45:44,0,9.5073,19.437
5/18/2016,20:00:44,0,9.5077,19.051
5/18/2016,20:15:44,0,9.5096,18.695
5/18/2016,20:30:44,0,9.511,18.207
5/18/2016,20:45:44,0,9.5121,18.062
5/18/2016,21:00:44,0,9.5139,17.611
5/18/2016,21:15:44,0,9.5139,17.4
5/18/2016,21:30:44,0,9.5134,17.091
5/18/2016,21:45:44,0,9.5134,16.781
5/18/2016,22:00:44,0,9.5137,16.837
5/18/2016,22:15:44,0,9.5132,16.062
5/18/2016,22:30:44,0,9.5127,16.137
5/18/2016,22:45:44,0,9.5101,15.701
5/18/2016,23:00:44,0,9.5085,15.448
5/18/2016,23:15:44,0,9.5062,15.332
5/18/2016,23:30:44,0,9.5032,14.938
5/18/2016,23:45:44,0,9.5007,14.894
5/19/2016,0:00:44,0,9.499,14.938
5/19/2016,0:15:44,0,9.4963,14.734
5/19/2016,0:30:44,0,9.4934,14.52
5/19/2016,0:45:44,0,9.4911,14.398
5/19/2016,1:00:44,0,9.4898,14.301
5/19/2016,1:15:44,0,9.4865,14.234
5/19/2016,1:30:44,0,9.4836,14.32
5/19/2016,1:45:44,0,9.4816,14.275
5/19/2016,2:00:44,0,9.4789,14.235
5/19/2016,2:15:44,0,9.4791,14.09
5/19/2016,2:30:44,0,9.4802,14.093
5/19/2016,2:45:44,0,9.4831,13.948
5/19/2016,3:00:44,0,9.4845,13.519
5/19/2016,3:15:44,0,9.4836,13.306
5/19/2016,3:30:44,0,9.4821,13.098
5/19/2016,3:45:44,0,9.4805,13.261
5/19/2016,4:00:44,0,9.4792,12.85
5/19/2016,4:15:44,0,9.4779,12.623
5/19/2016,4:30:44,0,9.4756,12.525
5/19/2016,4:45:44,0,9.4726,12.221
5/19/2016,5:00:44,0,9.4716,12.026
5/19/2016,5:15:44,0,9.4754,12.068
5/19/2016,5:30:44,0,9.4764,12.212
5/19/2016,5:45:44,0,9.4798,11.851
5/19/2016,6:00:44,0,9.4782,12.064
5/19/2016,6:15:44,0,9.4797,12.093
5/19/2016,6:30:44,0,9.4822,12.579
5/19/2016,6:45:44,0,9.4817,13.101
5/19/2016,7:00:44,0,9.4771,13.65
5/19/2016,7:15:44,0,9.4708,14.124
5/19/2016,7:30:44,0,9.473,14.89
5/19/2016,7:45:44,0,9.473,15.543
5/19/2016,8:00:44,0,9.4742,16.977
5/19/2016,8:15:44,0,9.4738,18.635
5/19/2016,8:30:44,0,9.4749,19.131
5/19/2016,8:45:44,0,9.4727,19.626
5/19/2016,9:00:44,0,9.4743,20.193
5/19/2016,9:15:44,0,9.4725,21.158
5/19/2016,9:30:44,0,9.4728,22.327
5/19/2016,9:45:44,0,9.4719,22.033
5/19/2016,10:00:44,0,9.4704,21.401
5/19/2016,10:15:44,0,9.4693,20.778
5/19/2016,10:30:44,0,9.469,20.918
5/19/2016,10:45:44,0,9.4696,20.676
5/19/2016,11:00:44,0,9.4692,20.616
5/19/2016,11:15:44,0,9.4682,20.915
5/19/2016,11:30:44,0,9.4669,21.266
5/19/2016,11:45:44,0,9.4651,21.416
5/19/2016,12:00:44,0,9.4649,21.608
5/19/2016,12:15:44,0,9.4642,21.977
5/19/2016,12:30:44,0,9.467,21.855
5/19/2016,12:45:44,0,9.4648,22.065
5/19/2016,13:00:44,0,9.4618,22.095
5/19/2016,13:15:44,0,9.4612,22.064
5/19/2016,13:30:44,0,9.4599,22.544
5/19/2016,13:45:44,0,9.4571,23.33
5/19/2016,14:00:44,0,9.4565,23.422
5/19/2016,14:15:44,0,9.4531,22.711
5/19/2016,14:30:44,0,9.4508,22.381
5/19/2016,14:45:44,0,9.4482,22.151
5/19/2016,15:00:44,0,9.445,22.268
5/19/2016,15:15:44,0,9.4438,22.295
5/19/2016,15:30:44,0,9.4465,21.796
5/19/2016,15:45:44,0,9.4466,21.192
5/19/2016,16:00:44,0,9.4432,20.838
5/19/2016,16:15:44,0,9.442,20.791
5/19/2016,16:30:44,0,9.439,20.798
5/19/2016,16:45:44,0,9.4381,20.679
5/19/2016,17:00:44,0,9.4371,20.598
5/19/2016,17:15:44,0,9.4354,20.088
5/19/2016,17:30:44,0,9.4357,19.744
5/19/2016,17:45:44,0,9.4359,19.37
5/19/2016,18:00:44,0,9.4353,19.062
5/19/2016,18:15:44,0,9.4351,18.795
5/19/2016,18:30:44,0,9.4346,18.364
5/19/2016,18:45:44,0,9.4321,17.887
5/19/2016,19:00:44,0,9.4317,17.357
5/19/2016,19:15:44,0,9.4302,17.047
5/19/2016,19:30:44,0,9.4293,16.579
5/19/2016,19:45:44,0,9.4287,15.994
5/19/2016,20:00:44,0,9.4289,15.798
5/19/2016,20:15:44,0,9.4286,15.037
5/19/2016,20:30:44,0,9.4271,14.924
5/19/2016,20:45:44,0,9.427,14.9
5/19/2016,21:00:44,0,9.4277,14.437
5/19/2016,21:15:44,0,9.4276,14.267
5/19/2016,21:30:44,0,9.4266,14.077
5/19/2016,21:45:44,0,9.4254,13.697
5/19/2016,22:00:44,0,9.4218,13.491
5/19/2016,22:15:44,0,9.4189,13.65
5/19/2016,22:30:44,0,9.4174,13.321
5/19/2016,22:45:44,0,9.4156,12.883
5/19/2016,23:00:44,0,9.4127,12.709
5/19/2016,23:15:44,0,9.4106,12.47
5/19/2016,23:30:44,0,9.4102,12.754
5/19/2016,23:45:44,0,9.4101,12.6
5/20/2016,0:00:44,0,9.4097,12.741
5/20/2016,0:15:44,0,9.41,12.447
5/20/2016,0:30:44,0,9.409,12.371
5/20/2016,0:45:44,0,9.4103,12.234
5/20/2016,1:00:44,0,9.4106,12.317
5/20/2016,1:15:44,0,9.4097,12.452
5/20/2016,1:30:44,0,9.4085,12.453
5/20/2016,1:45:44,0,9.4088,12.395
5/20/2016,2:00:44,0,9.4093,12.159
5/20/2016,2:15:44,0,9.4091,12.064
5/20/2016,2:30:44,0,9.4092,12.169
5/20/2016,2:45:44,0,9.4089,12.161
5/20/2016,3:00:44,0,9.4096,11.93
5/20/2016,3:15:44,0,9.4107,11.746
5/20/2016,3:30:44,0,9.4126,11.655
5/20/2016,3:45:44,0,9.4147,11.351
5/20/2016,4:00:44,0,9.4145,10.409
5/20/2016,4:15:44,0,9.4157,10.17
5/20/2016,4:30:44,0,9.4155,9.406
5/20/2016,4:45:44,0,9.4164,9.928
5/20/2016,5:00:44,0,9.4167,10.24
5/20/2016,5:15:44,0,9.418,10.371
5/20/2016,5:30:44,0,9.4189,10.338
5/20/2016,5:45:44,0,9.4202,10.237
5/20/2016,6:00:44,0,9.4215,10.155
5/20/2016,6:15:44,0,9.4227,9.904
5/20/2016,6:30:44,0,9.4248,9.676
5/20/2016,6:45:44,0,9.4254,9.253
5/20/2016,7:00:44,0,9.4268,9.311
5/20/2016,7:15:44,0,9.429,9.352
5/20/2016,7:30:44,0,9.4297,9.332
5/20/2016,7:45:44,0,9.4297,8.777
5/20/2016,8:00:44,0,9.4326,8.72
5/20/2016,8:15:44,0,9.4328,8.813
5/20/2016,8:30:44,0,9.4347,8.927
5/20/2016,8:45:44,0,9.4367,8.964
5/20/2016,9:00:44,0,9.4377,8.784
5/20/2016,9:15:44,0,9.4386,9.029
5/20/2016,9:30:44,0,9.4408,9.255
5/20/2016,9:45:44,0,9.4434,9.071
5/20/2016,10:00:44,0,9.4437,8.635
5/20/2016,10:15:44,0,9.444,8.235
5/20/2016,10:30:44,0,9.445,8.444
5/20/2016,10:45:44,0,9.4447,8.418
5/20/2016,11:00:44,0,9.4427,9.289
5/20/2016,11:15:44,0,9.4445,9.563
5/20/2016,11:30:44,0,9.442,9.351
5/20/2016,11:45:44,0,9.4451,8.914
5/20/2016,12:00:44,0,9.4499,8.293
5/20/2016,12:15:44,0,9.4589,7.731
5/20/2016,12:30:44,0,9.463,6.387
5/20/2016,12:45:44,0,9.4648,4.142
5/20/2016,13:00:44,0,9.4632,3.875
5/20/2016,13:15:44,0,9.4668,4.267
5/20/2016,13:30:44,0,9.4687,4.871
5/20/2016,13:45:44,0,9.468,4.293
5/20/2016,14:00:44,0,9.466,3.559
5/20/2016,14:15:44,0,9.4686,4.417
5/20/2016,14:30:44,0,9.4695,3.798
5/20/2016,14:45:44,0,9.468,3.962
5/20/2016,15:00:44,0,9.4666,4.456
5/20/2016,15:15:44,0,9.4645,4.653
5/20/2016,15:30:44,0,9.4631,5.169
5/20/2016,15:45:44,0,9.4645,5.404
5/20/2016,16:00:44,0,9.4654,5.489
5/20/2016,16:15:44,0,9.4652,5.823
5/20/2016,16:30:44,0,9.4673,6.039
5/20/2016,16:45:44,0,9.4677,6.204
5/20/2016,17:00:44,0,9.4672,6.391
5/20/2016,17:15:44,0,9.4682,6.528
5/20/2016,17:30:44,0,9.4698,6.613
5/20/2016,17:45:44,0,9.4716,6.78
5/20/2016,18:00:44,0,9.4734,6.826
5/20/2016,18:15:44,0,9.475,6.781
5/20/2016,18:30:44,0,9.4774,6.688
5/20/2016,18:45:44,0,9.4771,6.495
5/20/2016,19:00:44,0,9.4785,6.521
5/20/2016,19:15:44,0,9.4806,6.422
5/20/2016,19:30:44,0,9.483,6.565
5/20/2016,19:45:44,0,9.4846,6.595
5/20/2016,20:00:44,0,9.4857,6.523
5/20/2016,20:15:44,0,9.4854,6.499
5/20/2016,20:30:44,0,9.4876,6.629
5/20/2016,20:45:44,0,9.4881,6.454
5/20/2016,21:00:44,0,9.489,6.695
5/20/2016,21:15:44,0,9.4899,6.43
5/20/2016,21:30:44,0,9.49,6.406
5/20/2016,21:45:44,0,9.4909,6.407
5/20/2016,22:00:44,0,9.4917,6.364
5/20/2016,22:15:44,0,9.4907,6.288
5/20/2016,22:30:44,0,9.4914,6.455
5/20/2016,22:45:44,0,9.491,6.319
5/20/2016,23:00:44,0,9.4907,6.288
5/20/2016,23:15:44,0,9.4897,6.288
5/20/2016,23:30:44,0,9.4897,6.403
5/20/2016,23:45:44,0,9.4901,6.288
5/21/2016,0:00:44,0,9.4907,6.195
5/21/2016,0:15:44,0,9.4911,6.263
5/21/2016,0:30:44,0,9.4905,6.228
5/21/2016,0:45:44,0,9.4894,6.314
5/21/2016,1:00:44,0,9.4899,6.378
5/21/2016,1:15:44,0,9.4893,6.257
5/21/2016,1:30:44,0,9.4894,6.386
5/21/2016,1:45:44,0,9.4899,6.295
5/21/2016,2:00:44,0,9.4903,6.326
5/21/2016,2:15:44,0,9.4926,6.436
5/21/2016,2:30:44,0,9.493,6.432
5/21/2016,2:45:44,0,9.4932,6.236
5/21/2016,3:00:44,0,9.493,6.203
5/21/2016,3:15:44,0,9.494,6.28
5/21/2016,3:30:44,0,9.4951,6.262
5/21/2016,3:45:44,0,9.4964,6.246
5/21/2016,4:00:44,0,9.4962,6.168
5/21/2016,4:15:44,0,9.4969,6.237
5/21/2016,4:30:44,0,9.4974,6.374
5/21/2016,4:45:44,0,9.4983,6.26
5/21/2016,5:00:44,0,9.4988,6.336
5/21/2016,5:15:44,0,9.4995,6.071
5/21/2016,5:30:44,0,9.5003,6.114
5/21/2016,5:45:44,0,9.5015,6.106
5/21/2016,6:00:44,0,9.5015,6.217
5/21/2016,6:15:44,0,9.5026,6.198
5/21/2016,6:30:44,0,9.5042,6.195
5/21/2016,6:45:44,0,9.5054,6.364
5/21/2016,7:00:44,0,9.5064,6.613
5/21/2016,7:15:44,0,9.5069,7.142
5/21/2016,7:30:44,0,9.5089,7.178
5/21/2016,7:45:44,0,9.5094,7.353
5/21/2016,8:00:44,0,9.5095,7.343
5/21/2016,8:15:44,0,9.5095,7.763
5/21/2016,8:30:44,0,9.5089,8.26
5/21/2016,8:45:44,0,9.5093,8.818
5/21/2016,9:00:44,0,9.5099,9.401
5/21/2016,9:15:44,0,9.5114,9.533
5/21/2016,9:30:44,0,9.5115,10.265
5/21/2016,9:45:44,0,9.5141,10.653
5/21/2016,10:00:44,0,9.5152,10.594
5/21/2016,10:15:44,0,9.518,10.799
5/21/2016,10:30:44,0,9.519,10.637
5/21/2016,10:45:44,0,9.5188,10.555
5/21/2016,11:00:44,0,9.5185,10.753
5/21/2016,11:15:44,0,9.5185,10.858
5/21/2016,11:30:44,0,9.5189,10.947
5/21/2016,11:45:44,0,9.5185,10.963
5/21/2016,12:00:44,0,9.5178,11.436
5/21/2016,12:15:44,0,9.5178,11.847
5/21/2016,12:30:44,0,9.5177,11.746
5/21/2016,12:45:44,0,9.519,11.787
5/21/2016,13:00:44,0,9.5203,11.724
5/21/2016,13:15:44,0,9.5205,11.175
5/21/2016,13:30:44,0,9.5191,11.553
5/21/2016,13:45:44,0,9.5191,12.189
5/21/2016,14:00:44,0,9.5192,12.514
5/21/2016,14:15:44,0,9.5179,12.532
5/21/2016,14:30:44,0,9.5176,12.841
5/21/2016,14:45:44,0,9.5182,12.645
5/21/2016,15:00:44,0,9.5211,11.939
5/21/2016,15:15:44,0,9.523,11.03
5/21/2016,15:30:44,0,9.5224,10.226
5/21/2016,15:45:44,0,9.5233,10.184
5/21/2016,16:00:44,0,9.5253,9.509
5/21/2016,16:15:44,0,9.5266,9.084
5/21/2016,16:30:44,0,9.5261,9.063
5/21/2016,16:45:44,0,9.526,9.063
5/21/2016,17:00:44,0,9.5251,9.03
5/21/2016,17:15:44,0,9.5269,9.024
5/21/2016,17:30:44,0,9.5292,8.794
5/21/2016,17:45:44,0,9.5304,8.733
5/21/2016,18:00:44,0,9.5329,8.814
5/21/2016,18:15:44,0,9.5337,8.205
5/21/2016,18:30:44,0,9.5353,8.091
5/21/2016,18:45:44,0,9.5375,7.969
5/21/2016,19:00:44,0,9.5388,7.808
5/21/2016,19:15:44,0,9.5388,7.63
5/21/2016,19:30:44,0,9.5395,7.66
5/21/2016,19:45:44,0,9.5408,7.78
5/21/2016,20:00:44,0,9.5425,7.679
5/21/2016,20:15:44,0,9.5442,7.741
5/21/2016,20:30:44,0,9.546,7.72
5/21/2016,20:45:44,0,9.5467,7.607
5/21/2016,21:00:44,0,9.548,7.565
5/21/2016,21:15:44,0,9.5492,7.653
5/21/2016,21:30:44,0,9.5504,7.55
5/21/2016,21:45:44,0,9.5494,7.49
5/21/2016,22:00:44,0,9.5494,7.644
5/21/2016,22:15:44,0,9.5496,7.67
5/21/2016,22:30:44,0,9.5495,7.566
5/21/2016,22:45:44,0,9.549,7.707
5/21/2016,23:00:44,0,9.5495,7.529
5/21/2016,23:15:44,0,9.5502,7.249
5/21/2016,23:30:44,0,9.5498,7.166
5/21/2016,23:45:44,0,9.5497,7.042
5/22/2016,0:00:44,0,9.55,7.101
5/22/2016,0:15:44,0,9.5503,6.766
5/22/2016,0:30:44,0,9.5497,6.595
5/22/2016,0:45:44,0,9.547,6.541
5/22/2016,1:00:44,0,9.5467,6.462
5/22/2016,1:15:44,0,9.5461,6.068
5/22/2016,1:30:44,0,9.5457,6.265
5/22/2016,1:45:44,0,9.5455,6.241
5/22/2016,2:00:44,0,9.5471,6.324
5/22/2016,2:15:44,0,9.5456,6.015
5/22/2016,2:30:44,0,9.5458,6.037
5/22/2016,2:45:44,0,9.547,5.855
5/22/2016,3:00:44,0,9.5477,5.609
5/22/2016,3:15:44,0,9.5476,5.715
5/22/2016,3:30:44,0,9.5459,5.209
5/22/2016,3:45:44,0,9.5472,5.313
5/22/2016,4:00:44,0,9.5465,5.556
5/22/2016,4:15:44,0,9.5446,5.57
5/22/2016,4:30:44,0,9.5455,5.434
5/22/2016,4:45:44,0,9.5467,5.35
5/22/2016,5:00:44,0,9.5484,5.259
5/22/2016,5:15:44,0,9.5496,5.289
5/22/2016,5:30:44,0,9.5481,5.055
5/22/2016,5:45:44,0,9.5475,4.948
5/22/2016,6:00:44,0,9.5496,4.943
5/22/2016,6:15:44,0,9.5517,5.127
5/22/2016,6:30:44,0,9.5536,5.287
5/22/2016,6:45:44,0,9.5534,5.389
5/22/2016,7:00:44,0,9.5532,5.557
5/22/2016,7:15:44,0,9.5517,5.776
5/22/2016,7:30:44,0,9.5516,6.336
5/22/2016,7:45:44,0,9.5519,7.143
5/22/2016,8:00:44,0,9.5508,8.686
5/22/2016,8:15:44,0,9.5502,9.443
5/22/2016,8:30:44,0,9.5504,10.052
5/22/2016,8:45:44,0,9.5497,10.429
5/22/2016,9:00:44,0,9.5488,10.81
5/22/2016,9:15:44,0,9.5487,11.791
5/22/2016,9:30:44,0,9.5487,13.936
5/22/2016,9:45:44,0,9.5479,14.392
5/22/2016,10:00:44,0,9.5473,13.947
5/22/2016,10:15:44,0,9.5461,16.584
5/22/2016,10:30:44,0,9.548,15.129
5/22/2016,10:45:44,0,9.5461,15.198
5/22/2016,11:00:44,0,9.544,14.763
5/22/2016,11:15:44,0,9.544,14.15
5/22/2016,11:30:44,0,9.5427,14.072
5/22/2016,11:45:44,0,9.5427,14.409
5/22/2016,12:00:44,0,9.5421,14.731
5/22/2016,12:15:44,0,9.5418,14.706
5/22/2016,12:30:44,0,9.5418,14.665
5/22/2016,12:45:44,0,9.5417,14.562
5/22/2016,13:00:44,0,9.5402,14.59
5/22/2016,13:15:44,0,9.5393,15.271
5/22/2016,13:30:44,0,9.5395,15.055
5/22/2016,13:45:44,0,9.5386,15.564
5/22/2016,14:00:44,0,9.5371,15.652
5/22/2016,14:15:44,0,9.5372,15.787
5/22/2016,14:30:44,0,9.5348,15.768
5/22/2016,14:45:44,0,9.5336,15.965
5/22/2016,15:00:44,0,9.5333,15.986
5/22/2016,15:15:44,0,9.5317,15.819
5/22/2016,15:30:44,0,9.5305,16.014
5/22/2016,15:45:44,0,9.5287,15.985
5/22/2016,16:00:44,0,9.5281,15.859
5/22/2016,16:15:44,0,9.5267,15.779
5/22/2016,16:30:44,0,9.5269,15.804
5/22/2016,16:45:44,0,9.5276,15.617
5/22/2016,17:00:44,0,9.5253,15.246
5/22/2016,17:15:44,0,9.5247,15.237
5/22/2016,17:30:44,0,9.5231,15.236
5/22/2016,17:45:44,0,9.5239,15.079
5/22/2016,18:00:44,0,9.5248,14.774
5/22/2016,18:15:44,0,9.525,14.111
5/22/2016,18:30:44,0,9.5259,13.672
5/22/2016,18:45:44,0,9.5272,13.25
5/22/2016,19:00:44,0,9.5281,12.461
5/22/2016,19:15:44,0,9.5283,12.138
5/22/2016,19:30:44,0,9.5289,11.58
5/22/2016,19:45:44,0,9.5297,11.082
5/22/2016,20:00:44,0,9.5309,10.836
5/22/2016,20:15:44,0,9.5323,10.566
5/22/2016,20:30:44,0,9.5327,10.4
5/22/2016,20:45:44,0,9.5335,9.736
5/22/2016,21:00:44,0,9.534,9.72
5/22/2016,21:15:44,0,9.5349,9.26
5/22/2016,21:30:44,0,9.535,9.081
5/22/2016,21:45:44,0,9.5348,8.828
5/22/2016,22:00:44,0,9.5343,8.577
5/22/2016,22:15:44,0,9.5326,8.406
5/22/2016,22:30:44,0,9.5324,8.37
5/22/2016,22:45:44,0,9.5323,8.343
5/22/2016,23:00:44,0,9.5316,8.131
5/22/2016,23:15:44,0,9.5304,8.032
5/22/2016,23:30:44,0,9.5285,7.866
5/22/2016,23:45:44,0,9.5276,7.642
5/23/2016,0:00:44,0,9.5265,7.531
5/23/2016,0:15:44,0,9.5259,7.467
5/23/2016,0:30:44,0,9.5255,6.957
5/23/2016,0:45:44,0,9.5239,6.839
5/23/2016,1:00:44,0,9.5233,6.47
5/23/2016,1:15:44,0,9.5229,6.577
5/23/2016,1:30:44,0,9.5224,6.458
5/23/2016,1:45:44,0,9.5218,6.45
5/23/2016,2:00:44,0,9.5213,6.24
5/23/2016,2:15:44,0,9.5216,6.227
5/23/2016,2:30:44,0,9.5218,6.07
5/23/2016,2:45:44,0,9.5222,6.162
5/23/2016,3:00:44,0,9.5211,6.094
5/23/2016,3:15:44,0,9.5208,6.027
5/23/2016,3:30:44,0,9.52,6.058
5/23/2016,3:45:44,0,9.5195,5.885
5/23/2016,4:00:44,0,9.5196,5.696
5/23/2016,4:15:44,0,9.5191,5.446
5/23/2016,4:30:44,0,9.5186,5.229
5/23/2016,4:45:44,0,9.5193,5.202
5/23/2016,5:00:44,0,9.5187,5.02
5/23/2016,5:15:44,0,9.5183,5.095
5/23/2016,5:30:44,0,9.5184,5.268
5/23/2016,5:45:44,0,9.5178,5.4
5/23/2016,6:00:44,0,9.5175,5.929
5/23/2016,6:15:44,0,9.5165,6.706
5/23/2016,6:30:44,0,9.5167,7.216
5/23/2016,6:45:44,0,9.516,7.343
5/23/2016,7:00:44,0,9.5142,7.875
5/23/2016,7:15:44,0,9.5136,8.653
5/23/2016,7:30:44,0,9.5129,9.143
5/23/2016,7:45:44,0,9.5107,9.456
5/23/2016,8:00:44,0,9.5094,10.162
5/23/2016,8:15:44,0,9.5084,11.197
5/23/2016,8:30:44,0,9.5078,12.003
5/23/2016,8:45:44,0,9.5063,13.323
5/23/2016,9:00:44,0,9.5053,13.64
5/23/2016,9:15:44,0,9.5039,14.193
5/23/2016,9:30:44,0,9.5034,15.792
5/23/2016,9:45:44,0,9.5023,16.731
5/23/2016,10:00:44,0,9.5003,17.042
5/23/2016,10:15:44,0,9.4996,17.842
5/23/2016,10:30:44,0,9.4986,17.583
5/23/2016,10:45:44,0,9.4961,16.979
5/23/2016,11:00:44,0,9.4955,16.733
5/23/2016,11:15:44,0,9.4947,16.778
5/23/2016,11:30:44,0,9.4938,16.957
5/23/2016,11:45:44,0,9.4926,17.378
5/23/2016,12:00:44,0,9.4923,17.566
5/23/2016,12:15:44,0,9.4929,17.45
5/23/2016,12:30:44,0,9.4915,17.454
5/23/2016,12:45:44,0,9.4914,17.34
5/23/2016,13:00:44,0,9.4912,17.049
5/23/2016,13:15:44,0,9.4917,17.257
5/23/2016,13:30:44,0,9.4928,17.895
5/23/2016,13:45:44,0,9.4936,18.029
5/23/2016,14:00:44,0,9.4911,17.709
5/23/2016,14:15:44,0,9.4919,17.351
5/23/2016,14:30:44,0,9.4891,17.165
5/23/2016,14:45:44,0,9.4888,17.5
5/23/2016,15:00:44,0,9.4875,17.654
5/23/2016,15:15:44,0,9.487,17.918
5/23/2016,15:30:44,0,9.4878,17.496
5/23/2016,15:45:44,0,9.4871,17.613
5/23/2016,16:00:44,0,9.4866,17.499
5/23/2016,16:15:44,0,9.4879,17.483
5/23/2016,16:30:44,0,9.4883,17.215
5/23/2016,16:45:44,0,9.4889,16.099
5/23/2016,17:00:44,0,9.4877,15.32
5/23/2016,17:15:44,0,9.4866,14.806
5/23/2016,17:30:44,0,9.4857,14.617
5/23/2016,17:45:44,0,9.4846,14.471
5/23/2016,18:00:44,0,9.4853,14.387
5/23/2016,18:15:44,0,9.4856,14.154
5/23/2016,18:30:44,0,9.4862,13.989
5/23/2016,18:45:44,0,9.4872,13.796
5/23/2016,19:00:44,0,9.4877,13.53
5/23/2016,19:15:44,0,9.4884,13.278
5/23/2016,19:30:44,0,9.4893,13.034
5/23/2016,19:45:44,0,9.4898,12.897
5/23/2016,20:00:44,0,9.4908,12.653
5/23/2016,20:15:44,0,9.4914,12.47
5/23/2016,20:30:44,0,9.4921,12.311
5/23/2016,20:45:44,0,9.4932,12.086
5/23/2016,21:00:44,0,9.4933,11.922
5/23/2016,21:15:44,0,9.494,11.762
5/23/2016,21:30:44,0,9.4949,11.405
5/23/2016,21:45:44,0,9.4956,11.079
5/23/2016,22:00:44,0,9.4947,11.051
5/23/2016,22:15:44,0,9.4951,11.035
5/23/2016,22:30:44,0,9.4956,10.968
5/23/2016,22:45:44,0,9.4958,10.966
5/23/2016,23:00:44,0,9.4955,10.898
5/23/2016,23:15:44,0,9.4953,10.828
5/23/2016,23:30:44,0,9.4951,10.708
5/23/2016,23:45:44,0,9.4944,10.829
5/24/2016,0:00:44,0,9.4949,10.761
5/24/2016,0:15:44,0,9.4946,10.509
5/24/2016,0:30:44,0,9.4936,10.293
5/24/2016,0:45:44,0,9.4924,10.426
5/24/2016,1:00:44,0,9.4913,10.519
5/24/2016,1:15:44,0,9.491,10.418
5/24/2016,1:30:44,0,9.4901,10.334
5/24/2016,1:45:44,0,9.4903,10.363
5/24/2016,2:00:44,0,9.4899,10.281
5/24/2016,2:15:44,0,9.4893,10.242
5/24/2016,2:30:44,0,9.4884,10.232
5/24/2016,2:45:44,0,9.4884,10.222
5/24/2016,3:00:44,0,9.4879,10.328
5/24/2016,3:15:44,0,9.4879,10.414
5/24/2016,3:30:44,0,9.4871,10.396
5/24/2016,3:45:44,0,9.4866,10.298
5/24/2016,4:00:44,0,9.4859,10.296
5/24/2016,4:15:44,0,9.4868,10.222
5/24/2016,4:30:44,0,9.4873,10.25
5/24/2016,4:45:44,0,9.4881,10.164
5/24/2016,5:00:44,0,9.4886,9.835
5/24/2016,5:15:44,0,9.4892,9.799
5/24/2016,5:30:44,0,9.4895,10.018
5/24/2016,5:45:44,0,9.4901,10.195
5/24/2016,6:00:44,0,9.4909,10.347
5/24/2016,6:15:44,0,9.4924,10.537
5/24/2016,6:30:44,0,9.4937,10.728
5/24/2016,6:45:44,0,9.495,10.896
5/24/2016,7:00:44,0,9.4959,11.061
5/24/2016,7:15:44,0,9.4975,11.329
5/24/2016,7:30:44,0,9.4981,11.378
5/24/2016,7:45:44,0,9.4991,11.542
5/24/2016,8:00:44,0,9.4991,11.748
5/24/2016,8:15:44,0,9.4999,11.99
5/24/2016,8:30:44,0,9.5007,12.229
5/24/2016,8:45:44,0,9.5007,12.341
5/24/2016,9:00:44,0,9.5016,12.593
5/24/2016,9:15:44,0,9.5015,12.797
5/24/2016,9:30:44,0,9.5019,13.066
5/24/2016,9:45:44,0,9.5017,13.475
5/24/2016,10:00:44,0,9.502,13.919
5/24/2016,10:15:44,0,9.5028,14.48
5/24/2016,10:30:44,0,9.5029,15.135
5/24/2016,10:45:44,0,9.5037,15.516
5/24/2016,11:00:44,0,9.5031,15.718
5/24/2016,11:15:44,0,9.5024,15.868
5/24/2016,11:30:44,0,9.5029,16.196
5/24/2016,11:45:44,0,9.5032,16.398
5/24/2016,12:00:44,0,9.5033,16.604
5/24/2016,12:15:44,0,9.5058,16.241
5/24/2016,12:30:44,0,9.5104,15.917
5/24/2016,12:45:44,0,9.512,15.332
5/24/2016,13:00:44,0,9.5138,14.942
5/24/2016,13:15:44,0,9.517,14.853
5/24/2016,13:30:44,0,9.519,14.911
5/24/2016,13:45:44,0,9.5209,13.593
5/24/2016,14:00:44,0,9.5206,13.348
5/24/2016,14:15:44,0,9.5216,13.009
5/24/2016,14:30:44,0,9.5221,12.911
5/24/2016,14:45:44,0,9.5233,12.977
5/24/2016,15:00:44,0,9.5236,12.762
5/24/2016,15:15:44,0,9.5238,12.847
5/24/2016,15:30:44,0,9.5233,12.947
5/24/2016,15:45:44,0,9.5239,13.001
5/24/2016,16:00:44,0,9.525,13.069
5/24/2016,16:15:44,0,9.5258,13.121
5/24/2016,16:30:44,0,9.5256,13.166
5/24/2016,16:45:44,0,9.5252,13.241
5/24/2016,17:00:44,0,9.5248,13.119
5/24/2016,17:15:44,0,9.5236,13.015
5/24/2016,17:30:44,0,9.5235,12.986
5/24/2016,17:45:44,0,9.5242,12.86
5/24/2016,18:00:44,0,9.5244,12.631
5/24/2016,18:15:44,0,9.5253,12.352
5/24/2016,18:30:44,0,9.527,12.259
5/24/2016,18:45:44,0,9.5292,12.281
5/24/2016,19:00:44,0,9.5306,12.281
5/24/2016,19:15:44,0,9.5308,12.218
5/24/2016,19:30:44,0,9.532,12.084
5/24/2016,19:45:44,0,9.5327,12.074
5/24/2016,20:00:44,0,9.5334,11.999
5/24/2016,20:15:44,0,9.536,11.911
5/24/2016,20:30:44,0,9.5387,11.823
5/24/2016,20:45:44,0,9.5406,11.647
5/24/2016,21:00:44,0,9.5412,11.6
5/24/2016,21:15:44,0,9.5426,11.62
5/24/2016,21:30:44,0,9.5435,11.404
5/24/2016,21:45:44,0,9.5436,11.332
5/24/2016,22:00:44,0,9.5444,11.214
5/24/2016,22:15:44,0,9.543,10.988
5/24/2016,22:30:44,0,9.5433,10.907
5/24/2016,22:45:44,0,9.5432,10.658
5/24/2016,23:00:44,0,9.5426,10.387
5/24/2016,23:15:44,0,9.5431,10.408
5/24/2016,23:30:44,0,9.5434,10.006
5/24/2016,23:45:44,0,9.5448,9.99
5/25/2016,0:00:44,0,9.5448,9.814
5/25/2016,0:15:44,0,9.5439,9.655
5/25/2016,0:30:44,0,9.5427,9.435
5/25/2016,0:45:44,0,9.5427,9.563
5/25/2016,1:00:44,0,9.5424,9.509
5/25/2016,1:15:44,0,9.542,9.498
5/25/2016,1:30:44,0,9.5418,9.573
5/25/2016,1:45:44,0,9.5417,9.556
5/25/2016,2:00:44,0,9.5413,9.241
5/25/2016,2:15:44,0,9.5403,9.279
5/25/2016,2:30:44,0,9.5408,9.265
5/25/2016,2:45:44,0,9.5406,9.182
5/25/2016,3:00:44,0,9.5413,9.121
5/25/2016,3:15:44,0,9.5426,9.101
5/25/2016,3:30:44,0,9.5429,9.033
5/25/2016,3:45:44,0,9.5433,8.922
5/25/2016,4:00:44,0,9.5449,8.873
5/25/2016,4:15:44,0,9.5462,8.85
5/25/2016,4:30:44,0,9.5472,8.611
5/25/2016,4:45:44,0,9.5476,8.419
5/25/2016,5:00:44,0,9.5475,8.372
5/25/2016,5:15:44,0,9.5489,8.347
5/25/2016,5:30:44,0,9.5492,7.936
5/25/2016,5:45:44,0,9.5496,8.152
5/25/2016,6:00:44,0,9.5495,7.951
5/25/2016,6:15:44,0,9.5498,8.232
5/25/2016,6:30:44,0,9.5494,8.271
5/25/2016,6:45:44,0,9.5487,8.501
5/25/2016,7:00:44,0,9.5474,8.839
5/25/2016,7:15:44,0,9.5469,9.152
5/25/2016,7:30:44,0,9.5477,9.693
5/25/2016,7:45:44,0,9.5473,10.329
5/25/2016,8:00:44,0,9.546,11.793
5/25/2016,8:15:44,0,9.5452,13.99
5/25/2016,8:30:44,0,9.5451,15.414
5/25/2016,8:45:44,0,9.5452,16.267
5/25/2016,9:00:44,0,9.545,16.511
5/25/2016,9:15:44,0,9.5427,17.365
5/25/2016,9:30:44,0,9.5447,20.165
5/25/2016,9:45:44,0,9.5437,21.358
5/25/2016,10:00:44,0,9.5429,20.595
5/25/2016,10:15:44,0,9.5427,23.052
5/25/2016,10:30:44,0,9.5416,23.126
5/25/2016,10:45:44,0,9.5431,21.087
5/25/2016,11:00:44,0,9.5414,20.656
5/25/2016,11:15:44,0,9.5409,20.72
5/25/2016,11:30:44,0,9.5397,20.503
5/25/2016,11:45:44,0,9.5384,20.94
5/25/2016,12:00:44,0,9.5383,20.201
5/25/2016,12:15:44,0,9.5407,19.779
5/25/2016,12:30:44,0,9.5411,19.054
5/25/2016,12:45:44,0,9.5427,18.676
5/25/2016,13:00:44,0,9.5442,18.584
5/25/2016,13:15:44,0,9.5439,18.326
5/25/2016,13:30:44,0,9.5436,18.581
5/25/2016,13:45:44,0,9.5454,17.178
5/25/2016,14:00:44,0,9.542,17.099
5/25/2016,14:15:44,0,9.5414,17.827
5/25/2016,14:30:44,0,9.5408,18.495
5/25/2016,14:45:44,0,9.5397,19.094
5/25/2016,15:00:44,0,9.5385,19.5
5/25/2016,15:15:44,0,9.5396,19.834
5/25/2016,15:30:44,0,9.539,19.904
5/25/2016,15:45:44,0,9.5398,19.686
5/25/2016,16:00:44,0,9.5403,19.345
5/25/2016,16:15:44,0,9.54,19.25
5/25/2016,16:30:44,0,9.5408,19.028
5/25/2016,16:45:44,0,9.5411,18.891
5/25/2016,17:00:44,0,9.5402,18.435
5/25/2016,17:15:44,0,9.5384,17.942
5/25/2016,17:30:44,0,9.5383,18.152
5/25/2016,17:45:44,0,9.5394,17.909
5/25/2016,18:00:44,0,9.5405,17.346
5/25/2016,18:15:44,0,9.5424,16.984
5/25/2016,18:30:44,0,9.5447,16.626
5/25/2016,18:45:44,0,9.5463,16.552
5/25/2016,19:00:44,0,9.5476,16.386
5/25/2016,19:15:44,0,9.5486,16.142
5/25/2016,19:30:44,0,9.5498,15.852
5/25/2016,19:45:44,0,9.5505,15.65
5/25/2016,20:00:44,0,9.553,15.449
5/25/2016,20:15:44,0,9.5538,15.283
5/25/2016,20:30:44,0,9.5559,15.115
5/25/2016,20:45:44,0,9.5579,14.965
5/25/2016,21:00:44,0,9.5596,14.89
5/25/2016,21:15:44,0,9.5602,14.883
5/25/2016,21:30:44,0,9.5602,14.692
5/25/2016,21:45:44,0,9.5613,14.295
5/25/2016,22:00:44,0,9.5616,14.24
5/25/2016,22:15:44,0,9.5618,13.945
5/25/2016,22:30:44,0,9.5621,14.038
5/25/2016,22:45:44,0,9.5624,14.051
5/25/2016,23:00:44,0,9.5625,13.832
5/25/2016,23:15:44,0,9.5621,13.603
5/25/2016,23:30:44,0,9.5622,13.457
5/25/2016,23:45:44,0,9.5627,13.124
5/26/2016,0:00:44,0,9.5631,12.674
5/26/2016,0:15:44,0,9.5612,12.717
5/26/2016,0:30:44,0,9.5624,12.758
5/26/2016,0:45:44,0,9.5617,12.12
5/26/2016,1:00:44,0,9.5607,12.169
5/26/2016,1:15:44,0,9.5606,12.164
5/26/2016,1:30:44,0,9.5612,12.047
5/26/2016,1:45:44,0,9.5592,11.853
5/26/2016,2:00:44,0,9.5589,11.606
5/26/2016,2:15:44,0,9.5572,11.57
5/26/2016,2:30:44,0,9.556,11.605
5/26/2016,2:45:44,0,9.555,11.851
5/26/2016,3:00:44,0,9.5547,12.035
5/26/2016,3:15:44,0,9.5548,11.913
5/26/2016,3:30:44,0,9.5529,11.769
5/26/2016,3:45:44,0,9.5542,11.57
5/26/2016,4:00:44,0,9.5537,11.444
5/26/2016,4:15:44,0,9.554,11.327
5/26/2016,4:30:44,0,9.553,11.149
5/26/2016,4:45:44,0,9.5531,11.035
5/26/2016,5:00:44,0,9.5543,10.929
5/26/2016,5:15:44,0,9.5555,10.784
5/26/2016,5:30:44,0,9.5565,10.935
5/26/2016,5:45:44,0,9.5565,11.175
5/26/2016,6:00:44,0,9.5564,11.404
5/26/2016,6:15:44,0,9.5565,11.632
5/26/2016,6:30:44,0,9.5564,11.796
5/26/2016,6:45:44,0,9.5557,11.801
5/26/2016,7:00:44,0,9.5562,12.274
5/26/2016,7:15:44,0,9.5546,12.838
5/26/2016,7:30:44,0,9.5526,13.522
5/26/2016,7:45:44,0,9.5515,14.106
5/26/2016,8:00:44,0,9.5506,15.223
5/26/2016,8:15:44,0,9.5497,16.954
5/26/2016,8:30:44,0,9.5488,18.211
5/26/2016,8:45:44,0,9.548,18.116
5/26/2016,9:00:44,0,9.547,18.881
5/26/2016,9:15:44,0,9.5463,19.191
5/26/2016,9:30:44,0,9.5464,21.497
5/26/2016,9:45:44,0,9.5449,22.135
5/26/2016,10:00:44,0,9.543,22.902
5/26/2016,10:15:44,0,9.5422,25.325
5/26/2016,10:30:44,0,9.5395,25.83
5/26/2016,10:45:44,0,9.5427,24.57
5/26/2016,11:00:44,0,9.5424,23.583
5/26/2016,11:15:44,0,9.5399,23.256
5/26/2016,11:30:44,0,9.5395,23.136
5/26/2016,11:45:44,0,9.5421,22.755
5/26/2016,12:00:44,0,9.5419,21.986
5/26/2016,12:15:44,0,9.5415,21.383
5/26/2016,12:30:44,0,9.5398,21.47
5/26/2016,12:45:44,0,9.539,21.866
5/26/2016,13:00:44,0,9.5371,22.495
5/26/2016,13:15:44,0,9.5355,23.096
5/26/2016,13:30:44,0,9.5363,23.812
5/26/2016,13:45:44,0,9.5358,24.305
5/26/2016,14:00:44,0,9.5347,24.379
5/26/2016,14:15:44,0,9.5343,24.031
5/26/2016,14:30:44,0,9.5323,23.35
5/26/2016,14:45:44,0,9.5307,23.105
5/26/2016,15:00:44,0,9.531,23.012
5/26/2016,15:15:44,0,9.5298,22.821
5/26/2016,15:30:44,0,9.5284,22.806
5/26/2016,15:45:44,0,9.528,22.809
5/26/2016,16:00:44,0,9.5278,22.365
5/26/2016,16:15:44,0,9.5261,22.265
5/26/2016,16:30:44,0,9.5254,22.123
5/26/2016,16:45:44,0,9.5243,21.803
5/26/2016,17:00:44,0,9.5244,21.427
5/26/2016,17:15:44,0,9.5247,21.13
5/26/2016,17:30:44,0,9.5245,20.782
5/26/2016,17:45:44,0,9.524,20.279
5/26/2016,18:00:44,0,9.5257,19.99
5/26/2016,18:15:44,0,9.5269,19.615
5/26/2016,18:30:44,0,9.528,19.292
5/26/2016,18:45:44,0,9.5291,19.01
5/26/2016,19:00:44,0,9.5305,18.581
5/26/2016,19:15:44,0,9.5299,18.204
5/26/2016,19:30:44,0,9.5314,17.351
5/26/2016,19:45:44,0,9.531,17.031
5/26/2016,20:00:44,0,9.5313,16.948
5/26/2016,20:15:44,0,9.5329,16.671
5/26/2016,20:30:44,0,9.5344,16.305
5/26/2016,20:45:44,0,9.5356,16.07
5/26/2016,21:00:44,0,9.5372,15.644
5/26/2016,21:15:44,0,9.5383,15.183
5/26/2016,21:30:44,0,9.5378,14.77
5/26/2016,21:45:44,0,9.5375,14.632
5/26/2016,22:00:44,0,9.5382,14.368
5/26/2016,22:15:44,0,9.5384,14.303
5/26/2016,22:30:44,0,9.5377,13.966
5/26/2016,22:45:44,0,9.538,13.727
5/26/2016,23:00:44,0,9.537,14.281
5/26/2016,23:15:44,0,9.5376,14.217
5/26/2016,23:30:44,0,9.5377,13.987
5/26/2016,23:45:44,0,9.5377,13.975
5/27/2016,0:00:44,0,9.5376,13.887
5/27/2016,0:15:44,0,9.5369,13.737
5/27/2016,0:30:44,0,9.5369,13.633
5/27/2016,0:45:44,0,9.5357,13.457
5/27/2016,1:00:44,0,9.5348,13.265
5/27/2016,1:15:44,0,9.5342,13.091
5/27/2016,1:30:44,0,9.5333,12.942
5/27/2016,1:45:44,0,9.533,12.801
5/27/2016,2:00:44,0,9.5321,12.68
5/27/2016,2:15:44,0,9.5311,12.545
5/27/2016,2:30:44,0,9.5302,12.512
5/27/2016,2:45:44,0,9.529,12.427
5/27/2016,3:00:44,0,9.5281,12.25
5/27/2016,3:15:44,0,9.5275,12.156
5/27/2016,3:30:44,0,9.5275,12.131
5/27/2016,3:45:44,0,9.5278,11.977
5/27/2016,4:00:44,0,9.5275,11.865
5/27/2016,4:15:44,0,9.5279,11.71
5/27/2016,4:30:44,0,9.5281,11.346
5/27/2016,4:45:44,0,9.5282,11.175
5/27/2016,5:00:44,0,9.5296,10.937
5/27/2016,5:15:44,0,9.5303,10.8
5/27/2016,5:30:44,0,9.5317,10.822
5/27/2016,5:45:44,0,9.5317,10.8
5/27/2016,6:00:44,0,9.5319,10.638
5/27/2016,6:15:44,0,9.5317,10.721
5/27/2016,6:30:44,0,9.5316,10.91
5/27/2016,6:45:44,0,9.5303,11.058
5/27/2016,7:00:44,0,9.5298,11.294
5/27/2016,7:15:44,0,9.5274,11.56
5/27/2016,7:30:44,0,9.5259,12.149
5/27/2016,7:45:44,0,9.5237,12.758
5/27/2016,8:00:44,0,9.523,14.616
5/27/2016,8:15:44,0,9.5229,16.736
5/27/2016,8:30:44,0,9.522,18.227
5/27/2016,8:45:44,0,9.5199,19.261
5/27/2016,9:00:44,0,9.5205,19.146
5/27/2016,9:15:44,0,9.5187,19.81
5/27/2016,9:30:44,0,9.5192,21.755
5/27/2016,9:45:44,0,9.5177,21.999
5/27/2016,10:00:44,0,9.5158,22.355
5/27/2016,10:15:44,0,9.5133,24.668
5/27/2016,10:30:44,0,9.5092,25.865
5/27/2016,10:45:44,0,9.5095,24.519
5/27/2016,11:00:44,0,9.509,24.389
5/27/2016,11:15:44,0,9.5079,23.971
5/27/2016,11:30:44,0,9.5077,24.2
5/27/2016,11:45:44,0,9.5076,24.58
5/27/2016,12:00:44,0,9.5057,24.336
5/27/2016,12:15:44,0,9.5053,24.309
5/27/2016,12:30:44,0,9.5038,24.277
5/27/2016,12:45:44,0,9.5041,24.605
5/27/2016,13:00:44,0,9.5045,24.329
5/27/2016,13:15:44,0,9.5034,24.472
5/27/2016,13:30:44,0,9.5026,25.228
5/27/2016,13:45:44,0,9.5018,25.914
5/27/2016,14:00:44,0,9.5014,25.755
5/27/2016,14:15:44,0,9.4995,25.247
5/27/2016,14:30:44,0,9.4985,24.657
5/27/2016,14:45:44,0,9.4968,24.472
5/27/2016,15:00:44,0,9.4951,24.05
5/27/2016,15:15:44,0,9.4964,24.174
5/27/2016,15:30:44,0,9.4941,23.977
5/27/2016,15:45:44,0,9.4919,23.766
5/27/2016,16:00:44,0,9.4929,23.557
5/27/2016,16:15:44,0,9.4928,23.376
5/27/2016,16:30:44,0,9.4919,23.09
5/27/2016,16:45:44,0,9.4905,22.769
5/27/2016,17:00:44,0,9.4897,22.414
5/27/2016,17:15:44,0,9.4892,22.062
5/27/2016,17:30:44,0,9.4892,21.577
5/27/2016,17:45:44,0,9.4893,21.051
5/27/2016,18:00:44,0,9.4897,20.667
5/27/2016,18:15:44,0,9.4894,20.36
5/27/2016,18:30:44,0,9.4907,20.017
5/27/2016,18:45:44,0,9.4919,19.523
5/27/2016,19:00:44,0,9.4943,19.069
5/27/2016,19:15:44,0,9.4957,18.173
5/27/2016,19:30:44,0,9.4963,17.844
5/27/2016,19:45:44,0,9.4976,17.337
5/27/2016,20:00:44,0,9.4987,16.852
5/27/2016,20:15:44,0,9.501,16.535
5/27/2016,20:30:44,0,9.5042,16.072
5/27/2016,20:45:44,0,9.5055,15.654
5/27/2016,21:00:44,0,9.5068,15.454
5/27/2016,21:15:44,0,9.5072,14.934
5/27/2016,21:30:44,0,9.5073,14.784
5/27/2016,21:45:44,0,9.5067,14.341
5/27/2016,22:00:44,0,9.5066,14.109
5/27/2016,22:15:44,0,9.5069,13.925
5/27/2016,22:30:44,0,9.5056,13.556
5/27/2016,22:45:44,0,9.5063,13.124
5/27/2016,23:00:44,0,9.5064,13.033
5/27/2016,23:15:44,0,9.5058,12.804
5/27/2016,23:30:44,0,9.5053,12.518
5/27/2016,23:45:44,0,9.505,12.391
5/28/2016,0:00:44,0,9.5051,12.166
5/28/2016,0:15:44,0,9.5051,11.986
5/28/2016,0:30:44,0,9.5045,11.797
5/28/2016,0:45:44,0,9.5036,11.374
5/28/2016,1:00:44,0,9.5018,11.289
5/28/2016,1:15:44,0,9.4998,11.101
5/28/2016,1:30:44,0,9.4986,11.299
5/28/2016,1:45:44,0,9.4983,10.881
5/28/2016,2:00:44,0,9.496,10.946
5/28/2016,2:15:44,0,9.4954,10.767
5/28/2016,2:30:44,0,9.4938,10.492
5/28/2016,2:45:44,0,9.493,10.651
5/28/2016,3:00:44,0,9.4925,10.293
5/28/2016,3:15:44,0,9.4929,10.106
5/28/2016,3:30:44,0,9.4921,9.942
5/28/2016,3:45:44,0,9.4909,10.017
5/28/2016,4:00:44,0,9.4914,9.663
5/28/2016,4:15:44,0,9.4919,9.384
5/28/2016,4:30:44,0,9.4912,9.713
5/28/2016,4:45:44,0,9.4921,9.649
5/28/2016,5:00:44,0,9.4922,9.516
5/28/2016,5:15:44,0,9.4933,9.742
5/28/2016,5:30:44,0,9.4928,9.462
5/28/2016,5:45:44,0,9.4932,9.552
5/28/2016,6:00:44,0,9.4942,9.475
5/28/2016,6:15:44,0,9.4941,9.656
5/28/2016,6:30:44,0,9.4942,9.89
5/28/2016,6:45:44,0,9.494,10.196
5/28/2016,7:00:44,0,9.4936,10.632
5/28/2016,7:15:44,0,9.4937,11.069
5/28/2016,7:30:44,0,9.4937,11.763
5/28/2016,7:45:44,0,9.4931,12.505
5/28/2016,8:00:44,0,9.491,14.324
5/28/2016,8:15:44,0,9.4907,16.445
5/28/2016,8:30:44,0,9.4902,17.351
5/28/2016,8:45:44,0,9.4874,19.049
5/28/2016,9:00:44,0,9.4866,19.999
5/28/2016,9:15:44,0,9.4869,20.361
5/28/2016,9:30:44,0,9.4887,22.075
5/28/2016,9:45:44,0,9.4887,21.95
5/28/2016,10:00:44,0,9.4879,22.894
5/28/2016,10:15:44,0,9.4876,25.714
5/28/2016,10:30:44,0,9.4854,25.901
5/28/2016,10:45:44,0,9.4861,24.934
5/28/2016,11:00:44,0,9.4856,24.817
5/28/2016,11:15:44,0,9.4859,24.924
5/28/2016,11:30:44,0,9.4889,25.267
5/28/2016,11:45:44,0,9.4896,24.733
5/28/2016,12:00:44,0,9.4892,24.606
5/28/2016,12:15:44,0,9.488,24.968
5/28/2016,12:30:44,0,9.488,25.06
5/28/2016,12:45:44,0,9.487,25.314
5/28/2016,13:00:44,0,9.4868,25.595
5/28/2016,13:15:44,0,9.4876,25.973
5/28/2016,13:30:44,0,9.4882,27.425
5/28/2016,13:45:44,0,9.489,27.293
5/28/2016,14:00:44,0,9.4899,27.287
5/28/2016,14:15:44,0,9.4892,26.217
5/28/2016,14:30:44,0,9.4881,25.733
5/28/2016,14:45:44,0,9.4868,25.357
5/28/2016,15:00:44,0,9.4865,25.201
5/28/2016,15:15:44,0,9.4865,25.142
5/28/2016,15:30:44,0,9.4856,25.093
5/28/2016,15:45:44,0,9.4861,24.853
5/28/2016,16:00:44,0,9.486,24.623
5/28/2016,16:15:44,0,9.4855,24.361
5/28/2016,16:30:44,0,9.4862,24.156
5/28/2016,16:45:44,0,9.4858,23.723
5/28/2016,17:00:44,0,9.4851,23.248
5/28/2016,17:15:44,0,9.4855,22.839
5/28/2016,17:30:44,0,9.4857,22.457
5/28/2016,17:45:44,0,9.4866,22.091
5/28/2016,18:00:44,0,9.4876,21.787
5/28/2016,18:15:44,0,9.4891,21.451
5/28/2016,18:30:44,0,9.4902,21.073
5/28/2016,18:45:44,0,9.4925,20.397
5/28/2016,19:00:44,0,9.4948,19.65
5/28/2016,19:15:44,0,9.4971,19.285
5/28/2016,19:30:44,0,9.5002,18.669
5/28/2016,19:45:44,0,9.5025,18.368
5/28/2016,20:00:44,0,9.5042,17.816
5/28/2016,20:15:44,0,9.5069,17.417
5/28/2016,20:30:44,0,9.5096,16.998
5/28/2016,20:45:44,0,9.5114,16.655
5/28/2016,21:00:44,0,9.5126,16.182
5/28/2016,21:15:44,0,9.5143,15.696
5/28/2016,21:30:44,0,9.5155,15.491
5/28/2016,21:45:44,0,9.5171,15.386
5/28/2016,22:00:44,0,9.5182,15.024
5/28/2016,22:15:44,0,9.518,14.592
5/28/2016,22:30:44,0,9.5178,14.373
5/28/2016,22:45:44,0,9.5178,14.287
5/28/2016,23:00:44,0,9.5182,14.083
5/28/2016,23:15:44,0,9.5185,13.781
5/28/2016,23:30:44,0,9.5185,13.619
5/28/2016,23:45:44,0,9.5181,13.52
5/29/2016,0:00:44,0,9.5189,13.305
5/29/2016,0:15:44,0,9.5183,13.077
5/29/2016,0:30:44,0,9.519,12.83
5/29/2016,0:45:44,0,9.5187,12.73
5/29/2016,1:00:44,0,9.5197,12.631
5/29/2016,1:15:44,0,9.5195,12.258
5/29/2016,1:30:44,0,9.5211,12.144
5/29/2016,1:45:44,0,9.5228,11.956
5/29/2016,2:00:44,0,9.5237,11.817
5/29/2016,2:15:44,0,9.5239,11.638
5/29/2016,2:30:44,0,9.5242,11.515
5/29/2016,2:45:44,0,9.5243,11.551
5/29/2016,3:00:44,0,9.525,11.333
5/29/2016,3:15:44,0,9.5265,11.164
5/29/2016,3:30:44,0,9.5273,11.194
5/29/2016,3:45:44,0,9.5273,10.958
5/29/2016,4:00:44,0,9.5281,10.855
5/29/2016,4:15:44,0,9.528,10.789
5/29/2016,4:30:44,0,9.5291,10.597
5/29/2016,4:45:44,0,9.5294,10.484
5/29/2016,5:00:44,0,9.5295,10.378
5/29/2016,5:15:44,0,9.53,10.481
5/29/2016,5:30:44,0,9.5308,10.475
5/29/2016,5:45:44,0,9.5314,10.291
5/29/2016,6:00:44,0,9.5304,10.364
5/29/2016,6:15:44,0,9.5308,10.718
5/29/2016,6:30:44,0,9.5308,10.922
5/29/2016,6:45:44,0,9.5295,11.236
5/29/2016,7:00:44,0,9.53,11.717
5/29/2016,7:15:44,0,9.53,12.18
5/29/2016,7:30:44,0,9.53,12.894
5/29/2016,7:45:44,0,9.5296,13.615
5/29/2016,8:00:44,0,9.5279,15.002
5/29/2016,8:15:44,0,9.5274,17.194
5/29/2016,8:30:44,0,9.5277,18.75
5/29/2016,8:45:44,0,9.5268,20.019
5/29/2016,9:00:44,0,9.5256,21.341
5/29/2016,9:15:44,0,9.526,21.682
5/29/2016,9:30:44,0,9.527,23.655
5/29/2016,9:45:44,0,9.5269,24.27
5/29/2016,10:00:44,0,9.5249,24.17
5/29/2016,10:15:44,0,9.5239,28.253
5/29/2016,10:30:44,0,9.5218,27.646
5/29/2016,10:45:44,0,9.5231,26.076
5/29/2016,11:00:44,0,9.522,25.666
5/29/2016,11:15:44,0,9.521,25.837
5/29/2016,11:30:44,0,9.5209,26.139
5/29/2016,11:45:44,0,9.5209,26.464
5/29/2016,12:00:44,0,9.5215,26.496
5/29/2016,12:15:44,0,9.5218,26.866
5/29/2016,12:30:44,0,9.5217,26.838
5/29/2016,12:45:44,0,9.522,26.782
5/29/2016,13:00:44,0,9.5222,27.305
5/29/2016,13:15:44,0,9.5201,27.252
5/29/2016,13:30:44,0,9.5202,28.275
5/29/2016,13:45:44,0,9.5205,28.551
5/29/2016,14:00:44,0,9.5199,28.443
5/29/2016,14:15:44,0,9.5183,27.767
5/29/2016,14:30:44,0,9.5176,27.523
5/29/2016,14:45:44,0,9.5165,26.994
5/29/2016,15:00:44,0,9.516,26.803
5/29/2016,15:15:44,0,9.5154,26.775
5/29/2016,15:30:44,0,9.5142,26.577
5/29/2016,15:45:44,0,9.5145,26.432
5/29/2016,16:00:44,0,9.5144,26.058
5/29/2016,16:15:44,0,9.5151,25.606
5/29/2016,16:30:44,0,9.5154,25.254
5/29/2016,16:45:44,0,9.5148,25.066
5/29/2016,17:00:44,0,9.514,24.886
5/29/2016,17:15:44,0,9.5147,24.31
5/29/2016,17:30:44,0,9.5155,23.805
5/29/2016,17:45:44,0,9.5159,23.339
5/29/2016,18:00:44,0,9.5173,22.863
5/29/2016,18:15:44,0,9.5178,22.46
5/29/2016,18:30:44,0,9.5193,21.884
5/29/2016,18:45:44,0,9.5209,21.508
5/29/2016,19:00:44,0,9.5228,21.038
5/29/2016,19:15:44,0,9.5254,20.213
5/29/2016,19:30:44,0,9.527,19.802
5/29/2016,19:45:44,0,9.5284,19.443
5/29/2016,20:00:44,0,9.5302,18.988
5/29/2016,20:15:44,0,9.5325,18.297
5/29/2016,20:30:44,0,9.5349,18.02
5/29/2016,20:45:44,0,9.5364,17.589
5/29/2016,21:00:44,0,9.5381,17.011
5/29/2016,21:15:44,0,9.5398,16.7
5/29/2016,21:30:44,0,9.541,16.477
5/29/2016,21:45:44,0,9.5417,16.116
5/29/2016,22:00:44,0,9.542,15.843
5/29/2016,22:15:44,0,9.5418,15.679
5/29/2016,22:30:44,0,9.5419,15.452
5/29/2016,22:45:44,0,9.5423,15.063
5/29/2016,23:00:44,0,9.543,14.991
5/29/2016,23:15:44,0,9.5429,14.712
5/29/2016,23:30:44,0,9.5435,14.503
5/29/2016,23:45:44,0,9.5438,14.288
5/30/2016,0:00:44,0,9.5442,14.231
5/30/2016,0:15:44,0,9.545,13.703
5/30/2016,0:30:44,0,9.545,13.625
5/30/2016,0:45:44,0,9.5467,13.546
5/30/2016,1:00:44,0,9.5472,13.473
5/30/2016,1:15:44,0,9.5468,13.328
5/30/2016,1:30:44,0,9.5458,12.925
5/30/2016,1:45:44,0,9.5452,12.919
5/30/2016,2:00:44,0,9.545,12.498
5/30/2016,2:15:44,0,9.544,12.424
5/30/2016,2:30:44,0,9.5438,12.248
5/30/2016,2:45:44,0,9.5437,12.354
5/30/2016,3:00:44,0,9.545,12.171
5/30/2016,3:15:44,0,9.5449,12.208
5/30/2016,3:30:44,0,9.5436,12.161
5/30/2016,3:45:44,0,9.5438,12.213
5/30/2016,4:00:44,0,9.5451,11.969
5/30/2016,4:15:44,0,9.5437,11.753
5/30/2016,4:30:44,0,9.5417,11.495
5/30/2016,4:45:44,0,9.5415,11.369
5/30/2016,5:00:44,0,9.543,11.353
5/30/2016,5:15:44,0,9.5436,11.064
5/30/2016,5:30:44,0,9.544,11.003
5/30/2016,5:45:44,0,9.5445,10.886
5/30/2016,6:00:44,0,9.5442,11.147
5/30/2016,6:15:44,0,9.5446,11.214
5/30/2016,6:30:44,0,9.5441,11.591
5/30/2016,6:45:44,0,9.544,11.851
5/30/2016,7:00:44,0,9.543,12.222
5/30/2016,7:15:44,0,9.5419,12.672
5/30/2016,7:30:44,0,9.5406,13.567
5/30/2016,7:45:44,0,9.5395,14.307
5/30/2016,8:00:44,0,9.5386,15.979
5/30/2016,8:15:44,0,9.5374,18.797
5/30/2016,8:30:44,0,9.5362,20.037
5/30/2016,8:45:44,0,9.5351,21.067
5/30/2016,9:00:44,0,9.5332,22.285
5/30/2016,9:15:44,0,9.532,23.068
5/30/2016,9:30:44,0,9.533,25.42
5/30/2016,9:45:44,0,9.5333,25.748
5/30/2016,10:00:44,0,9.5312,25.579
5/30/2016,10:15:44,0,9.5299,27.89
5/30/2016,10:30:44,0,9.529,28.007
5/30/2016,10:45:44,0,9.528,27.345
5/30/2016,11:00:44,0,9.5262,27.444
5/30/2016,11:15:44,0,9.5253,27.537
5/30/2016,11:30:44,0,9.5236,27.952
5/30/2016,11:45:44,0,9.5222,28.552
5/30/2016,12:00:44,0,9.523,28.734
5/30/2016,12:15:44,0,9.5214,29.051
5/30/2016,12:30:44,0,9.5221,29.175
5/30/2016,12:45:44,0,9.5219,29.326
5/30/2016,13:00:44,0,9.5199,29.713
5/30/2016,13:15:44,0,9.5189,30.064
5/30/2016,13:30:44,0,9.522,31.462
5/30/2016,13:45:44,0,9.5207,31.279
5/30/2016,14:00:44,0,9.5207,30.688
5/30/2016,14:15:44,0,9.5195,30.137
5/30/2016,14:30:44,0,9.5183,29.569
5/30/2016,14:45:44,0,9.5175,29.286
5/30/2016,15:00:44,0,9.5174,29.086
5/30/2016,15:15:44,0,9.5166,29.014
5/30/2016,15:30:44,0,9.5158,28.991
5/30/2016,15:45:44,0,9.5162,28.566
5/30/2016,16:00:44,0,9.5168,28.225
5/30/2016,16:15:44,0,9.5182,27.691
5/30/2016,16:30:44,0,9.5178,26.884
5/30/2016,16:45:44,0,9.5175,26.208
5/30/2016,17:00:44,0,9.5179,25.382
5/30/2016,17:15:44,0,9.5167,24.558
5/30/2016,17:30:44,0,9.5154,24.502
5/30/2016,17:45:44,0,9.515,24.435
5/30/2016,18:00:44,0,9.516,24.28
5/30/2016,18:15:44,0,9.5163,23.936
5/30/2016,18:30:44,0,9.5172,23.45
5/30/2016,18:45:44,0,9.5171,22.877
5/30/2016,19:00:44,0,9.5177,22.481
5/30/2016,19:15:44,0,9.5203,21.76
5/30/2016,19:30:44,0,9.5212,21.026
5/30/2016,19:45:44,0,9.522,20.79
5/30/2016,20:00:44,0,9.5247,20.522
5/30/2016,20:15:44,0,9.5266,19.999
5/30/2016,20:30:44,0,9.5281,19.624
5/30/2016,20:45:44,0,9.5301,19.182
5/30/2016,21:00:44,0,9.531,19.067
5/30/2016,21:15:44,0,9.5316,18.738
5/30/2016,21:30:44,0,9.5324,18.324
5/30/2016,21:45:44,0,9.5321,18.068
5/30/2016,22:00:44,0,9.5327,17.767
5/30/2016,22:15:44,0,9.5317,17.554
5/30/2016,22:30:44,0,9.5311,17.264
5/30/2016,22:45:44,0,9.5301,17.088
5/30/2016,23:00:44,0,9.5296,16.988
5/30/2016,23:15:44,0,9.5294,16.708
5/30/2016,23:30:44,0,9.5293,16.512
5/30/2016,23:45:44,0,9.5291,16.083
5/31/2016,0:00:44,0,9.5283,16.011
5/31/2016,0:15:44,0,9.5273,15.9
5/31/2016,0:30:44,0,9.5251,15.556
5/31/2016,0:45:44,0,9.5243,15.489
5/31/2016,1:00:44,0,9.5238,15.438
5/31/2016,1:15:44,0,9.5232,15.199
5/31/2016,1:30:44,0,9.5222,15.164
5/31/2016,1:45:44,0,9.5226,14.895
5/31/2016,2:00:44,0,9.5224,14.627
5/31/2016,2:15:44,0,9.5215,14.444
5/31/2016,2:30:44,0,9.5207,14.518
5/31/2016,2:45:44,0,9.5194,14.259
5/31/2016,3:00:44,0,9.5191,14.011
5/31/2016,3:15:44,0,9.5187,13.861
5/31/2016,3:30:44,0,9.5183,13.837
5/31/2016,3:45:44,0,9.5174,13.767
5/31/2016,4:00:44,0,9.517,13.227
5/31/2016,4:15:44,0,9.5164,13.289
5/31/2016,4:30:44,0,9.5154,13.264
5/31/2016,4:45:44,0,9.5164,13.15
5/31/2016,5:00:44,0,9.5162,13.107
5/31/2016,5:15:44,0,9.5171,12.946
5/31/2016,5:30:44,0,9.5187,13.062
5/31/2016,5:45:44,0,9.519,13.188
5/31/2016,6:00:44,0,9.5195,12.877
5/31/2016,6:15:44,0,9.5187,12.879
5/31/2016,6:30:44,0,9.5174,13.125
5/31/2016,6:45:44,0,9.5167,13.318
5/31/2016,7:00:44,0,9.5159,13.606
5/31/2016,7:15:44,0,9.5152,14.059
5/31/2016,7:30:44,0,9.5144,14.942
5/31/2016,7:45:44,0,9.5134,15.689
5/31/2016,8:00:44,0,9.5117,17.21
5/31/2016,8:15:44,0,9.5117,19.443
5/31/2016,8:30:44,0,9.5102,20.849
5/31/2016,8:45:44,0,9.5093,22.136
5/31/2016,9:00:44,0,9.508,22.944
5/31/2016,9:15:44,0,9.5066,23.864
5/31/2016,9:30:44,0,9.5058,26.26
5/31/2016,9:45:44,0,9.5057,27.027
5/31/2016,10:00:44,0,9.5046,26.781
5/31/2016,10:15:44,0,9.5025,29.613
5/31/2016,10:30:44,0,9.5023,29.397
5/31/2016,10:45:44,0,9.5015,28.955
5/31/2016,11:00:44,0,9.5004,29.444
5/31/2016,11:15:44,0,9.4993,29.217
5/31/2016,11:30:44,0,9.4982,30.198
5/31/2016,11:45:44,0,9.4971,30.229
5/31/2016,12:00:44,0,9.4969,30.538
5/31/2016,12:15:44,0,9.4949,30.781
5/31/2016,12:30:44,0,9.4936,31.26
5/31/2016,12:45:44,0,9.4935,31.346
5/31/2016,13:00:44,0,9.492,31.742
5/31/2016,13:15:44,0,9.4918,32.311
5/31/2016,13:30:44,0,9.4916,32.891
5/31/2016,13:45:44,0,9.493,33.129
5/31/2016,14:00:44,0,9.4929,32.612
5/31/2016,14:15:44,0,9.4924,32.006
5/31/2016,14:30:44,0,9.4912,31.59
5/31/2016,14:45:44,0,9.4923,31.286
5/31/2016,15:00:44,0,9.4906,30.938
5/31/2016,15:15:44,0,9.4894,30.822
5/31/2016,15:30:44,0,9.4891,30.563
5/31/2016,15:45:44,0,9.4876,30.227
5/31/2016,16:00:44,0,9.4881,30.119
5/31/2016,16:15:44,0,9.4885,29.573
5/31/2016,16:30:44,0,9.4883,29.012
5/31/2016,16:45:44,0,9.4884,28.492
5/31/2016,17:00:44,0,9.4868,27.956
5/31/2016,17:15:44,0,9.4864,27.44
5/31/2016,17:30:44,0,9.4866,27.001
5/31/2016,17:45:44,0,9.4889,26.594
5/31/2016,18:00:44,0,9.4906,26.151
5/31/2016,18:15:44,0,9.4914,25.662
5/31/2016,18:30:44,0,9.493,25.082
5/31/2016,18:45:44,0,9.4953,24.506
5/31/2016,19:00:44,0,9.4973,23.905
5/31/2016,19:15:44,0,9.4987,22.882
5/31/2016,19:30:44,0,9.4994,22.329
5/31/2016,19:45:44,0,9.5007,21.854
5/31/2016,20:00:44,0,9.5021,21.485
5/31/2016,20:15:44,0,9.5044,21.145
5/31/2016,20:30:44,0,9.5064,20.836
5/31/2016,20:45:44,0,9.5075,20.564
5/31/2016,21:00:44,0,9.509,20.167
5/31/2016,21:15:44,0,9.5098,19.965
5/31/2016,21:30:44,0,9.5106,19.393
5/31/2016,21:45:44,0,9.5114,19.07
5/31/2016,22:00:44,0,9.5121,18.973
5/31/2016,22:15:44,0,9.5116,18.515
5/31/2016,22:30:44,0,9.5117,18.267
5/31/2016,22:45:44,0,9.511,18.125
5/31/2016,23:00:44,0,9.511,17.916
5/31/2016,23:15:44,0,9.5104,17.621
5/31/2016,23:30:44,0,9.5099,17.442
5/31/2016,23:45:44,0,9.5097,17.141
6/1/2016,0:00:44,0,9.5108,16.836
6/1/2016,0:15:44,0,9.5107,16.579
6/1/2016,0:30:44,0,9.5099,16.139
6/1/2016,0:45:44,0,9.5088,16.088
6/1/2016,1:00:44,0,9.5076,15.997
6/1/2016,1:15:44,0,9.5073,15.94
6/1/2016,1:30:44,0,9.5058,15.864
6/1/2016,1:45:44,0,9.5054,15.512
6/1/2016,2:00:44,0,9.5057,15.16
6/1/2016,2:15:44,0,9.5058,14.895
6/1/2016,2:30:44,0,9.5038,15.023
6/1/2016,2:45:44,0,9.5035,14.977
6/1/2016,3:00:44,0,9.5049,14.926
6/1/2016,3:15:44,0,9.5065,14.797
6/1/2016,3:30:44,0,9.5059,14.872
6/1/2016,3:45:44,0,9.5055,14.818
6/1/2016,4:00:44,0,9.5059,14.52
6/1/2016,4:15:44,0,9.506,14.431
6/1/2016,4:30:44,0,9.5071,14.236
6/1/2016,4:45:44,0,9.5088,14.096
6/1/2016,5:00:44,0,9.5086,13.879
6/1/2016,5:15:44,0,9.5092,13.781
6/1/2016,5:30:44,0,9.5107,13.828
6/1/2016,5:45:44,0,9.5105,13.759
6/1/2016,6:00:44,0,9.5114,13.979
6/1/2016,6:15:44,0,9.5129,14.126
6/1/2016,6:30:44,0,9.5134,14.384
6/1/2016,6:45:44,0,9.5129,14.692
6/1/2016,7:00:44,0,9.5131,14.986
6/1/2016,7:15:44,0,9.513,15.451
6/1/2016,7:30:44,0,9.5122,16.491
6/1/2016,7:45:44,0,9.5135,16.862
6/1/2016,8:00:44,0,9.5096,18.756
6/1/2016,8:15:44,0,9.5094,20.882
6/1/2016,8:30:44,0,9.5058,22.171
6/1/2016,8:45:44,0,9.5077,23.605
6/1/2016,9:00:44,0,9.5071,24.575
6/1/2016,9:15:44,0,9.5053,26.05
6/1/2016,9:30:44,0,9.5065,27.906
6/1/2016,9:45:44,0,9.5089,26.938
6/1/2016,10:00:44,0,9.5088,26.752
6/1/2016,10:15:44,0,9.507,27.936
6/1/2016,10:30:44,0,9.5065,28.822
6/1/2016,10:45:44,0,9.5067,29.007
6/1/2016,11:00:44,0,9.5064,29.173
6/1/2016,11:15:44,0,9.5051,29.371
6/1/2016,11:30:44,0,9.5047,29.964
6/1/2016,11:45:44,0,9.5049,30.122
6/1/2016,12:00:44,0,9.5033,30.379
6/1/2016,12:15:44,0,9.5027,30.479
6/1/2016,12:30:44,0,9.5028,30.527
6/1/2016,12:45:44,0,9.5009,30.978
6/1/2016,13:00:44,0,9.5025,31.192
6/1/2016,13:15:44,0,9.5034,31.503
6/1/2016,13:30:44,0,9.503,32.332
6/1/2016,13:45:44,0,9.5023,32.508
6/1/2016,14:00:44,0,9.5018,32.365
6/1/2016,14:15:44,0,9.5006,31.369
6/1/2016,14:30:44,0,9.5009,31.119
6/1/2016,14:45:44,0,9.5003,30.807
6/1/2016,15:00:44,0,9.5,30.556
6/1/2016,15:15:44,0,9.4993,30.369
6/1/2016,15:30:44,0,9.4997,29.929
6/1/2016,15:45:44,0,9.5011,29.53
6/1/2016,16:00:44,0,9.5,29.553
6/1/2016,16:15:44,0,9.5006,29.004
6/1/2016,16:30:44,0,9.5001,28.839
6/1/2016,16:45:44,0,9.4998,28.259
6/1/2016,17:00:44,0,9.5,27.809
6/1/2016,17:15:44,0,9.5005,27.301
6/1/2016,17:30:44,0,9.5012,26.86
6/1/2016,17:45:44,0,9.5026,26.534
6/1/2016,18:00:44,0,9.504,26.184
6/1/2016,18:15:44,0,9.5067,25.796
6/1/2016,18:30:44,0,9.5083,25.206
6/1/2016,18:45:44,0,9.5104,24.735
6/1/2016,19:00:44,0,9.5122,24.067
6/1/2016,19:15:44,0,9.5146,23.488
6/1/2016,19:30:44,0,9.5166,22.927
6/1/2016,19:45:44,0,9.5186,22.383
6/1/2016,20:00:44,0,9.5206,21.921
6/1/2016,20:15:44,0,9.5223,20.993
6/1/2016,20:30:44,0,9.524,20.783
6/1/2016,20:45:44,0,9.5255,20.239
6/1/2016,21:00:44,0,9.5273,19.876
6/1/2016,21:15:44,0,9.5294,19.49
6/1/2016,21:30:44,0,9.5298,19.221
6/1/2016,21:45:44,0,9.5306,18.645
6/1/2016,22:00:44,0,9.5306,18.494
6/1/2016,22:15:44,0,9.531,18.023
6/1/2016,22:30:44,0,9.5314,17.494
6/1/2016,22:45:44,0,9.532,17.276
6/1/2016,23:00:44,0,9.5322,16.811
6/1/2016,23:15:44,0,9.5328,16.441
6/1/2016,23:30:44,0,9.5333,16.258
6/1/2016,23:45:44,0,9.5326,16.015
6/2/2016,0:00:44,0,9.5329,15.789
6/2/2016,0:15:44,0,9.5328,15.547
6/2/2016,0:30:44,0,9.5328,15.431
6/2/2016,0:45:44,0,9.5334,15.192
6/2/2016,1:00:44,0,9.5337,14.843
6/2/2016,1:15:44,0,9.534,14.898
6/2/2016,1:30:44,0,9.534,14.761
6/2/2016,1:45:44,0,9.5339,14.515
6/2/2016,2:00:44,0,9.5338,14.325
6/2/2016,2:15:44,0,9.5338,14.307
6/2/2016,2:30:44,0,9.5344,14.203
6/2/2016,2:45:44,0,9.5358,14.157
6/2/2016,3:00:44,0,9.5366,14.066
6/2/2016,3:15:44,0,9.5361,15.249
6/2/2016,3:30:44,0,9.5383,15.128
6/2/2016,3:45:44,0,9.538,15.939
6/2/2016,4:00:44,0,9.5405,16.295
6/2/2016,4:15:44,0,9.5418,16.225
6/2/2016,4:30:44,0,9.5442,16.348
6/2/2016,4:45:44,0,9.546,16.27
6/2/2016,5:00:44,0,9.5466,16.179
6/2/2016,5:15:44,0,9.547,16.127
6/2/2016,5:30:44,0,9.5502,16.005
6/2/2016,5:45:44,0,9.5519,16.016
6/2/2016,6:00:44,0,9.5531,16.172
6/2/2016,6:15:44,0,9.5527,16.424
6/2/2016,6:30:44,0,9.5516,16.746
6/2/2016,6:45:44,0,9.552,17.087
6/2/2016,7:00:44,0,9.5515,17.564
6/2/2016,7:15:44,0,9.5494,18.13
6/2/2016,7:30:44,0,9.5495,18.545
6/2/2016,7:45:44,0,9.5476,18.921
6/2/2016,8:00:44,0,9.5452,20.092
6/2/2016,8:15:44,0,9.5482,21.434
6/2/2016,8:30:44,0,9.5475,21.99
6/2/2016,8:45:44,0,9.5484,23.166
6/2/2016,9:00:44,0,9.5464,23.57
6/2/2016,9:15:44,0,9.5452,24.873
6/2/2016,9:30:44,0,9.5444,27.51
6/2/2016,9:45:44,0,9.547,27.435
6/2/2016,10:00:44,0,9.5464,26.266
6/2/2016,10:15:44,0,9.544,26.717
6/2/2016,10:30:44,0,9.5435,27.89
6/2/2016,10:45:44,0,9.5427,27.948
6/2/2016,11:00:44,0,9.5409,27.996
6/2/2016,11:15:44,0,9.5418,28.574
6/2/2016,11:30:44,0,9.5436,28.787
6/2/2016,11:45:44,0,9.5439,28.962
6/2/2016,12:00:44,0,9.5423,29.372
6/2/2016,12:15:44,0,9.5426,29.783
6/2/2016,12:30:44,0,9.5426,30.075
6/2/2016,12:45:44,0,9.5437,30.407
6/2/2016,13:00:44,0,9.5431,30.165
6/2/2016,13:15:44,0,9.5443,31.026
6/2/2016,13:30:44,0,9.5444,31.7
6/2/2016,13:45:44,0,9.5435,31.855
6/2/2016,14:00:44,0,9.5433,31.922
6/2/2016,14:15:44,0,9.5424,31.102
6/2/2016,14:30:44,0,9.5429,30.708
6/2/2016,14:45:44,0,9.5427,30.177
6/2/2016,15:00:44,0,9.543,30.24
6/2/2016,15:15:44,0,9.5425,30.081
6/2/2016,15:30:44,0,9.5414,29.922
6/2/2016,15:45:44,0,9.5405,29.779
6/2/2016,16:00:44,0,9.5415,29.551
6/2/2016,16:15:44,0,9.5416,28.613
6/2/2016,16:30:44,0,9.5414,28.034
6/2/2016,16:45:44,0,9.5416,27.561
6/2/2016,17:00:44,0,9.5411,27.099
6/2/2016,17:15:44,0,9.5419,26.752
6/2/2016,17:30:44,0,9.5422,26.34
6/2/2016,17:45:44,0,9.544,25.928
6/2/2016,18:00:44,0,9.5449,25.492
6/2/2016,18:15:44,0,9.5463,24.994
6/2/2016,18:30:44,0,9.5475,24.36
6/2/2016,18:45:44,0,9.549,23.197
6/2/2016,19:00:44,0,9.5505,22.816
6/2/2016,19:15:44,0,9.5514,21.85
6/2/2016,19:30:44,0,9.5527,21.542
6/2/2016,19:45:44,0,9.554,21.255
6/2/2016,20:00:44,0,9.5556,20.75
6/2/2016,20:15:44,0,9.5575,20.198
6/2/2016,20:30:44,0,9.5592,19.848
6/2/2016,20:45:44,0,9.5615,19.461
6/2/2016,21:00:44,0,9.5631,18.995
6/2/2016,21:15:44,0,9.5638,18.762
6/2/2016,21:30:44,0,9.5652,18.282
6/2/2016,21:45:44,0,9.5655,17.784
6/2/2016,22:00:44,0,9.5647,17.624
6/2/2016,22:15:44,0,9.5649,17.413
6/2/2016,22:30:44,0,9.565,16.965
6/2/2016,22:45:44,0,9.5659,16.82
6/2/2016,23:00:44,0,9.5677,16.444
6/2/2016,23:15:44,0,9.568,16.093
6/2/2016,23:30:44,0,9.569,15.704
6/2/2016,23:45:44,0,9.5685,15.518
6/3/2016,0:00:44,0,9.5688,15.082
6/3/2016,0:15:44,0,9.5673,14.579
6/3/2016,0:30:44,0,9.5664,14.518
6/3/2016,0:45:44,0,9.5658,14.205
6/3/2016,1:00:44,0,9.5672,14.556
6/3/2016,1:15:44,0,9.5635,16.85
6/3/2016,1:30:44,0,9.5648,17.185
6/3/2016,1:45:44,0,9.5655,17.485
6/3/2016,2:00:44,0,9.564,17.345
6/3/2016,2:15:44,0,9.5621,17.065
6/3/2016,2:30:44,0,9.5624,16.446
6/3/2016,2:45:44,0,9.5622,16.051
6/3/2016,3:00:44,0,9.5626,15.607
6/3/2016,3:15:44,0,9.5623,15.077
6/3/2016,3:30:44,0,9.5625,14.874
6/3/2016,3:45:44,0,9.5637,14.145
6/3/2016,4:00:44,0,9.5624,13.878
6/3/2016,4:15:44,0,9.5623,13.574
6/3/2016,4:30:44,0,9.5627,13.241
6/3/2016,4:45:44,0,9.5631,12.792
6/3/2016,5:00:44,0,9.5634,12.409
6/3/2016,5:15:44,0,9.5633,12.369
6/3/2016,5:30:44,0,9.5647,12.611
6/3/2016,5:45:44,0,9.5647,12.383
6/3/2016,6:00:44,0,9.5642,12.334
6/3/2016,6:15:44,0,9.5639,12.297
6/3/2016,6:30:44,0,9.5626,12.623
6/3/2016,6:45:44,0,9.5624,13.19
6/3/2016,7:00:44,0,9.5608,13.67
6/3/2016,7:15:44,0,9.5601,14.239
6/3/2016,7:30:44,0,9.5586,15.392
6/3/2016,7:45:44,0,9.5579,16.027
6/3/2016,8:00:44,0,9.5539,17.952
6/3/2016,8:15:44,0,9.5544,21.401
6/3/2016,8:30:44,0,9.5531,22.076
6/3/2016,8:45:44,0,9.5524,23.476
6/3/2016,9:00:44,0,9.5502,24.236
6/3/2016,9:15:44,0,9.548,25.267
6/3/2016,9:30:44,0,9.545,27.265
6/3/2016,9:45:44,0,9.5472,27.07
6/3/2016,10:00:44,0,9.5464,27
6/3/2016,10:15:44,0,9.5438,28.18
6/3/2016,10:30:44,0,9.5444,28.621
6/3/2016,10:45:44,0,9.5448,28.79
6/3/2016,11:00:44,0,9.5428,29.506
6/3/2016,11:15:44,0,9.5421,30.217
6/3/2016,11:30:44,0,9.5421,30.344
6/3/2016,11:45:44,0,9.5416,30.528
6/3/2016,12:00:44,0,9.5406,31.159
6/3/2016,12:15:44,0,9.5399,31.754
6/3/2016,12:30:44,0,9.5388,32.236
6/3/2016,12:45:44,0,9.5381,32.591
6/3/2016,13:00:44,0,9.5384,33.169
6/3/2016,13:15:44,0,9.5389,33.835
6/3/2016,13:30:44,0,9.5383,34.105
6/3/2016,13:45:44,0,9.5374,34.239
6/3/2016,14:00:44,0,9.5369,34.173
6/3/2016,14:15:44,0,9.5361,33.26
6/3/2016,14:30:44,0,9.5371,32.613
6/3/2016,14:45:44,0,9.5374,31.736
6/3/2016,15:00:44,0,9.5357,31.464
6/3/2016,15:15:44,0,9.5346,31.709
6/3/2016,15:30:44,0,9.5339,31.119
6/3/2016,15:45:44,0,9.5332,30.925
6/3/2016,16:00:44,0,9.5319,30.391
6/3/2016,16:15:44,0,9.5313,29.852
6/3/2016,16:30:44,0,9.5299,29.292
6/3/2016,16:45:44,0,9.5287,28.78
6/3/2016,17:00:44,0,9.5285,28.498
6/3/2016,17:15:44,0,9.5284,28.136
6/3/2016,17:30:44,0,9.5281,27.814
6/3/2016,17:45:44,0,9.5287,27.403
6/3/2016,18:00:44,0,9.5301,27.049
6/3/2016,18:15:44,0,9.5306,26.626
6/3/2016,18:30:44,0,9.5334,25.969
6/3/2016,18:45:44,0,9.5336,25.43
6/3/2016,19:00:44,0,9.5338,25.023
6/3/2016,19:15:44,0,9.5358,24.449
6/3/2016,19:30:44,0,9.5369,23.955
6/3/2016,19:45:44,0,9.5383,23.418
6/3/2016,20:00:44,0,9.5394,22.836
6/3/2016,20:15:44,0,9.5408,22.549
6/3/2016,20:30:44,0,9.5422,22.178
6/3/2016,20:45:44,0,9.5434,21.846
6/3/2016,21:00:44,0,9.5449,21.399
6/3/2016,21:15:44,0,9.5456,21.049
6/3/2016,21:30:44,0,9.5451,20.804
6/3/2016,21:45:44,0,9.544,20.567
6/3/2016,22:00:44,0,9.5432,20.272
6/3/2016,22:15:44,0,9.5433,20.082
6/3/2016,22:30:44,0,9.5433,19.669
6/3/2016,22:45:44,0,9.5431,19.377
6/3/2016,23:00:44,0,9.5428,19.108
6/3/2016,23:15:44,0,9.5428,18.678
6/3/2016,23:30:44,0,9.5427,18.639
6/3/2016,23:45:44,0,9.5419,18.408
6/4/2016,0:00:44,0,9.5422,18.169
6/4/2016,0:15:44,0,9.5417,17.989
6/4/2016,0:30:44,0,9.5422,17.758
6/4/2016,0:45:44,0,9.542,17.546
6/4/2016,1:00:44,0,9.5413,16.668
6/4/2016,1:15:44,0,9.5404,16.895
6/4/2016,1:30:44,0,9.5395,16.825
6/4/2016,1:45:44,0,9.5385,16.582
6/4/2016,2:00:44,0,9.5378,16.456
6/4/2016,2:15:44,0,9.5375,16.212
6/4/2016,2:30:44,0,9.5377,15.992
6/4/2016,2:45:44,0,9.5376,15.869
6/4/2016,3:00:44,0,9.5373,15.745
6/4/2016,3:15:44,0,9.5369,15.697
6/4/2016,3:30:44,0,9.5372,15.515
6/4/2016,3:45:44,0,9.5373,15.495
6/4/2016,4:00:44,0,9.5382,15.293
6/4/2016,4:15:44,0,9.5388,15.065
6/4/2016,4:30:44,0,9.5386,15.13
6/4/2016,4:45:44,0,9.5384,14.993
6/4/2016,5:00:44,0,9.5382,15.063
6/4/2016,5:15:44,0,9.5395,15.019
6/4/2016,5:30:44,0,9.5406,14.991
6/4/2016,5:45:44,0,9.541,15.187
6/4/2016,6:00:44,0,9.5412,15.001
6/4/2016,6:15:44,0,9.5414,15.477
6/4/2016,6:30:44,0,9.5404,15.487
6/4/2016,6:45:44,0,9.5407,15.876
6/4/2016,7:00:44,0,9.5409,16.442
6/4/2016,7:15:44,0,9.5398,16.94
6/4/2016,7:30:44,0,9.5386,17.628
6/4/2016,7:45:44,0,9.5374,18.278
6/4/2016,8:00:44,0,9.5357,19.401
6/4/2016,8:15:44,0,9.5351,21.692
6/4/2016,8:30:44,0,9.5337,22.599
6/4/2016,8:45:44,0,9.5324,23.835
6/4/2016,9:00:44,0,9.5334,24.047
6/4/2016,9:15:44,0,9.5313,24.744
6/4/2016,9:30:44,0,9.5306,25.881
6/4/2016,9:45:44,0,9.5299,26.119
6/4/2016,10:00:44,0,9.5303,26.014
6/4/2016,10:15:44,0,9.5287,26.303
6/4/2016,10:30:44,0,9.5274,26.541
6/4/2016,10:45:44,0,9.5267,26.636
6/4/2016,11:00:44,0,9.5254,27.005
6/4/2016,11:15:44,0,9.5257,26.303
6/4/2016,11:30:44,0,9.5248,26.754
6/4/2016,11:45:44,0,9.5246,26.628
6/4/2016,12:00:44,0,9.5247,27.719
6/4/2016,12:15:44,0,9.5241,28.055
6/4/2016,12:30:44,0,9.524,28.412
6/4/2016,12:45:44,0,9.526,28.57
6/4/2016,13:00:44,0,9.5259,28.275
6/4/2016,13:15:44,0,9.5259,27.912
6/4/2016,13:30:44,0,9.5254,27.935
6/4/2016,13:45:44,0,9.5252,27.63
6/4/2016,14:00:44,0,9.5236,27.321
6/4/2016,14:15:44,0,9.5232,26.954
6/4/2016,14:30:44,0,9.5229,27.242
6/4/2016,14:45:44,0,9.5209,27.571
6/4/2016,15:00:44,0,9.5201,26.919
6/4/2016,15:15:44,0,9.5207,26.68
6/4/2016,15:30:44,0,9.5192,26.252
6/4/2016,15:45:44,0,9.5177,26.434
6/4/2016,16:00:44,0,9.5175,26.257
6/4/2016,16:15:44,0,9.5171,25.908
6/4/2016,16:30:44,0,9.5157,25.915
6/4/2016,16:45:44,0,9.5153,25.696
6/4/2016,17:00:44,0,9.514,25.059
6/4/2016,17:15:44,0,9.5149,24.974
6/4/2016,17:30:44,0,9.5143,24.436
6/4/2016,17:45:44,0,9.5154,24.308
6/4/2016,18:00:44,0,9.5156,23.959
6/4/2016,18:15:44,0,9.5159,23.437
6/4/2016,18:30:44,0,9.5173,23.231
6/4/2016,18:45:44,0,9.5191,23.056
6/4/2016,19:00:44,0,9.5189,22.608
6/4/2016,19:15:44,0,9.521,22.063
6/4/2016,19:30:44,0,9.5209,21.659
6/4/2016,19:45:44,0,9.5201,21.44
6/4/2016,20:00:44,0,9.5193,21.31
6/4/2016,20:15:44,0,9.5229,21.213
6/4/2016,20:30:44,0,9.5243,20.983
6/4/2016,20:45:44,0,9.5236,20.689
6/4/2016,21:00:44,0,9.5239,20.791
6/4/2016,21:15:44,0,9.5263,20.655
6/4/2016,21:30:44,0,9.5296,20.452
6/4/2016,21:45:44,0,9.5275,20.523
6/4/2016,22:00:44,0,9.5253,20.364
6/4/2016,22:15:44,0,9.529,19.989
6/4/2016,22:30:44,0,9.5291,20.167
6/4/2016,22:45:44,0,9.5282,19.71
6/4/2016,23:00:44,0,9.5259,19.758
6/4/2016,23:15:44,0,9.5249,19.583
6/4/2016,23:30:44,0,9.5235,19.781
6/4/2016,23:45:44,0,9.5232,19.647
6/5/2016,0:00:44,0,9.5201,19.504
6/5/2016,0:15:44,0,9.527,19.123
6/5/2016,0:30:44,0,9.5197,19.076
6/5/2016,0:45:44,0,9.5227,19.233
6/5/2016,1:00:44,0,9.5218,19.172
6/5/2016,1:15:44,0,9.5205,19.046
6/5/2016,1:30:44,0,9.5191,18.824
6/5/2016,1:45:44,0,9.5193,18.553
6/5/2016,2:00:44,0,9.5199,18.219
6/5/2016,2:15:44,0,9.5203,18.042
6/5/2016,2:30:44,0,9.5187,17.767
6/5/2016,2:45:44,0,9.5188,17.401
6/5/2016,3:00:44,0,9.519,16.912
6/5/2016,3:15:44,0,9.5194,16.856
6/5/2016,3:30:44,0,9.5204,16.567
6/5/2016,3:45:44,0,9.5214,16.111
6/5/2016,4:00:44,0,9.521,16.079
6/5/2016,4:15:44,0,9.5209,16.03
6/5/2016,4:30:44,0,9.5212,15.867
6/5/2016,4:45:44,0,9.5208,15.401
6/5/2016,5:00:44,0,9.5217,15.175
6/5/2016,5:15:44,0,9.5216,15.176
6/5/2016,5:30:44,0,9.5216,15.319
6/5/2016,5:45:44,0,9.5227,15.231
6/5/2016,6:00:44,0,9.5228,15.138
6/5/2016,6:15:44,0,9.5218,15.361
6/5/2016,6:30:44,0,9.5201,15.374
6/5/2016,6:45:44,0,9.5193,15.656
6/5/2016,7:00:44,0,9.5198,15.767
6/5/2016,7:15:44,0,9.5194,16.162
6/5/2016,7:30:44,0,9.5185,16.963
6/5/2016,7:45:44,0,9.5175,17.509
6/5/2016,8:00:44,0,9.5142,18.565
6/5/2016,8:15:44,0,9.5124,21.439
6/5/2016,8:30:44,0,9.5112,21.873
6/5/2016,8:45:44,0,9.509,23.465
6/5/2016,9:00:44,0,9.5081,24.118
6/5/2016,9:15:44,0,9.5059,25.185
6/5/2016,9:30:44,0,9.5049,27.959
6/5/2016,9:45:44,0,9.5066,27.428
6/5/2016,10:00:44,0,9.5053,27.149
6/5/2016,10:15:44,0,9.5027,27.702
6/5/2016,10:30:44,0,9.5014,27.833
6/5/2016,10:45:44,0,9.5006,28.054
6/5/2016,11:00:44,0,9.4995,28.847
6/5/2016,11:15:44,0,9.4986,29.492
6/5/2016,11:30:44,0,9.4989,30.199
6/5/2016,11:45:44,0,9.4994,30.261
6/5/2016,12:00:44,0,9.4989,30.377
6/5/2016,12:15:44,0,9.4987,30.668
6/5/2016,12:30:44,0,9.4992,30.733
6/5/2016,12:45:44,0,9.5,30.618
6/5/2016,13:00:44,0,9.4969,31.127
6/5/2016,13:15:44,0,9.4982,31.576
6/5/2016,13:30:44,0,9.4969,31.926
6/5/2016,13:45:44,0,9.4955,32.05
6/5/2016,14:00:44,0,9.4952,32.297
6/5/2016,14:15:44,0,9.4937,31.619
6/5/2016,14:30:44,0,9.4935,31.448
6/5/2016,14:45:44,0,9.4927,31.209
6/5/2016,15:00:44,0,9.4905,30.983
6/5/2016,15:15:44,0,9.4888,30.807
6/5/2016,15:30:44,0,9.488,30.602
6/5/2016,15:45:44,0,9.4874,30.105
6/5/2016,16:00:44,0,9.4879,29.636
6/5/2016,16:15:44,0,9.4867,29.121
6/5/2016,16:30:44,0,9.4882,28.69
6/5/2016,16:45:44,0,9.4875,28.432
6/5/2016,17:00:44,0,9.4864,28.006
6/5/2016,17:15:44,0,9.4833,27.584
6/5/2016,17:30:44,0,9.4816,27.254
6/5/2016,17:45:44,0,9.4829,26.781
6/5/2016,18:00:44,0,9.484,26.422
6/5/2016,18:15:44,0,9.489,25.999
6/5/2016,18:30:44,0,9.4935,25.414
6/5/2016,18:45:44,0,9.4955,24.726
6/5/2016,19:00:44,0,9.501,24.491
6/5/2016,19:15:44,0,9.4983,24.119
6/5/2016,19:30:44,0,9.4899,23.704
6/5/2016,19:45:44,0,9.4927,23.563
6/5/2016,20:00:44,0,9.4963,23.392
6/5/2016,20:15:44,0,9.4961,24.069
6/5/2016,20:30:44,0,9.4974,24.172
6/5/2016,20:45:44,0,9.5001,23.885
6/5/2016,21:00:44,0,9.5029,23.469
6/5/2016,21:15:44,0,9.5017,23.418
6/5/2016,21:30:44,0,9.4994,23.368
6/5/2016,21:45:44,0,9.4983,23.019
6/5/2016,22:00:44,0,9.4949,22.667
6/5/2016,22:15:44,0,9.4956,22.645
6/5/2016,22:30:44,0,9.4946,22.313
6/5/2016,22:45:44,0,9.494,22.066
6/5/2016,23:00:44,0,9.4914,21.939
6/5/2016,23:15:44,0,9.4909,21.555
6/5/2016,23:30:44,0,9.4893,21.315
6/5/2016,23:45:44,0,9.4903,21.452
6/6/2016,0:00:44,0,9.4893,21.203
6/6/2016,0:15:44,0,9.4888,21.026
6/6/2016,0:30:44,0,9.4902,20.857
6/6/2016,0:45:44,0,9.4905,20.469
6/6/2016,1:00:44,0,9.4906,20.341
6/6/2016,1:15:44,0,9.4917,20.206
6/6/2016,1:30:44,0,9.491,19.92
6/6/2016,1:45:44,0,9.4921,19.571
6/6/2016,2:00:44,0,9.4909,19.268
6/6/2016,2:15:44,0,9.4901,19.039
6/6/2016,2:30:44,0,9.4889,18.74
6/6/2016,2:45:44,0,9.4896,18.697
6/6/2016,3:00:44,0,9.4889,18.715
6/6/2016,3:15:44,0,9.4892,18.599
6/6/2016,3:30:44,0,9.4887,18.404
6/6/2016,3:45:44,0,9.4889,18.156
6/6/2016,4:00:44,0,9.4887,17.994
6/6/2016,4:15:44,0,9.4898,17.806
6/6/2016,4:30:44,0,9.4895,17.498
6/6/2016,4:45:44,0,9.4882,17.41
6/6/2016,5:00:44,0,9.4884,16.88
6/6/2016,5:15:44,0,9.4876,16.884
6/6/2016,5:30:44,0,9.4871,16.948
6/6/2016,5:45:44,0,9.4873,17.002
6/6/2016,6:00:44,0,9.4869,16.858
6/6/2016,6:15:44,0,9.4867,16.999
6/6/2016,6:30:44,0,9.4855,17.087
6/6/2016,6:45:44,0,9.4849,17.422
6/6/2016,7:00:44,0,9.4836,17.742
6/6/2016,7:15:44,0,9.4828,18.084
6/6/2016,7:30:44,0,9.4817,18.958
6/6/2016,7:45:44,0,9.4818,19.455
6/6/2016,8:00:44,0,9.4797,20.851
6/6/2016,8:15:44,0,9.4782,24.289
6/6/2016,8:30:44,0,9.4778,24.606
6/6/2016,8:45:44,0,9.4761,25.575
6/6/2016,9:00:44,0,9.4749,26.038
6/6/2016,9:15:44,0,9.4725,26.716
6/6/2016,9:30:44,0,9.4725,28.535
6/6/2016,9:45:44,0,9.472,28.586
6/6/2016,10:00:44,0,9.4716,27.941
6/6/2016,10:15:44,0,9.4687,28.562
6/6/2016,10:30:44,0,9.4681,29.093
6/6/2016,10:45:44,0,9.4665,29.508
6/6/2016,11:00:44,0,9.4641,30.231
6/6/2016,11:15:44,0,9.4633,30.872
6/6/2016,11:30:44,0,9.4635,31.241
6/6/2016,11:45:44,0,9.4637,31.551
6/6/2016,12:00:44,0,9.4642,31.322
6/6/2016,12:15:44,0,9.465,31.324
6/6/2016,12:30:44,0,9.4671,31.494
6/6/2016,12:45:44,0,9.4671,31.263
6/6/2016,13:00:44,0,9.4661,31.416
6/6/2016,13:15:44,0,9.4677,32.016
6/6/2016,13:30:44,0,9.4664,32.092
6/6/2016,13:45:44,0,9.4659,32.054
6/6/2016,14:00:44,0,9.465,32.591
6/6/2016,14:15:44,0,9.4651,31.669
6/6/2016,14:30:44,0,9.4631,31.295
6/6/2016,14:45:44,0,9.4624,30.81
6/6/2016,15:00:44,0,9.461,30.669
6/6/2016,15:15:44,0,9.4616,30.549
6/6/2016,15:30:44,0,9.4627,30.41
6/6/2016,15:45:44,0,9.4622,30.36
6/6/2016,16:00:44,0,9.4624,30.086
6/6/2016,16:15:44,0,9.463,29.644
6/6/2016,16:30:44,0,9.4636,29.218
6/6/2016,16:45:44,0,9.4643,28.821
6/6/2016,17:00:44,0,9.4644,28.422
6/6/2016,17:15:44,0,9.4652,28.014
6/6/2016,17:30:44,0,9.4649,27.63
6/6/2016,17:45:44,0,9.4663,27.214
6/6/2016,18:00:44,0,9.4675,26.913
6/6/2016,18:15:44,0,9.4688,26.605
6/6/2016,18:30:44,0,9.4697,26.242
6/6/2016,18:45:44,0,9.4715,25.781
6/6/2016,19:00:44,0,9.474,25.18
6/6/2016,19:15:44,0,9.4757,24.501
6/6/2016,19:30:44,0,9.4789,24.192
6/6/2016,19:45:44,0,9.4828,23.928
6/6/2016,20:00:44,0,9.4854,22.827
6/6/2016,20:15:44,0,9.4863,22.901
6/6/2016,20:30:44,0,9.4883,22.678
6/6/2016,20:45:44,0,9.4903,22.505
6/6/2016,21:00:44,0,9.4919,22.173
6/6/2016,21:15:44,0,9.4931,21.452
6/6/2016,21:30:44,0,9.4939,21.315
6/6/2016,21:45:44,0,9.4958,21.313
6/6/2016,22:00:44,0,9.4964,21.006
6/6/2016,22:15:44,0,9.4987,20.827
6/6/2016,22:30:44,0,9.4985,20.384
6/6/2016,22:45:44,0,9.4986,20.283
6/6/2016,23:00:44,0,9.4995,19.93
6/6/2016,23:15:44,0,9.5001,19.727
6/6/2016,23:30:44,0,9.4985,19.701
6/6/2016,23:45:44,0,9.4976,19.45
6/7/2016,0:00:44,0,9.498,19.458
6/7/2016,0:15:44,0,9.4978,19.31
6/7/2016,0:30:44,0,9.4975,19.128
6/7/2016,0:45:44,0,9.497,18.827
6/7/2016,1:00:44,0,9.4977,18.679
6/7/2016,1:15:44,0,9.4977,18.337
6/7/2016,1:30:44,0,9.4977,18.049
6/7/2016,1:45:44,0,9.4973,18.182
6/7/2016,2:00:44,0,9.4966,17.978
6/7/2016,2:15:44,0,9.4972,17.749
6/7/2016,2:30:44,0,9.4961,17.915
6/7/2016,2:45:44,0,9.497,17.974
6/7/2016,3:00:44,0,9.4965,18.372
6/7/2016,3:15:44,0,9.497,19.251
6/7/2016,3:30:44,0,9.4976,19.027
6/7/2016,3:45:44,0,9.4977,19.269
6/7/2016,4:00:44,0,9.4984,19.556
6/7/2016,4:15:44,0,9.4991,19.56
6/7/2016,4:30:44,0,9.5004,19.382
6/7/2016,4:45:44,0,9.5006,19.501
6/7/2016,5:00:44,0,9.5017,19.196
6/7/2016,5:15:44,0,9.5024,18.91
6/7/2016,5:30:44,0,9.5031,18.825
6/7/2016,5:45:44,0,9.5029,18.745
6/7/2016,6:00:44,0,9.5046,18.648
6/7/2016,6:15:44,0,9.5056,19.066
6/7/2016,6:30:44,0,9.5048,19.028
6/7/2016,6:45:44,0,9.5045,19.546
6/7/2016,7:00:44,0,9.5045,19.897
6/7/2016,7:15:44,0,9.5029,20.974
6/7/2016,7:30:44,0,9.5037,21.422
6/7/2016,7:45:44,0,9.5036,21.518
6/7/2016,8:00:44,0,9.502,22.325
6/7/2016,8:15:44,0,9.5014,23.985
6/7/2016,8:30:44,0,9.5016,25.055
6/7/2016,8:45:44,0,9.5006,26.086
6/7/2016,9:00:44,0,9.501,26.743
6/7/2016,9:15:44,0,9.4993,27.613
6/7/2016,9:30:44,0,9.4993,28.571
6/7/2016,9:45:44,0,9.4995,28.811
6/7/2016,10:00:44,0,9.4987,28.511
6/7/2016,10:15:44,0,9.4972,29.445
6/7/2016,10:30:44,0,9.4966,30.092
6/7/2016,10:45:44,0,9.4965,29.905
6/7/2016,11:00:44,0,9.4957,30.246
6/7/2016,11:15:44,0,9.4957,30.608
6/7/2016,11:30:44,0,9.4962,30.824
6/7/2016,11:45:44,0,9.4961,31.269
6/7/2016,12:00:44,0,9.4971,31.147
6/7/2016,12:15:44,0,9.4971,30.959
6/7/2016,12:30:44,0,9.4968,31.147
6/7/2016,12:45:44,0,9.4961,31.446
6/7/2016,13:00:44,0,9.4948,31.76
6/7/2016,13:15:44,0,9.4963,32.428
6/7/2016,13:30:44,0,9.4973,32.689
6/7/2016,13:45:44,0,9.499,32.811
6/7/2016,14:00:44,0,9.4998,32.599
6/7/2016,14:15:44,0,9.4992,31.954
6/7/2016,14:30:44,0,9.4985,31.555
6/7/2016,14:45:44,0,9.4987,31.173
6/7/2016,15:00:44,0,9.4984,30.731
6/7/2016,15:15:44,0,9.497,30.565
6/7/2016,15:30:44,0,9.4961,30.392
6/7/2016,15:45:44,0,9.4968,29.92
6/7/2016,16:00:44,0,9.497,29.512
6/7/2016,16:15:44,0,9.4977,29.04
6/7/2016,16:30:44,0,9.4974,28.636
6/7/2016,16:45:44,0,9.4959,28.443
6/7/2016,17:00:44,0,9.4961,28.153
6/7/2016,17:15:44,0,9.4957,27.889
6/7/2016,17:30:44,0,9.4955,27.446
6/7/2016,17:45:44,0,9.4946,26.94
6/7/2016,18:00:44,0,9.4956,26.608
6/7/2016,18:15:44,0,9.4971,26.202
6/7/2016,18:30:44,0,9.4982,25.879
6/7/2016,18:45:44,0,9.4988,25.52
6/7/2016,19:00:44,0,9.4999,25.085
6/7/2016,19:15:44,0,9.5007,24.642
6/7/2016,19:30:44,0,9.5022,24.149
6/7/2016,19:45:44,0,9.5041,23.649
6/7/2016,20:00:44,0,9.506,23.155
6/7/2016,20:15:44,0,9.5076,22.546
6/7/2016,20:30:44,0,9.5088,22.284
6/7/2016,20:45:44,0,9.5111,21.984
6/7/2016,21:00:44,0,9.5131,21.584
6/7/2016,21:15:44,0,9.5153,21.311
6/7/2016,21:30:44,0,9.5152,20.874
6/7/2016,21:45:44,0,9.5145,20.695
6/7/2016,22:00:44,0,9.5135,20.152
6/7/2016,22:15:44,0,9.5133,19.958
6/7/2016,22:30:44,0,9.5151,19.754
6/7/2016,22:45:44,0,9.5142,19.234
6/7/2016,23:00:44,0,9.5141,19.103
6/7/2016,23:15:44,0,9.5136,18.926
6/7/2016,23:30:44,0,9.5136,18.706
6/7/2016,23:45:44,0,9.5133,18.412
6/8/2016,0:00:44,0,9.5131,18.409
6/8/2016,0:15:44,0,9.5137,18.07
6/8/2016,0:30:44,0,9.5142,17.755
6/8/2016,0:45:44,0,9.5141,17.566
6/8/2016,1:00:44,0,9.5146,17.43
6/8/2016,1:15:44,0,9.5146,17.317
6/8/2016,1:30:44,0,9.5148,17.185
6/8/2016,1:45:44,0,9.5139,16.955
6/8/2016,2:00:44,0,9.5138,16.737
6/8/2016,2:15:44,0,9.5134,16.642
6/8/2016,2:30:44,0,9.5128,16.478
6/8/2016,2:45:44,0,9.5115,16.29
6/8/2016,3:00:44,0,9.5109,16.14
6/8/2016,3:15:44,0,9.5104,15.812
6/8/2016,3:30:44,0,9.5095,15.858
6/8/2016,3:45:44,0,9.509,15.624
6/8/2016,4:00:44,0,9.5087,15.422
6/8/2016,4:15:44,0,9.5095,15.164
6/8/2016,4:30:44,0,9.5108,14.812
6/8/2016,4:45:44,0,9.511,14.907
6/8/2016,5:00:44,0,9.5132,14.706
6/8/2016,5:15:44,0,9.5138,14.524
6/8/2016,5:30:44,0,9.5132,14.555
6/8/2016,5:45:44,0,9.5132,14.762
6/8/2016,6:00:44,0,9.5134,14.867
6/8/2016,6:15:44,0,9.5138,14.908
6/8/2016,6:30:44,0,9.5135,15.21
6/8/2016,6:45:44,0,9.5127,15.3
6/8/2016,7:00:44,0,9.5102,15.438
6/8/2016,7:15:44,0,9.5097,15.875
6/8/2016,7:30:44,0,9.5082,16.431
6/8/2016,7:45:44,0,9.5074,16.937
6/8/2016,8:00:44,0,9.5059,17.864
6/8/2016,8:15:44,0,9.5044,20.477
6/8/2016,8:30:44,0,9.5048,21.449
6/8/2016,8:45:44,0,9.5036,22.965
6/8/2016,9:00:44,0,9.5029,23.9
6/8/2016,9:15:44,0,9.5018,24.398
6/8/2016,9:30:44,0,9.501,25.617
6/8/2016,9:45:44,0,9.5001,26.417
6/8/2016,10:00:44,0,9.4995,27.269
6/8/2016,10:15:44,0,9.4995,28.419
6/8/2016,10:30:44,0,9.4992,28.339
6/8/2016,10:45:44,0,9.5008,27.629
6/8/2016,11:00:44,0,9.5012,27.965
6/8/2016,11:15:44,0,9.5007,28.294
6/8/2016,11:30:44,0,9.5021,28.206
6/8/2016,11:45:44,0,9.5016,28.374
6/8/2016,12:00:44,0,9.5022,28.297
6/8/2016,12:15:44,0,9.5017,28.27
6/8/2016,12:30:44,0,9.5019,28.553
6/8/2016,12:45:44,0,9.5007,28.704
6/8/2016,13:00:44,0,9.4989,28.811
6/8/2016,13:15:44,0,9.4998,29.652
6/8/2016,13:30:44,0,9.4999,29.779
6/8/2016,13:45:44,0,9.5004,30.095
6/8/2016,14:00:44,0,9.5014,30.185
6/8/2016,14:15:44,0,9.5024,28.97
6/8/2016,14:30:44,0,9.501,28.437
6/8/2016,14:45:44,0,9.5003,28.003
6/8/2016,15:00:44,0,9.4988,27.652
6/8/2016,15:15:44,0,9.4975,27.436
6/8/2016,15:30:44,0,9.4969,27.295
6/8/2016,15:45:44,0,9.4971,27.036
6/8/2016,16:00:44,0,9.4979,26.716
6/8/2016,16:15:44,0,9.4966,26.297
6/8/2016,16:30:44,0,9.4951,25.876
6/8/2016,16:45:44,0,9.4938,25.425
6/8/2016,17:00:44,0,9.4934,24.931
6/8/2016,17:15:44,0,9.4926,24.484
6/8/2016,17:30:44,0,9.4925,24.17
6/8/2016,17:45:44,0,9.4927,23.852
6/8/2016,18:00:44,0,9.4923,23.611
6/8/2016,18:15:44,0,9.4935,23.332
6/8/2016,18:30:44,0,9.4938,22.916
6/8/2016,18:45:44,0,9.4941,22.308
6/8/2016,19:00:44,0,9.4942,22.086
6/8/2016,19:15:44,0,9.4955,21.429
6/8/2016,19:30:44,0,9.4971,21.166
6/8/2016,19:45:44,0,9.4972,20.319
6/8/2016,20:00:44,0,9.4973,19.816
6/8/2016,20:15:44,0,9.4971,19.644
6/8/2016,20:30:44,0,9.4995,19.277
6/8/2016,20:45:44,0,9.4998,18.69
6/8/2016,21:00:44,0,9.5017,18.515
6/8/2016,21:15:44,0,9.5032,18.038
6/8/2016,21:30:44,0,9.503,17.78
6/8/2016,21:45:44,0,9.5029,17.545
6/8/2016,22:00:44,0,9.5021,17.488
6/8/2016,22:15:44,0,9.5009,17.323
6/8/2016,22:30:44,0,9.5021,17.128
6/8/2016,22:45:44,0,9.5032,16.803
6/8/2016,23:00:44,0,9.504,16.41
6/8/2016,23:15:44,0,9.5044,16.349
6/8/2016,23:30:44,0,9.5042,16.098
6/8/2016,23:45:44,0,9.5054,16.022
6/9/2016,0:00:44,0,9.5049,15.622
6/9/2016,0:15:44,0,9.505,15.373
6/9/2016,0:30:44,0,9.5046,15.445
6/9/2016,0:45:44,0,9.5048,15.232
6/9/2016,1:00:44,0,9.5062,14.503
6/9/2016,1:15:44,0,9.5044,14.597
6/9/2016,1:30:44,0,9.5048,14.683
6/9/2016,1:45:44,0,9.5026,14.276
6/9/2016,2:00:44,0,9.5018,14.243
6/9/2016,2:15:44,0,9.4998,13.915
6/9/2016,2:30:44,0,9.4992,13.936
6/9/2016,2:45:44,0,9.5003,14.005
6/9/2016,3:00:44,0,9.5034,13.933
6/9/2016,3:15:44,0,9.5033,13.56
6/9/2016,3:30:44,0,9.5025,13.32
6/9/2016,3:45:44,0,9.5033,13.407
6/9/2016,4:00:44,0,9.5039,13.257
6/9/2016,4:15:44,0,9.5051,12.971
6/9/2016,4:30:44,0,9.5053,12.727
6/9/2016,4:45:44,0,9.5067,12.685
6/9/2016,5:00:44,0,9.5073,12.746
6/9/2016,5:15:44,0,9.5078,12.411
6/9/2016,5:30:44,0,9.5089,12.105
6/9/2016,5:45:44,0,9.5092,12.101
6/9/2016,6:00:44,0,9.5098,12.44
6/9/2016,6:15:44,0,9.5086,12.209
6/9/2016,6:30:44,0,9.5083,12.468
6/9/2016,6:45:44,0,9.5082,12.631
6/9/2016,7:00:44,0,9.5081,12.801
6/9/2016,7:15:44,0,9.5073,13.152
6/9/2016,7:30:44,0,9.5064,13.95
6/9/2016,7:45:44,0,9.5072,14.613
6/9/2016,8:00:44,0,9.5063,15.741
6/9/2016,8:15:44,0,9.5057,18.48
6/9/2016,8:30:44,0,9.5066,19.584
6/9/2016,8:45:44,0,9.5055,20.708
6/9/2016,9:00:44,0,9.5056,21.114
6/9/2016,9:15:44,0,9.5042,21.938
6/9/2016,9:30:44,0,9.5042,23.562
6/9/2016,9:45:44,0,9.5041,24.719
6/9/2016,10:00:44,0,9.5037,25.586
6/9/2016,10:15:44,0,9.5031,25.854
6/9/2016,10:30:44,0,9.5045,25.455
6/9/2016,10:45:44,0,9.5044,25.711
6/9/2016,11:00:44,0,9.5056,25.457
6/9/2016,11:15:44,0,9.5041,25.937
6/9/2016,11:30:44,0,9.5031,26.104
6/9/2016,11:45:44,0,9.5025,26.331
6/9/2016,12:00:44,0,9.502,26.152
6/9/2016,12:15:44,0,9.5031,26.26
6/9/2016,12:30:44,0,9.5034,26.505
6/9/2016,12:45:44,0,9.503,26.635
6/9/2016,13:00:44,0,9.501,27.064
6/9/2016,13:15:44,0,9.5025,27.776
6/9/2016,13:30:44,0,9.5028,28.404
6/9/2016,13:45:44,0,9.5005,28.285
6/9/2016,14:00:44,0,9.5014,27.839
6/9/2016,14:15:44,0,9.5005,27.145
6/9/2016,14:30:44,0,9.4991,27.035
6/9/2016,14:45:44,0,9.4986,26.464
6/9/2016,15:00:44,0,9.4977,26.292
6/9/2016,15:15:44,0,9.4975,26.287
6/9/2016,15:30:44,0,9.496,25.997
6/9/2016,15:45:44,0,9.4959,25.804
6/9/2016,16:00:44,0,9.496,25.731
6/9/2016,16:15:44,0,9.4958,25.519
6/9/2016,16:30:44,0,9.4953,25.279
6/9/2016,16:45:44,0,9.4944,25.075
6/9/2016,17:00:44,0,9.4934,24.77
6/9/2016,17:15:44,0,9.4938,24.476
6/9/2016,17:30:44,0,9.4931,24.166
6/9/2016,17:45:44,0,9.4936,23.788
6/9/2016,18:00:44,0,9.4927,23.398
6/9/2016,18:15:44,0,9.4932,23.16
6/9/2016,18:30:44,0,9.4933,22.899
6/9/2016,18:45:44,0,9.494,22.639
6/9/2016,19:00:44,0,9.4938,22.171
6/9/2016,19:15:44,0,9.4949,21.633
6/9/2016,19:30:44,0,9.4954,21.066
6/9/2016,19:45:44,0,9.4966,20.566
6/9/2016,20:00:44,0,9.498,20.004
6/9/2016,20:15:44,0,9.4984,19.517
6/9/2016,20:30:44,0,9.5004,19.071
6/9/2016,20:45:44,0,9.5031,18.622
6/9/2016,21:00:44,0,9.5039,18.223
6/9/2016,21:15:44,0,9.5048,18.047
6/9/2016,21:30:44,0,9.5063,17.767
6/9/2016,21:45:44,0,9.5072,17.346
6/9/2016,22:00:44,0,9.5072,17.075
6/9/2016,22:15:44,0,9.5073,16.688
6/9/2016,22:30:44,0,9.5073,16.488
6/9/2016,22:45:44,0,9.5071,16.148
6/9/2016,23:00:44,0,9.5066,15.883
6/9/2016,23:15:44,0,9.5066,15.832
6/9/2016,23:30:44,0,9.5063,15.755
6/9/2016,23:45:44,0,9.5065,15.004
6/10/2016,0:00:44,0,9.5054,15.055
6/10/2016,0:15:44,0,9.5053,14.725
6/10/2016,0:30:44,0,9.5055,14.488
6/10/2016,0:45:44,0,9.5054,14.53
6/10/2016,1:00:44,0,9.5044,14.47
6/10/2016,1:15:44,0,9.5049,14.21
6/10/2016,1:30:44,0,9.5048,13.768
6/10/2016,1:45:44,0,9.5037,13.562
6/10/2016,2:00:44,0,9.5027,13.559
6/10/2016,2:15:44,0,9.5035,13.176
6/10/2016,2:30:44,0,9.5027,12.892
6/10/2016,2:45:44,0,9.503,12.659
6/10/2016,3:00:44,0,9.5029,12.657
6/10/2016,3:15:44,0,9.504,12.543
6/10/2016,3:30:44,0,9.5046,12.499
6/10/2016,3:45:44,0,9.5043,12.43
6/10/2016,4:00:44,0,9.5059,12.232
6/10/2016,4:15:44,0,9.5073,11.969
6/10/2016,4:30:44,0,9.5074,11.953
6/10/2016,4:45:44,0,9.5086,12.057
6/10/2016,5:00:44,0,9.5099,11.907
6/10/2016,5:15:44,0,9.5101,11.72
6/10/2016,5:30:44,0,9.5113,11.735
6/10/2016,5:45:44,0,9.5115,11.592
6/10/2016,6:00:44,0,9.5114,11.643
6/10/2016,6:15:44,0,9.5098,11.941
6/10/2016,6:30:44,0,9.5114,12.254
6/10/2016,6:45:44,0,9.5127,12.57
6/10/2016,7:00:44,0,9.5135,12.793
6/10/2016,7:15:44,0,9.5137,13.164
6/10/2016,7:30:44,0,9.5129,14.062
6/10/2016,7:45:44,0,9.5117,15.326
6/10/2016,8:00:44,0,9.5108,16.532
6/10/2016,8:15:44,0,9.5116,18.075
6/10/2016,8:30:44,0,9.5109,18.4
6/10/2016,8:45:44,0,9.5092,19.852
6/10/2016,9:00:44,0,9.5101,21.183
6/10/2016,9:15:44,0,9.5106,21.862
6/10/2016,9:30:44,0,9.511,22.607
6/10/2016,9:45:44,0,9.5101,22.591
6/10/2016,10:00:44,0,9.5125,23.445
6/10/2016,10:15:44,0,9.515,22.728
6/10/2016,10:30:44,0,9.5187,22.366
6/10/2016,10:45:44,0,9.5217,21.924
6/10/2016,11:00:44,0,9.5239,21.662
6/10/2016,11:15:44,0,9.5243,21.571
6/10/2016,11:30:44,0,9.5258,20.956
6/10/2016,11:45:44,0,9.5259,20.626
6/10/2016,12:00:44,0,9.5265,20.683
6/10/2016,12:15:44,0,9.5262,21.092
6/10/2016,12:30:44,0,9.5265,21.023
6/10/2016,12:45:44,0,9.5266,20.709
6/10/2016,13:00:44,0,9.5266,20.829
6/10/2016,13:15:44,0,9.526,20.904
6/10/2016,13:30:44,0,9.5259,21.527
6/10/2016,13:45:44,0,9.5259,21.705
6/10/2016,14:00:44,0,9.5256,22.214
6/10/2016,14:15:44,0,9.5249,21.936
6/10/2016,14:30:44,0,9.5233,22.081
6/10/2016,14:45:44,0,9.5225,22.382
6/10/2016,15:00:44,0,9.5223,22.613
6/10/2016,15:15:44,0,9.5198,22.787
6/10/2016,15:30:44,0,9.5195,23.079
6/10/2016,15:45:44,0,9.518,22.955
6/10/2016,16:00:44,0,9.5173,22.971
6/10/2016,16:15:44,0,9.5156,22.877
6/10/2016,16:30:44,0,9.517,22.798
6/10/2016,16:45:44,0,9.5189,22.226
6/10/2016,17:00:44,0,9.516,22.117
6/10/2016,17:15:44,0,9.5157,21.812
6/10/2016,17:30:44,0,9.5162,21.659
6/10/2016,17:45:44,0,9.5172,21.264
6/10/2016,18:00:44,0,9.5168,20.84
6/10/2016,18:15:44,0,9.5162,20.653
6/10/2016,18:30:44,0,9.5159,20.442
6/10/2016,18:45:44,0,9.5157,20.202
6/10/2016,19:00:44,0,9.5167,19.871
6/10/2016,19:15:44,0,9.517,19.4
6/10/2016,19:30:44,0,9.5165,18.832
6/10/2016,19:45:44,0,9.5173,18.364
6/10/2016,20:00:44,0,9.5181,17.836
6/10/2016,20:15:44,0,9.5202,17.242
6/10/2016,20:30:44,0,9.521,16.905
6/10/2016,20:45:44,0,9.522,16.487
6/10/2016,21:00:44,0,9.5228,16.198
6/10/2016,21:15:44,0,9.5244,15.861
6/10/2016,21:30:44,0,9.5242,15.637
6/10/2016,21:45:44,0,9.5245,15.236
6/10/2016,22:00:44,0,9.5244,14.9
6/10/2016,22:15:44,0,9.5247,14.752
6/10/2016,22:30:44,0,9.526,14.466
6/10/2016,22:45:44,0,9.5264,13.992
6/10/2016,23:00:44,0,9.5272,13.65
6/10/2016,23:15:44,0,9.5262,13.504
6/10/2016,23:30:44,0,9.525,13.298
6/10/2016,23:45:44,0,9.5244,13.154
6/11/2016,0:00:44,0,9.5243,13.019
6/11/2016,0:15:44,0,9.5242,12.779
6/11/2016,0:30:44,0,9.5245,12.559
6/11/2016,0:45:44,0,9.5236,12.255
6/11/2016,1:00:44,0,9.5244,12.19
6/11/2016,1:15:44,0,9.5239,12.001
6/11/2016,1:30:44,0,9.5234,11.855
6/11/2016,1:45:44,0,9.5231,11.842
6/11/2016,2:00:44,0,9.5223,11.65
6/11/2016,2:15:44,0,9.5217,11.435
6/11/2016,2:30:44,0,9.5204,11.194
6/11/2016,2:45:44,0,9.521,10.951
6/11/2016,3:00:44,0,9.5198,10.753
6/11/2016,3:15:44,0,9.5188,10.64
6/11/2016,3:30:44,0,9.5198,10.683
6/11/2016,3:45:44,0,9.5199,10.71
6/11/2016,4:00:44,0,9.5195,10.381
6/11/2016,4:15:44,0,9.5189,10.209
6/11/2016,4:30:44,0,9.5186,10.29
6/11/2016,4:45:44,0,9.5206,10.275
6/11/2016,5:00:44,0,9.5214,10.107
6/11/2016,5:15:44,0,9.5206,10.033
6/11/2016,5:30:44,0,9.5217,9.829
6/11/2016,5:45:44,0,9.5208,9.727
6/11/2016,6:00:44,0,9.5207,10.042
6/11/2016,6:15:44,0,9.52,10.24
6/11/2016,6:30:44,0,9.5192,10.354
6/11/2016,6:45:44,0,9.5181,10.672
6/11/2016,7:00:44,0,9.5161,11.058
6/11/2016,7:15:44,0,9.5153,11.529
6/11/2016,7:30:44,0,9.514,12.332
6/11/2016,7:45:44,0,9.5133,13.059
6/11/2016,8:00:44,0,9.512,14.251
6/11/2016,8:15:44,0,9.5108,16.728
6/11/2016,8:30:44,0,9.512,18.154
6/11/2016,8:45:44,0,9.5103,19.896
6/11/2016,9:00:44,0,9.5103,20.978
6/11/2016,9:15:44,0,9.5102,21.782
6/11/2016,9:30:44,0,9.5097,23.614
6/11/2016,9:45:44,0,9.5107,24.615
6/11/2016,10:00:44,0,9.5093,24.692
6/11/2016,10:15:44,0,9.5096,24.72
6/11/2016,10:30:44,0,9.5106,24.356
6/11/2016,10:45:44,0,9.5099,24.329
6/11/2016,11:00:44,0,9.5098,24.262
6/11/2016,11:15:44,0,9.5092,24.379
6/11/2016,11:30:44,0,9.5101,24.102
6/11/2016,11:45:44,0,9.5107,23.82
6/11/2016,12:00:44,0,9.5102,24.123
6/11/2016,12:15:44,0,9.5098,24.401
6/11/2016,12:30:44,0,9.5092,24.645
6/11/2016,12:45:44,0,9.5066,25.235
6/11/2016,13:00:44,0,9.5063,25.992
6/11/2016,13:15:44,0,9.5062,27.088
6/11/2016,13:30:44,0,9.5069,27.208
6/11/2016,13:45:44,0,9.5065,27.286
6/11/2016,14:00:44,0,9.5047,27.825
6/11/2016,14:15:44,0,9.5047,27.113
6/11/2016,14:30:44,0,9.5033,26.587
6/11/2016,14:45:44,0,9.5033,26.797
6/11/2016,15:00:44,0,9.5039,26.5
6/11/2016,15:15:44,0,9.5031,26.145
6/11/2016,15:30:44,0,9.5023,26.083
6/11/2016,15:45:44,0,9.5024,26.065
6/11/2016,16:00:44,0,9.5035,25.937
6/11/2016,16:15:44,0,9.5033,25.465
6/11/2016,16:30:44,0,9.5021,25.338
6/11/2016,16:45:44,0,9.5008,25.05
6/11/2016,17:00:44,0,9.5003,24.41
6/11/2016,17:15:44,0,9.5002,23.898
6/11/2016,17:30:44,0,9.5015,23.437
6/11/2016,17:45:44,0,9.5012,23.089
6/11/2016,18:00:44,0,9.5017,22.735
6/11/2016,18:15:44,0,9.5026,22.368
6/11/2016,18:30:44,0,9.5029,22.148
6/11/2016,18:45:44,0,9.5044,21.923
6/11/2016,19:00:44,0,9.5053,21.693
6/11/2016,19:15:44,0,9.5046,21.453
6/11/2016,19:30:44,0,9.5062,20.747
6/11/2016,19:45:44,0,9.5079,20.54
6/11/2016,20:00:44,0,9.5102,20.124
6/11/2016,20:15:44,0,9.5117,19.735
6/11/2016,20:30:44,0,9.5139,19.118
6/11/2016,20:45:44,0,9.5143,18.877
6/11/2016,21:00:44,0,9.5153,18.479
6/11/2016,21:15:44,0,9.5154,18.221
6/11/2016,21:30:44,0,9.5139,17.878
6/11/2016,21:45:44,0,9.5135,17.567
6/11/2016,22:00:44,0,9.5134,17.113
6/11/2016,22:15:44,0,9.5122,16.914
6/11/2016,22:30:44,0,9.5117,16.699
6/11/2016,22:45:44,0,9.5124,16.394
6/11/2016,23:00:44,0,9.5126,16.243
6/11/2016,23:15:44,0,9.5133,15.807
6/11/2016,23:30:44,0,9.5126,15.627
6/11/2016,23:45:44,0,9.5129,15.547
6/12/2016,0:00:44,0,9.5131,14.894
6/12/2016,0:15:44,0,9.51,14.766
6/12/2016,0:30:44,0,9.5091,14.769
6/12/2016,0:45:44,0,9.5085,14.427
6/12/2016,1:00:44,0,9.5083,14.392
6/12/2016,1:15:44,0,9.508,14.051
6/12/2016,1:30:44,0,9.5055,14.052
6/12/2016,1:45:44,0,9.5054,13.999
6/12/2016,2:00:44,0,9.5062,13.513
6/12/2016,2:15:44,0,9.5066,13.496
6/12/2016,2:30:44,0,9.5069,13.419
6/12/2016,2:45:44,0,9.5083,13.109
6/12/2016,3:00:44,0,9.509,13.043
6/12/2016,3:15:44,0,9.5107,12.861
6/12/2016,3:30:44,0,9.5124,12.611
6/12/2016,3:45:44,0,9.5144,12.519
6/12/2016,4:00:44,0,9.5161,12.323
6/12/2016,4:15:44,0,9.5172,12.221
6/12/2016,4:30:44,0,9.5184,11.926
6/12/2016,4:45:44,0,9.5198,11.77
6/12/2016,5:00:44,0,9.5213,11.6
6/12/2016,5:15:44,0,9.5212,11.54
6/12/2016,5:30:44,0,9.522,11.695
6/12/2016,5:45:44,0,9.5238,11.806
6/12/2016,6:00:44,0,9.5254,11.737
6/12/2016,6:15:44,0,9.5276,11.648
6/12/2016,6:30:44,0,9.5284,11.53
6/12/2016,6:45:44,0,9.5283,12.072
6/12/2016,7:00:44,0,9.5299,12.598
6/12/2016,7:15:44,0,9.5312,12.839
6/12/2016,7:30:44,0,9.5317,13.303
6/12/2016,7:45:44,0,9.5323,13.82
6/12/2016,8:00:44,0,9.5316,14.894
6/12/2016,8:15:44,0,9.5294,17.177
6/12/2016,8:30:44,0,9.5294,18.611
6/12/2016,8:45:44,0,9.5277,19.94
6/12/2016,9:00:44,0,9.5272,21.106
6/12/2016,9:15:44,0,9.5267,21.785
6/12/2016,9:30:44,0,9.5255,22.981
6/12/2016,9:45:44,0,9.5255,24.113
6/12/2016,10:00:44,0,9.5248,25.265
6/12/2016,10:15:44,0,9.5258,25.198
6/12/2016,10:30:44,0,9.5249,26.244
6/12/2016,10:45:44,0,9.5249,26.421
6/12/2016,11:00:44,0,9.5246,26.562
6/12/2016,11:15:44,0,9.5249,26.946
6/12/2016,11:30:44,0,9.5252,27.539
6/12/2016,11:45:44,0,9.5245,27.686
6/12/2016,12:00:44,0,9.525,27.593
6/12/2016,12:15:44,0,9.5241,27.431
6/12/2016,12:30:44,0,9.5236,27.814
6/12/2016,12:45:44,0,9.5237,27.99
6/12/2016,13:00:44,0,9.5243,28.413
6/12/2016,13:15:44,0,9.5269,29.341
6/12/2016,13:30:44,0,9.5284,28.959
6/12/2016,13:45:44,0,9.5317,28.347
6/12/2016,14:00:44,0,9.5314,27.405
6/12/2016,14:15:44,0,9.5339,26.825
6/12/2016,14:30:44,0,9.5349,26.12
6/12/2016,14:45:44,0,9.5401,25.331
6/12/2016,15:00:44,0,9.5404,23.956
6/12/2016,15:15:44,0,9.5376,24.251
6/12/2016,15:30:44,0,9.5402,23.325
6/12/2016,15:45:44,0,9.54,22.661
6/12/2016,16:00:44,0,9.5413,22.141
6/12/2016,16:15:44,0,9.5422,21.796
6/12/2016,16:30:44,0,9.5426,21.754
6/12/2016,16:45:44,0,9.5445,21.598
6/12/2016,17:00:44,0,9.5431,21.514
6/12/2016,17:15:44,0,9.5428,21.857
6/12/2016,17:30:44,0,9.5419,22.156
6/12/2016,17:45:44,0,9.5429,22.375
6/12/2016,18:00:44,0,9.5429,22.375
6/12/2016,18:15:44,0,9.5439,22.091
6/12/2016,18:30:44,0,9.5444,21.861
6/12/2016,18:45:44,0,9.5462,21.449
6/12/2016,19:00:44,0,9.5475,21.152
6/12/2016,19:15:44,0,9.5491,20.918
6/12/2016,19:30:44,0,9.55,20.415
6/12/2016,19:45:44,0,9.5511,20.054
6/12/2016,20:00:44,0,9.5532,19.645
6/12/2016,20:15:44,0,9.5547,19.268
6/12/2016,20:30:44,0,9.5559,18.851
6/12/2016,20:45:44,0,9.5572,18.506
6/12/2016,21:00:44,0,9.5581,18.268
6/12/2016,21:15:44,0,9.5594,18.081
6/12/2016,21:30:44,0,9.5603,17.447
6/12/2016,21:45:44,0,9.5611,17.279
6/12/2016,22:00:44,0,9.5615,17.157
6/12/2016,22:15:44,0,9.5624,16.9
6/12/2016,22:30:44,0,9.5625,16.44
6/12/2016,22:45:44,0,9.5617,16.391
6/12/2016,23:00:44,0,9.5616,16.266
6/12/2016,23:15:44,0,9.5604,15.951
6/12/2016,23:30:44,0,9.5608,15.829
6/12/2016,23:45:44,0,9.5595,15.551
6/13/2016,0:00:44,0,9.5583,15.379
6/13/2016,0:15:44,0,9.5574,15.277
6/13/2016,0:30:44,0,9.5579,15.18
6/13/2016,0:45:44,0,9.5563,15.028
6/13/2016,1:00:44,0,9.5566,14.578
6/13/2016,1:15:44,0,9.555,14.483
6/13/2016,1:30:44,0,9.5549,14.416
6/13/2016,1:45:44,0,9.5551,14.381
6/13/2016,2:00:44,0,9.5551,14.157
6/13/2016,2:15:44,0,9.5544,13.935
6/13/2016,2:30:44,0,9.5539,13.855
6/13/2016,2:45:44,0,9.5539,13.67
6/13/2016,3:00:44,0,9.552,13.408
6/13/2016,3:15:44,0,9.5525,13.393
6/13/2016,3:30:44,0,9.5517,13.248
6/13/2016,3:45:44,0,9.5524,13.095
6/13/2016,4:00:44,0,9.5502,13.109
6/13/2016,4:15:44,0,9.5515,13.716
6/13/2016,4:30:44,0,9.5512,14.464
6/13/2016,4:45:44,0,9.5525,14.248
6/13/2016,5:00:44,0,9.5544,14.396
6/13/2016,5:15:44,0,9.5549,14.137
6/13/2016,5:30:44,0,9.5566,14.092
6/13/2016,5:45:44,0,9.5559,13.868
6/13/2016,6:00:44,0,9.5544,14.521
6/13/2016,6:15:44,0,9.5556,14.706
6/13/2016,6:30:44,0,9.5542,15.323
6/13/2016,6:45:44,0,9.553,15.951
6/13/2016,7:00:44,0,9.5527,16.16
6/13/2016,7:15:44,0,9.5514,16.284
6/13/2016,7:30:44,0,9.5511,16.923
6/13/2016,7:45:44,0,9.5506,17.216
6/13/2016,8:00:44,0,9.5473,17.645
6/13/2016,8:15:44,0,9.5458,19.247
6/13/2016,8:30:44,0,9.5446,20.414
6/13/2016,8:45:44,0,9.542,22.013
6/13/2016,9:00:44,0,9.5406,23.038
6/13/2016,9:15:44,0,9.5405,23.553
6/13/2016,9:30:44,0,9.5391,24.697
6/13/2016,9:45:44,0,9.5394,25.701
6/13/2016,10:00:44,0,9.539,26.149
6/13/2016,10:15:44,0,9.5373,25.868
6/13/2016,10:30:44,0,9.5375,26.54
6/13/2016,10:45:44,0,9.5367,26.001
6/13/2016,11:00:44,0,9.5369,25.802
6/13/2016,11:15:44,0,9.537,26.063
6/13/2016,11:30:44,0,9.5369,26.199
6/13/2016,11:45:44,0,9.536,25.931
6/13/2016,12:00:44,0,9.5364,25.91
6/13/2016,12:15:44,0,9.536,26.2
6/13/2016,12:30:44,0,9.5357,26.2
6/13/2016,12:45:44,0,9.536,26.325
6/13/2016,13:00:44,0,9.5351,26.372
6/13/2016,13:15:44,0,9.536,27.017
6/13/2016,13:30:44,0,9.5348,27.222
6/13/2016,13:45:44,0,9.5329,27.782
6/13/2016,14:00:44,0,9.5335,27.525
6/13/2016,14:15:44,0,9.5335,26.812
6/13/2016,14:30:44,0,9.5325,26.272
6/13/2016,14:45:44,0,9.5303,25.801
6/13/2016,15:00:44,0,9.529,25.875
6/13/2016,15:15:44,0,9.5282,25.905
6/13/2016,15:30:44,0,9.5269,25.555
6/13/2016,15:45:44,0,9.5283,25.358
6/13/2016,16:00:44,0,9.5264,25.048
6/13/2016,16:15:44,0,9.5253,24.764
6/13/2016,16:30:44,0,9.5237,24.451
6/13/2016,16:45:44,0,9.5223,24.202
6/13/2016,17:00:44,0,9.5218,24.085
6/13/2016,17:15:44,0,9.522,23.525
6/13/2016,17:30:44,0,9.5223,23.523
6/13/2016,17:45:44,0,9.5235,23.282
6/13/2016,18:00:44,0,9.5223,23.086
6/13/2016,18:15:44,0,9.5229,22.892
6/13/2016,18:30:44,0,9.5226,22.684
6/13/2016,18:45:44,0,9.5214,22.39
6/13/2016,19:00:44,0,9.5227,21.971
6/13/2016,19:15:44,0,9.5219,21.233
6/13/2016,19:30:44,0,9.5223,20.593
6/13/2016,19:45:44,0,9.523,19.913
6/13/2016,20:00:44,0,9.5236,19.29
6/13/2016,20:15:44,0,9.5242,19.034
6/13/2016,20:30:44,0,9.5256,18.45
6/13/2016,20:45:44,0,9.5258,17.945
6/13/2016,21:00:44,0,9.5251,17.309
6/13/2016,21:15:44,0,9.5257,17.329
6/13/2016,21:30:44,0,9.526,16.822
6/13/2016,21:45:44,0,9.5251,16.659
6/13/2016,22:00:44,0,9.5245,15.999
6/13/2016,22:15:44,0,9.5226,15.996
6/13/2016,22:30:44,0,9.5218,15.853
6/13/2016,22:45:44,0,9.5223,15.145
6/13/2016,23:00:44,0,9.5221,15.136
6/13/2016,23:15:44,0,9.5197,15.058
6/13/2016,23:30:44,0,9.5197,14.896
6/13/2016,23:45:44,0,9.5193,14.166
6/14/2016,0:00:44,0,9.5182,14.285
6/14/2016,0:15:44,0,9.5178,13.753
6/14/2016,0:30:44,0,9.5162,13.842
6/14/2016,0:45:44,0,9.5158,13.793
6/14/2016,1:00:44,0,9.5161,13.579
6/14/2016,1:15:44,0,9.516,13.426
6/14/2016,1:30:44,0,9.5163,13.129
6/14/2016,1:45:44,0,9.5165,12.947
6/14/2016,2:00:44,0,9.517,12.659
6/14/2016,2:15:44,0,9.5171,12.142
6/14/2016,2:30:44,0,9.5168,12.273
6/14/2016,2:45:44,0,9.5166,12.418
6/14/2016,3:00:44,0,9.5175,12.045
6/14/2016,3:15:44,0,9.5181,11.805
6/14/2016,3:30:44,0,9.5195,11.904
6/14/2016,3:45:44,0,9.5198,11.356
6/14/2016,4:00:44,0,9.5196,11.301
6/14/2016,4:15:44,0,9.5186,10.929
6/14/2016,4:30:44,0,9.5204,11.198
6/14/2016,4:45:44,0,9.5209,10.872
6/14/2016,5:00:44,0,9.5221,11.004
6/14/2016,5:15:44,0,9.5234,10.45
6/14/2016,5:30:44,0,9.5232,10.67
6/14/2016,5:45:44,0,9.524,10.734
6/14/2016,6:00:44,0,9.5229,10.837
6/14/2016,6:15:44,0,9.5231,11.191
6/14/2016,6:30:44,0,9.5234,11.691
6/14/2016,6:45:44,0,9.5233,11.912
6/14/2016,7:00:44,0,9.5226,12.091
6/14/2016,7:15:44,0,9.5214,12.252
6/14/2016,7:30:44,0,9.5214,12.895
6/14/2016,7:45:44,0,9.5208,13.389
6/14/2016,8:00:44,0,9.5187,14.388
6/14/2016,8:15:44,0,9.516,16.64
6/14/2016,8:30:44,0,9.5153,17.241
6/14/2016,8:45:44,0,9.5149,17.972
6/14/2016,9:00:44,0,9.515,18.704
6/14/2016,9:15:44,0,9.5161,18.78
6/14/2016,9:30:44,0,9.5166,20.127
6/14/2016,9:45:44,0,9.5177,19.856
6/14/2016,10:00:44,0,9.5174,20.214
6/14/2016,10:15:44,0,9.5193,19.789
6/14/2016,10:30:44,0,9.521,19.712
6/14/2016,10:45:44,0,9.5195,19.466
6/14/2016,11:00:44,0,9.5184,19.469
6/14/2016,11:15:44,0,9.5178,19.748
6/14/2016,11:30:44,0,9.5175,20.089
6/14/2016,11:45:44,0,9.5172,19.911
6/14/2016,12:00:44,0,9.5169,20.377
6/14/2016,12:15:44,0,9.5169,20.064
6/14/2016,12:30:44,0,9.5152,20.225
6/14/2016,12:45:44,0,9.5151,20.366
6/14/2016,13:00:44,0,9.5146,20.378
6/14/2016,13:15:44,0,9.5137,20.9
6/14/2016,13:30:44,0,9.5148,20.885
6/14/2016,13:45:44,0,9.5137,21.442
6/14/2016,14:00:44,0,9.5126,21.513
6/14/2016,14:15:44,0,9.5097,20.639
6/14/2016,14:30:44,0,9.507,20.786
6/14/2016,14:45:44,0,9.5078,20.863
6/14/2016,15:00:44,0,9.5053,20.639
6/14/2016,15:15:44,0,9.5046,20.467
6/14/2016,15:30:44,0,9.5034,20.497
6/14/2016,15:45:44,0,9.5027,20.227
6/14/2016,16:00:44,0,9.5014,20.425
6/14/2016,16:15:44,0,9.502,20.215
6/14/2016,16:30:44,0,9.4992,20.009
6/14/2016,16:45:44,0,9.4988,20.107
6/14/2016,17:00:44,0,9.4985,19.977
6/14/2016,17:15:44,0,9.4986,19.944
6/14/2016,17:30:44,0,9.499,19.685
6/14/2016,17:45:44,0,9.5,19.414
6/14/2016,18:00:44,0,9.4999,19.079
6/14/2016,18:15:44,0,9.5013,18.703
6/14/2016,18:30:44,0,9.5029,18.23
6/14/2016,18:45:44,0,9.5021,17.931
6/14/2016,19:00:44,0,9.5026,17.507
6/14/2016,19:15:44,0,9.5026,16.994
6/14/2016,19:30:44,0,9.5026,16.653
6/14/2016,19:45:44,0,9.5041,16.099
6/14/2016,20:00:44,0,9.5037,15.572
6/14/2016,20:15:44,0,9.5049,14.668
6/14/2016,20:30:44,0,9.5039,14.699
6/14/2016,20:45:44,0,9.5048,14.143
6/14/2016,21:00:44,0,9.5038,13.647
6/14/2016,21:15:44,0,9.5035,13.655
6/14/2016,21:30:44,0,9.5055,13.716
6/14/2016,21:45:44,0,9.5041,12.715
6/14/2016,22:00:44,0,9.504,12.961
6/14/2016,22:15:44,0,9.5031,12.529
6/14/2016,22:30:44,0,9.5014,12.326
6/14/2016,22:45:44,0,9.5008,12.241
6/14/2016,23:00:44,0,9.5013,12.143
6/14/2016,23:15:44,0,9.4998,11.76
6/14/2016,23:30:44,0,9.4979,11.497
6/14/2016,23:45:44,0,9.4962,11.347
6/15/2016,0:00:44,0,9.4967,11.332
6/15/2016,0:15:44,0,9.4985,11.145
6/15/2016,0:30:44,0,9.4968,10.411
6/15/2016,0:45:44,0,9.4954,10.366
6/15/2016,1:00:44,0,9.4973,10.618
6/15/2016,1:15:44,0,9.497,10.247
6/15/2016,1:30:44,0,9.4967,9.957
6/15/2016,1:45:44,0,9.4947,9.702
6/15/2016,2:00:44,0,9.4936,9.769
6/15/2016,2:15:44,0,9.4924,9.573
6/15/2016,2:30:44,0,9.4925,9.442
6/15/2016,2:45:44,0,9.4927,9.442
6/15/2016,3:00:44,0,9.4925,9.225
6/15/2016,3:15:44,0,9.4904,8.996
6/15/2016,3:30:44,0,9.4885,9.124
6/15/2016,3:45:44,0,9.4877,9.062
6/15/2016,4:00:44,0,9.4886,9.016
6/15/2016,4:15:44,0,9.4872,8.768
6/15/2016,4:30:44,0,9.4876,8.848
6/15/2016,4:45:44,0,9.4867,8.737
6/15/2016,5:00:44,0,9.4873,8.989
6/15/2016,5:15:44,0,9.4891,9.126
6/15/2016,5:30:44,0,9.4903,9.014
6/15/2016,5:45:44,0,9.493,9.202
6/15/2016,6:00:44,0,9.4907,8.851
6/15/2016,6:15:44,0,9.4906,9.281
6/15/2016,6:30:44,0,9.4899,9.429
6/15/2016,6:45:44,0,9.4914,9.52
6/15/2016,7:00:44,0,9.4902,9.829
6/15/2016,7:15:44,0,9.4898,10.108
6/15/2016,7:30:44,0,9.4892,10.607
6/15/2016,7:45:44,0,9.4898,11.196
6/15/2016,8:00:44,0,9.4914,11.547
6/15/2016,8:15:44,0,9.4932,11.89
6/15/2016,8:30:44,0,9.4928,12.598
6/15/2016,8:45:44,0,9.494,13.129
6/15/2016,9:00:44,0,9.4962,13.14
6/15/2016,9:15:44,0,9.4982,13.37
6/15/2016,9:30:44,0,9.4989,13.555
6/15/2016,9:45:44,0,9.4979,13.972
6/15/2016,10:00:44,0,9.499,14.88
6/15/2016,10:15:44,0,9.5032,15.076
6/15/2016,10:30:44,0,9.5057,14.681
6/15/2016,10:45:44,0,9.5054,14.36
6/15/2016,11:00:44,0,9.5067,14.271
6/15/2016,11:15:44,0,9.5084,14.049
6/15/2016,11:30:44,0,9.5095,14.348
6/15/2016,11:45:44,0,9.5129,14.542
6/15/2016,12:00:44,0,9.5138,14.693
6/15/2016,12:15:44,0,9.5158,14.711
6/15/2016,12:30:44,0,9.5127,14.337
6/15/2016,12:45:44,0,9.5149,15.544
6/15/2016,13:00:44,0,9.5167,15.721
6/15/2016,13:15:44,0,9.5167,16.083
6/15/2016,13:30:44,0,9.5191,16.11
6/15/2016,13:45:44,0,9.5202,15.884
6/15/2016,14:00:44,0,9.5209,15.233
6/15/2016,14:15:44,0,9.5232,16.12
6/15/2016,14:30:44,0,9.5268,16
6/15/2016,14:45:44,0,9.5303,15.627
6/15/2016,15:00:44,0,9.5286,15.898
6/15/2016,15:15:44,0,9.5297,15.548
6/15/2016,15:30:44,0,9.5297,15.086
6/15/2016,15:45:44,0,9.5269,14.908
6/15/2016,16:00:44,0,9.5279,14.466
6/15/2016,16:15:44,0,9.5264,14.455
6/15/2016,16:30:44,0,9.5246,14.519
6/15/2016,16:45:44,0,9.5258,14.477
6/15/2016,17:00:44,0,9.5259,14.02
6/15/2016,17:15:44,0,9.5265,14.447
6/15/2016,17:30:44,0,9.5261,14.73
6/15/2016,17:45:44,0,9.5286,14.48
6/15/2016,18:00:44,0,9.5293,14.402
6/15/2016,18:15:44,0,9.5289,14.31
6/15/2016,18:30:44,0,9.53,14.177
6/15/2016,18:45:44,0,9.5301,13.952
6/15/2016,19:00:44,0,9.5305,13.898
6/15/2016,19:15:44,0,9.5325,13.586
6/15/2016,19:30:44,0,9.5335,13.305
6/15/2016,19:45:44,0,9.5358,12.746
6/15/2016,20:00:44,0,9.5376,12.07
6/15/2016,20:15:44,0,9.5393,11.516
6/15/2016,20:30:44,0,9.5412,11.276
6/15/2016,20:45:44,0,9.5429,10.943
6/15/2016,21:00:44,0,9.5438,10.781
6/15/2016,21:15:44,0,9.5438,10.702
6/15/2016,21:30:44,0,9.5448,10.539
6/15/2016,21:45:44,0,9.5437,10.463
6/15/2016,22:00:44,0,9.544,9.949
6/15/2016,22:15:44,0,9.5443,9.464
6/15/2016,22:30:44,0,9.5446,9.695
6/15/2016,22:45:44,0,9.5447,9.19
6/15/2016,23:00:44,0,9.5449,9.448
6/15/2016,23:15:44,0,9.5458,9.624
6/15/2016,23:30:44,0,9.5448,9.675
6/15/2016,23:45:44,0,9.5444,9.748
6/16/2016,0:00:44,0,9.5443,9.707
6/16/2016,0:15:44,0,9.5444,9.4
6/16/2016,0:30:44,0,9.5443,9.43
6/16/2016,0:45:44,0,9.5444,9.176
6/16/2016,1:00:44,0,9.5428,9.242
6/16/2016,1:15:44,0,9.5427,9.364
6/16/2016,1:30:44,0,9.544,9.099
6/16/2016,1:45:44,0,9.545,9.216
6/16/2016,2:00:44,0,9.5462,8.957
6/16/2016,2:15:44,0,9.5458,8.798
6/16/2016,2:30:44,0,9.5423,8.792
6/16/2016,2:45:44,0,9.5446,8.695
6/16/2016,3:00:44,0,9.5483,8.592
6/16/2016,3:15:44,0,9.5502,8.528
6/16/2016,3:30:44,0,9.5509,8.155
6/16/2016,3:45:44,0,9.5509,8.368
6/16/2016,4:00:44,0,9.5489,7.938
6/16/2016,4:15:44,0,9.5491,8.213
6/16/2016,4:30:44,0,9.5488,8.291
6/16/2016,4:45:44,0,9.5501,8.214
6/16/2016,5:00:44,0,9.5514,8.268
6/16/2016,5:15:44,0,9.553,8.33
6/16/2016,5:30:44,0,9.5533,8.52
6/16/2016,5:45:44,0,9.5538,8.483
6/16/2016,6:00:44,0,9.5534,8.585
6/16/2016,6:15:44,0,9.5551,8.969
6/16/2016,6:30:44,0,9.555,9.379
6/16/2016,6:45:44,0,9.5561,9.712
6/16/2016,7:00:44,0,9.5576,9.637
6/16/2016,7:15:44,0,9.5577,9.52
6/16/2016,7:30:44,0,9.5562,9.682
6/16/2016,7:45:44,0,9.5557,10.23
6/16/2016,8:00:44,0,9.5543,10.922
6/16/2016,8:15:44,0,9.5522,13.336
6/16/2016,8:30:44,0,9.5523,14.263
6/16/2016,8:45:44,0,9.5517,15.121
6/16/2016,9:00:44,0,9.5532,15.494
6/16/2016,9:15:44,0,9.5524,15.208
6/16/2016,9:30:44,0,9.5541,16.1
6/16/2016,9:45:44,0,9.5525,16.976
6/16/2016,10:00:44,0,9.5532,17.615
6/16/2016,10:15:44,0,9.5554,17.034
6/16/2016,10:30:44,0,9.5551,17.276
6/16/2016,10:45:44,0,9.5554,17.694
6/16/2016,11:00:44,0,9.5562,18.084
6/16/2016,11:15:44,0,9.5556,17.921
6/16/2016,11:30:44,0,9.5551,18.158
6/16/2016,11:45:44,0,9.5529,18.393
6/16/2016,12:00:44,0,9.553,18.708
6/16/2016,12:15:44,0,9.5539,18.794
6/16/2016,12:30:44,0,9.5546,18.897
6/16/2016,12:45:44,0,9.5544,19.064
6/16/2016,13:00:44,0,9.5561,18.971
6/16/2016,13:15:44,0,9.5542,18.695
6/16/2016,13:30:44,0,9.5553,18.999
6/16/2016,13:45:44,0,9.555,19.017
6/16/2016,14:00:44,0,9.5529,19.866
6/16/2016,14:15:44,0,9.5531,19.012
6/16/2016,14:30:44,0,9.5533,19.201
6/16/2016,14:45:44,0,9.5523,18.969
6/16/2016,15:00:44,0,9.5521,19.195
6/16/2016,15:15:44,0,9.5517,19.108
6/16/2016,15:30:44,0,9.55,19.275
6/16/2016,15:45:44,0,9.5499,19.346
6/16/2016,16:00:44,0,9.5487,19.005
6/16/2016,16:15:44,0,9.5483,19.029
6/16/2016,16:30:44,0,9.5475,19.097
6/16/2016,16:45:44,0,9.5469,18.72
6/16/2016,17:00:44,0,9.5462,18.631
6/16/2016,17:15:44,0,9.546,18.671
6/16/2016,17:30:44,0,9.5466,18.267
6/16/2016,17:45:44,0,9.5464,18.208
6/16/2016,18:00:44,0,9.5468,17.934
6/16/2016,18:15:44,0,9.5467,17.593
6/16/2016,18:30:44,0,9.5471,17.045
6/16/2016,18:45:44,0,9.5487,16.748
6/16/2016,19:00:44,0,9.5494,16.169
6/16/2016,19:15:44,0,9.551,15.465
6/16/2016,19:30:44,0,9.551,15.214
6/16/2016,19:45:44,0,9.5512,14.731
6/16/2016,20:00:44,0,9.5527,14.201
6/16/2016,20:15:44,0,9.5549,13.504
6/16/2016,20:30:44,0,9.5549,13.298
6/16/2016,20:45:44,0,9.5559,13.173
6/16/2016,21:00:44,0,9.5573,13.074
6/16/2016,21:15:44,0,9.5579,12.422
6/16/2016,21:30:44,0,9.5586,12.353
6/16/2016,21:45:44,0,9.5583,12.116
6/16/2016,22:00:44,0,9.5589,11.825
6/16/2016,22:15:44,0,9.559,11.564
6/16/2016,22:30:44,0,9.56,11.248
6/16/2016,22:45:44,0,9.5598,11.284
6/16/2016,23:00:44,0,9.5589,11.067
6/16/2016,23:15:44,0,9.559,11.111
6/16/2016,23:30:44,0,9.5588,11.039
6/16/2016,23:45:44,0,9.5584,10.897
6/17/2016,0:00:44,0,9.5574,10.754
6/17/2016,0:15:44,0,9.5563,10.968
6/17/2016,0:30:44,0,9.5564,10.999
6/17/2016,0:45:44,0,9.5563,10.611
6/17/2016,1:00:44,0,9.5554,10.827
6/17/2016,1:15:44,0,9.5552,10.807
6/17/2016,1:30:44,0,9.5537,10.424
6/17/2016,1:45:44,0,9.5531,10.505
6/17/2016,2:00:44,0,9.5516,10.586
6/17/2016,2:15:44,0,9.5514,10.64
6/17/2016,2:30:44,0,9.5504,10.415
6/17/2016,2:45:44,0,9.5503,10.161
6/17/2016,3:00:44,0,9.5506,9.811
6/17/2016,3:15:44,0,9.5505,9.57
6/17/2016,3:30:44,0,9.549,9.419
6/17/2016,3:45:44,0,9.549,9.501
6/17/2016,4:00:44,0,9.5482,9.563
6/17/2016,4:15:44,0,9.5473,9.421
6/17/2016,4:30:44,0,9.5475,9.565
6/17/2016,4:45:44,0,9.5487,9.673
6/17/2016,5:00:44,0,9.5502,9.746
6/17/2016,5:15:44,0,9.5509,9.947
6/17/2016,5:30:44,0,9.5501,10.029
6/17/2016,5:45:44,0,9.5524,10.472
6/17/2016,6:00:44,0,9.5533,10.775
6/17/2016,6:15:44,0,9.5538,11.107
6/17/2016,6:30:44,0,9.5545,11.413
6/17/2016,6:45:44,0,9.5556,11.624
6/17/2016,7:00:44,0,9.5569,11.814
6/17/2016,7:15:44,0,9.5577,11.987
6/17/2016,7:30:44,0,9.5592,12.176
6/17/2016,7:45:44,0,9.5596,12.442
6/17/2016,8:00:44,0,9.5613,12.662
6/17/2016,8:15:44,0,9.5613,13
6/17/2016,8:30:44,0,9.5625,13.317
6/17/2016,8:45:44,0,9.5616,13.658
6/17/2016,9:00:44,0,9.5599,14.47
6/17/2016,9:15:44,0,9.5582,15.098
6/17/2016,9:30:44,0,9.5563,16.905
6/17/2016,9:45:44,0,9.5563,17.953
6/17/2016,10:00:44,0,9.5549,19.875
6/17/2016,10:15:44,0,9.5562,19.89
6/17/2016,10:30:44,0,9.5569,19.661
6/17/2016,10:45:44,0,9.5554,19.558
6/17/2016,11:00:44,0,9.5555,19.932
6/17/2016,11:15:44,0,9.5565,20.036
6/17/2016,11:30:44,0,9.5562,20.315
6/17/2016,11:45:44,0,9.5576,20.032
6/17/2016,12:00:44,0,9.5557,20.715
6/17/2016,12:15:44,0,9.5572,20.54
6/17/2016,12:30:44,0,9.5554,20.619
6/17/2016,12:45:44,0,9.5523,21.63
6/17/2016,13:00:44,0,9.5531,21.777
6/17/2016,13:15:44,0,9.5523,21.009
6/17/2016,13:30:44,0,9.5509,21.31
6/17/2016,13:45:44,0,9.5509,21.079
6/17/2016,14:00:44,0,9.5515,20.91
6/17/2016,14:15:44,0,9.5517,20.975
6/17/2016,14:30:44,0,9.5542,21.019
6/17/2016,14:45:44,0,9.5535,20.441
6/17/2016,15:00:44,0,9.5528,19.975
6/17/2016,15:15:44,0,9.5525,20.273
6/17/2016,15:30:44,0,9.5516,19.694
6/17/2016,15:45:44,0,9.5512,19.418
6/17/2016,16:00:44,0,9.551,19.098
6/17/2016,16:15:44,0,9.5504,19.093
6/17/2016,16:30:44,0,9.5503,19.129
6/17/2016,16:45:44,0,9.5504,19.119
6/17/2016,17:00:44,0,9.5479,18.943
6/17/2016,17:15:44,0,9.5471,18.983
6/17/2016,17:30:44,0,9.5469,18.861
6/17/2016,17:45:44,0,9.5489,18.67
6/17/2016,18:00:44,0,9.5501,18.605
6/17/2016,18:15:44,0,9.5518,18.478
6/17/2016,18:30:44,0,9.5523,18.314
6/17/2016,18:45:44,0,9.553,18.165
6/17/2016,19:00:44,0,9.5539,17.865
6/17/2016,19:15:44,0,9.5528,17.747
6/17/2016,19:30:44,0,9.5523,16.814
6/17/2016,19:45:44,0,9.5527,16.546
6/17/2016,20:00:44,0,9.5525,16.238
6/17/2016,20:15:44,0,9.5535,16.129
6/17/2016,20:30:44,0,9.5549,16.081
6/17/2016,20:45:44,0,9.5551,15.977
6/17/2016,21:00:44,0,9.5547,15.839
6/17/2016,21:15:44,0,9.5547,15.833
6/17/2016,21:30:44,0,9.5561,15.949
6/17/2016,21:45:44,0,9.5547,15.915
6/17/2016,22:00:44,0,9.5529,15.941
6/17/2016,22:15:44,0,9.5532,15.698
6/17/2016,22:30:44,0,9.5531,15.524
6/17/2016,22:45:44,0,9.5539,15.411
6/17/2016,23:00:44,0,9.555,15.41
6/17/2016,23:15:44,0,9.5547,15.233
6/17/2016,23:30:44,0,9.5545,15.298
6/17/2016,23:45:44,0,9.5552,15.332
6/18/2016,0:00:44,0,9.5544,14.946
6/18/2016,0:15:44,0,9.554,14.769
6/18/2016,0:30:44,0,9.5537,14.791
6/18/2016,0:45:44,0,9.5537,14.923
6/18/2016,1:00:44,0,9.555,14.874
6/18/2016,1:15:44,0,9.5549,14.757
6/18/2016,1:30:44,0,9.5556,14.328
6/18/2016,1:45:44,0,9.5571,14.179
6/18/2016,2:00:44,0,9.5552,14.258
6/18/2016,2:15:44,0,9.5567,14.19
6/18/2016,2:30:44,0,9.5567,14.218
6/18/2016,2:45:44,0,9.5557,14.194
6/18/2016,3:00:44,0,9.5574,14.202
6/18/2016,3:15:44,0,9.558,14.137
6/18/2016,3:30:44,0,9.5607,14.259
6/18/2016,3:45:44,0,9.5627,14.053
6/18/2016,4:00:44,0,9.5648,13.976
6/18/2016,4:15:44,0,9.5685,13.984
6/18/2016,4:30:44,0,9.5706,13.887
6/18/2016,4:45:44,0,9.5745,13.835
6/18/2016,5:00:44,0,9.574,13.662
6/18/2016,5:15:44,0,9.5769,13.62
6/18/2016,5:30:44,0,9.5789,13.521
6/18/2016,5:45:44,0,9.5816,13.486
6/18/2016,6:00:44,0,9.5831,13.346
6/18/2016,6:15:44,0,9.5857,13.478
6/18/2016,6:30:44,0,9.5877,13.59
6/18/2016,6:45:44,0,9.5898,13.182
6/18/2016,7:00:44,0,9.5905,13.416
6/18/2016,7:15:44,0,9.5924,13.042
6/18/2016,7:30:44,0,9.5946,12.95
6/18/2016,7:45:44,0,9.5962,12.788
6/18/2016,8:00:44,0,9.5965,13.196
6/18/2016,8:15:44,0,9.5967,13.387
6/18/2016,8:30:44,0,9.5978,13.703
6/18/2016,8:45:44,0,9.5971,14.306
6/18/2016,9:00:44,0,9.5971,14.495
6/18/2016,9:15:44,0,9.5972,14.821
6/18/2016,9:30:44,0,9.597,15.858
6/18/2016,9:45:44,0,9.5969,16.816
6/18/2016,10:00:44,0,9.5973,17.307
6/18/2016,10:15:44,0,9.5965,16.845
6/18/2016,10:30:44,0,9.5956,17.405
6/18/2016,10:45:44,0,9.5939,17.56
6/18/2016,11:00:44,0,9.594,17.998
6/18/2016,11:15:44,0,9.5933,18.319
6/18/2016,11:30:44,0,9.5928,18.512
6/18/2016,11:45:44,0,9.5908,19.033
6/18/2016,12:00:44,0,9.5897,19.304
6/18/2016,12:15:44,0,9.5889,19.965
6/18/2016,12:30:44,0,9.5889,19.788
6/18/2016,12:45:44,0,9.5865,20.279
6/18/2016,13:00:44,0,9.5856,21.285
6/18/2016,13:15:44,0,9.5853,21.862
6/18/2016,13:30:44,0,9.5847,22.847
6/18/2016,13:45:44,0,9.5858,23.008
6/18/2016,14:00:44,0,9.5854,22.528
6/18/2016,14:15:44,0,9.583,22.087
6/18/2016,14:30:44,0,9.5822,21.746
6/18/2016,14:45:44,0,9.5815,21.719
6/18/2016,15:00:44,0,9.5808,21.686
6/18/2016,15:15:44,0,9.579,21.602
6/18/2016,15:30:44,0,9.5789,21.54
6/18/2016,15:45:44,0,9.579,21.733
6/18/2016,16:00:44,0,9.5784,21.822
6/18/2016,16:15:44,0,9.5794,21.59
6/18/2016,16:30:44,0,9.5784,21.339
6/18/2016,16:45:44,0,9.5782,21.287
6/18/2016,17:00:44,0,9.5777,20.962
6/18/2016,17:15:44,0,9.5776,20.673
6/18/2016,17:30:44,0,9.5769,20.378
6/18/2016,17:45:44,0,9.5763,19.84
6/18/2016,18:00:44,0,9.5765,19.503
6/18/2016,18:15:44,0,9.5761,19.207
6/18/2016,18:30:44,0,9.5767,18.966
6/18/2016,18:45:44,0,9.5774,18.812
6/18/2016,19:00:44,0,9.578,18.595
6/18/2016,19:15:44,0,9.5791,18.283
6/18/2016,19:30:44,0,9.5792,17.868
6/18/2016,19:45:44,0,9.579,17.618
6/18/2016,20:00:44,0,9.5796,17.256
6/18/2016,20:15:44,0,9.5818,16.927
6/18/2016,20:30:44,0,9.5833,16.64
6/18/2016,20:45:44,0,9.5843,16.377
6/18/2016,21:00:44,0,9.5849,16.189
6/18/2016,21:15:44,0,9.5872,15.843
6/18/2016,21:30:44,0,9.5877,15.614
6/18/2016,21:45:44,0,9.5884,15.467
6/18/2016,22:00:44,0,9.5879,15.118
6/18/2016,22:15:44,0,9.5895,14.974
6/18/2016,22:30:44,0,9.5906,14.636
6/18/2016,22:45:44,0,9.592,14.556
6/18/2016,23:00:44,0,9.5929,14.358
6/18/2016,23:15:44,0,9.5916,14.182
6/18/2016,23:30:44,0,9.5913,14.057
6/18/2016,23:45:44,0,9.5921,13.93
6/19/2016,0:00:44,0,9.5907,13.762
6/19/2016,0:15:44,0,9.5892,13.605
6/19/2016,0:30:44,0,9.5892,13.47
6/19/2016,0:45:44,0,9.5899,13.328
6/19/2016,1:00:44,0,9.5902,13.102
6/19/2016,1:15:44,0,9.5905,12.956
6/19/2016,1:30:44,0,9.5908,12.725
6/19/2016,1:45:44,0,9.589,12.545
6/19/2016,2:00:44,0,9.5886,12.449
6/19/2016,2:15:44,0,9.5884,12.254
6/19/2016,2:30:44,0,9.587,12.102
6/19/2016,2:45:44,0,9.5863,12.056
6/19/2016,3:00:44,0,9.5852,12.003
6/19/2016,3:15:44,0,9.5845,11.986
6/19/2016,3:30:44,0,9.5844,11.884
6/19/2016,3:45:44,0,9.5833,11.757
6/19/2016,4:00:44,0,9.5825,11.49
6/19/2016,4:15:44,0,9.5822,11.351
6/19/2016,4:30:44,0,9.5819,11.114
6/19/2016,4:45:44,0,9.5826,11.14
6/19/2016,5:00:44,0,9.583,11.26
6/19/2016,5:15:44,0,9.5826,11.755
6/19/2016,5:30:44,0,9.5819,12.066
6/19/2016,5:45:44,0,9.5823,12.613
6/19/2016,6:00:44,0,9.5818,12.612
6/19/2016,6:15:44,0,9.5817,12.258
6/19/2016,6:30:44,0,9.5801,12.815
6/19/2016,6:45:44,0,9.581,13.428
6/19/2016,7:00:44,0,9.58,13.445
6/19/2016,7:15:44,0,9.5785,14.463
6/19/2016,7:30:44,0,9.5793,15.085
6/19/2016,7:45:44,0,9.5797,15.215
6/19/2016,8:00:44,0,9.5792,15.584
6/19/2016,8:15:44,0,9.5764,16.938
6/19/2016,8:30:44,0,9.5757,17.791
6/19/2016,8:45:44,0,9.5749,19.083
6/19/2016,9:00:44,0,9.5729,20.522
6/19/2016,9:15:44,0,9.5732,21.389
6/19/2016,9:30:44,0,9.5715,22.369
6/19/2016,9:45:44,0,9.5734,22.912
6/19/2016,10:00:44,0,9.571,22.819
6/19/2016,10:15:44,0,9.5704,23.076
6/19/2016,10:30:44,0,9.5692,23.986
6/19/2016,10:45:44,0,9.5697,24.531
6/19/2016,11:00:44,0,9.569,24.829
6/19/2016,11:15:44,0,9.568,25.192
6/19/2016,11:30:44,0,9.5686,25.459
6/19/2016,11:45:44,0,9.5669,25.653
6/19/2016,12:00:44,0,9.567,25.825
6/19/2016,12:15:44,0,9.5653,25.894
6/19/2016,12:30:44,0,9.5644,25.882
6/19/2016,12:45:44,0,9.5633,25.795
6/19/2016,13:00:44,0,9.5625,26.603
6/19/2016,13:15:44,0,9.5615,27.559
6/19/2016,13:30:44,0,9.5612,27.522
6/19/2016,13:45:44,0,9.5598,28.008
6/19/2016,14:00:44,0,9.5586,27.631
6/19/2016,14:15:44,0,9.5568,26.917
6/19/2016,14:30:44,0,9.5575,26.524
6/19/2016,14:45:44,0,9.5557,26.558
6/19/2016,15:00:44,0,9.5555,26.537
6/19/2016,15:15:44,0,9.5552,26.151
6/19/2016,15:30:44,0,9.5553,25.756
6/19/2016,15:45:44,0,9.554,25.188
6/19/2016,16:00:44,0,9.5541,24.629
6/19/2016,16:15:44,0,9.5551,24.048
6/19/2016,16:30:44,0,9.5543,23.704
6/19/2016,16:45:44,0,9.5532,23.455
6/19/2016,17:00:44,0,9.5537,23.154
6/19/2016,17:15:44,0,9.5538,22.805
6/19/2016,17:30:44,0,9.5541,22.381
6/19/2016,17:45:44,0,9.5553,21.932
6/19/2016,18:00:44,0,9.5559,21.711
6/19/2016,18:15:44,0,9.5572,21.451
6/19/2016,18:30:44,0,9.5573,21.143
6/19/2016,18:45:44,0,9.5595,20.907
6/19/2016,19:00:44,0,9.5603,20.638
6/19/2016,19:15:44,0,9.561,20.32
6/19/2016,19:30:44,0,9.5621,19.941
6/19/2016,19:45:44,0,9.5634,19.58
6/19/2016,20:00:44,0,9.5651,19.253
6/19/2016,20:15:44,0,9.5663,18.798
6/19/2016,20:30:44,0,9.5677,18.434
6/19/2016,20:45:44,0,9.5694,18.053
6/19/2016,21:00:44,0,9.5703,17.797
6/19/2016,21:15:44,0,9.5712,17.267
6/19/2016,21:30:44,0,9.5715,17.095
6/19/2016,21:45:44,0,9.5719,16.852
6/19/2016,22:00:44,0,9.5719,16.55
6/19/2016,22:15:44,0,9.5725,16.25
6/19/2016,22:30:44,0,9.5726,15.994
6/19/2016,22:45:44,0,9.5718,15.788
6/19/2016,23:00:44,0,9.5725,15.667
6/19/2016,23:15:44,0,9.5724,15.376
6/19/2016,23:30:44,0,9.5714,15.047
6/19/2016,23:45:44,0,9.5709,14.927
6/20/2016,0:00:44,0,9.5709,14.875
6/20/2016,0:15:44,0,9.5719,14.45
6/20/2016,0:30:44,0,9.5717,14.275
6/20/2016,0:45:44,0,9.5718,14.249
6/20/2016,1:00:44,0,9.5717,14.057
6/20/2016,1:15:44,0,9.5714,13.812
6/20/2016,1:30:44,0,9.5702,13.621
6/20/2016,1:45:44,0,9.5705,13.53
6/20/2016,2:00:44,0,9.5711,13.489
6/20/2016,2:15:44,0,9.5702,13.358
6/20/2016,2:30:44,0,9.5693,13.171
6/20/2016,2:45:44,0,9.5689,13.044
6/20/2016,3:00:44,0,9.5679,12.904
6/20/2016,3:15:44,0,9.5681,13.598
6/20/2016,3:30:44,0,9.5678,14.235
6/20/2016,3:45:44,0,9.5686,14.27
6/20/2016,4:00:44,0,9.5687,14.135
6/20/2016,4:15:44,0,9.57,13.497
6/20/2016,4:30:44,0,9.5715,13.187
6/20/2016,4:45:44,0,9.5719,12.737
6/20/2016,5:00:44,0,9.5731,12.539
6/20/2016,5:15:44,0,9.5726,12.666
6/20/2016,5:30:44,0,9.572,13.059
6/20/2016,5:45:44,0,9.572,14.054
6/20/2016,6:00:44,0,9.5735,14.438
6/20/2016,6:15:44,0,9.5738,13.843
6/20/2016,6:30:44,0,9.5728,14.216
6/20/2016,6:45:44,0,9.5713,14.899
6/20/2016,7:00:44,0,9.572,15.511
6/20/2016,7:15:44,0,9.5721,15.992
6/20/2016,7:30:44,0,9.5723,15.47
6/20/2016,7:45:44,0,9.5717,15.886
6/20/2016,8:00:44,0,9.5715,16.286
6/20/2016,8:15:44,0,9.5697,18.067
6/20/2016,8:30:44,0,9.5707,18.992
6/20/2016,8:45:44,0,9.5702,20.563
6/20/2016,9:00:44,0,9.5702,21.891
6/20/2016,9:15:44,0,9.5707,22.464
6/20/2016,9:30:44,0,9.5709,23.322
6/20/2016,9:45:44,0,9.571,24.179
6/20/2016,10:00:44,0,9.57,24.524
6/20/2016,10:15:44,0,9.5693,24.961
6/20/2016,10:30:44,0,9.5674,25.8
6/20/2016,10:45:44,0,9.5662,26.249
6/20/2016,11:00:44,0,9.5645,26.372
6/20/2016,11:15:44,0,9.5651,27.285
6/20/2016,11:30:44,0,9.5646,27.922
6/20/2016,11:45:44,0,9.565,28.273
6/20/2016,12:00:44,0,9.5646,28.639
6/20/2016,12:15:44,0,9.5649,28.976
6/20/2016,12:30:44,0,9.5648,29.315
6/20/2016,12:45:44,0,9.5638,29.551
6/20/2016,13:00:44,0,9.564,29.856
6/20/2016,13:15:44,0,9.5642,31.089
6/20/2016,13:30:44,0,9.5639,31.517
6/20/2016,13:45:44,0,9.5636,31.81
6/20/2016,14:00:44,0,9.5625,31.799
6/20/2016,14:15:44,0,9.5607,30.565
6/20/2016,14:30:44,0,9.5581,30.099
6/20/2016,14:45:44,0,9.5579,29.828
6/20/2016,15:00:44,0,9.5576,29.735
6/20/2016,15:15:44,0,9.5568,29.454
6/20/2016,15:30:44,0,9.5568,28.909
6/20/2016,15:45:44,0,9.5567,28.633
6/20/2016,16:00:44,0,9.5567,28.044
6/20/2016,16:15:44,0,9.5551,27.53
6/20/2016,16:30:44,0,9.5539,26.968
6/20/2016,16:45:44,0,9.5525,26.561
6/20/2016,17:00:44,0,9.5521,26.207
6/20/2016,17:15:44,0,9.552,25.792
6/20/2016,17:30:44,0,9.5524,25.383
6/20/2016,17:45:44,0,9.5531,24.98
6/20/2016,18:00:44,0,9.5533,24.596
6/20/2016,18:15:44,0,9.5543,24.169
6/20/2016,18:30:44,0,9.5546,23.807
6/20/2016,18:45:44,0,9.5554,23.413
6/20/2016,19:00:44,0,9.5565,22.905
6/20/2016,19:15:44,0,9.5587,22.307
6/20/2016,19:30:44,0,9.5613,21.707
6/20/2016,19:45:44,0,9.5623,21.24
6/20/2016,20:00:44,0,9.5644,20.733
6/20/2016,20:15:44,0,9.5667,20.18
6/20/2016,20:30:44,0,9.5687,19.719
6/20/2016,20:45:44,0,9.5718,19.185
6/20/2016,21:00:44,0,9.5724,18.771
6/20/2016,21:15:44,0,9.5731,18.408
6/20/2016,21:30:44,0,9.5739,18.122
6/20/2016,21:45:44,0,9.5744,17.794
6/20/2016,22:00:44,0,9.5748,17.47
6/20/2016,22:15:44,0,9.5747,17.241
6/20/2016,22:30:44,0,9.5749,16.95
6/20/2016,22:45:44,0,9.5756,16.645
6/20/2016,23:00:44,0,9.577,16.389
6/20/2016,23:15:44,0,9.577,16.202
6/20/2016,23:30:44,0,9.576,15.98
6/20/2016,23:45:44,0,9.5762,15.649
6/21/2016,0:00:44,0,9.5767,15.471
6/21/2016,0:15:44,0,9.5756,15.104
6/21/2016,0:30:44,0,9.5762,14.97
6/21/2016,0:45:44,0,9.5753,14.746
6/21/2016,1:00:44,0,9.576,14.543
6/21/2016,1:15:44,0,9.5763,14.201
6/21/2016,1:30:44,0,9.5762,14.011
6/21/2016,1:45:44,0,9.5751,13.959
6/21/2016,2:00:44,0,9.5753,13.774
6/21/2016,2:15:44,0,9.575,13.69
6/21/2016,2:30:44,0,9.5755,13.531
6/21/2016,2:45:44,0,9.5755,13.37
6/21/2016,3:00:44,0,9.576,13.268
6/21/2016,3:15:44,0,9.5757,13.102
6/21/2016,3:30:44,0,9.5756,12.916
6/21/2016,3:45:44,0,9.5746,12.81
6/21/2016,4:00:44,0,9.5741,12.633
6/21/2016,4:15:44,0,9.5758,12.607
6/21/2016,4:30:44,0,9.5754,12.429
6/21/2016,4:45:44,0,9.5752,12.257
6/21/2016,5:00:44,0,9.5757,12.234
6/21/2016,5:15:44,0,9.5753,12.151
6/21/2016,5:30:44,0,9.5761,12.147
6/21/2016,5:45:44,0,9.5767,12.068
6/21/2016,6:00:44,0,9.5757,12.075
6/21/2016,6:15:44,0,9.5756,12.134
6/21/2016,6:30:44,0,9.5764,12.372
6/21/2016,6:45:44,0,9.5768,12.687
6/21/2016,7:00:44,0,9.5757,13.03
6/21/2016,7:15:44,0,9.575,13.538
6/21/2016,7:30:44,0,9.5744,14.163
6/21/2016,7:45:44,0,9.5734,14.922
6/21/2016,8:00:44,0,9.5718,16.041
6/21/2016,8:15:44,0,9.5702,17.794
6/21/2016,8:30:44,0,9.5692,18.823
6/21/2016,8:45:44,0,9.5665,20.596
6/21/2016,9:00:44,0,9.5652,21.767
6/21/2016,9:15:44,0,9.5641,22.795
6/21/2016,9:30:44,0,9.5619,24.856
6/21/2016,9:45:44,0,9.5624,26.547
6/21/2016,10:00:44,0,9.561,26.294
6/21/2016,10:15:44,0,9.5591,26.4
6/21/2016,10:30:44,0,9.5568,27.386
6/21/2016,10:45:44,0,9.5553,27.398
6/21/2016,11:00:44,0,9.5544,27.979
6/21/2016,11:15:44,0,9.5526,28.225
6/21/2016,11:30:44,0,9.5517,29.066
6/21/2016,11:45:44,0,9.5506,29.587
6/21/2016,12:00:44,0,9.5491,30.326
6/21/2016,12:15:44,0,9.5485,30.866
6/21/2016,12:30:44,0,9.5473,31.508
6/21/2016,12:45:44,0,9.5466,31.776
6/21/2016,13:00:44,0,9.5442,32.051
6/21/2016,13:15:44,0,9.5443,33.118
6/21/2016,13:30:44,0,9.5438,33.838
6/21/2016,13:45:44,0,9.5424,33.775
6/21/2016,14:00:44,0,9.5415,33.607
6/21/2016,14:15:44,0,9.5398,32.38
6/21/2016,14:30:44,0,9.5386,32.12
6/21/2016,14:45:44,0,9.5377,31.685
6/21/2016,15:00:44,0,9.5375,31.572
6/21/2016,15:15:44,0,9.5367,31.24
6/21/2016,15:30:44,0,9.536,31.02
6/21/2016,15:45:44,0,9.5355,30.481
6/21/2016,16:00:44,0,9.5342,29.834
6/21/2016,16:15:44,0,9.5332,29.284
6/21/2016,16:30:44,0,9.5326,28.907
6/21/2016,16:45:44,0,9.5331,28.367
6/21/2016,17:00:44,0,9.5332,27.877
6/21/2016,17:15:44,0,9.5323,27.598
6/21/2016,17:30:44,0,9.5325,27.065
6/21/2016,17:45:44,0,9.5322,26.615
6/21/2016,18:00:44,0,9.5338,26.178
6/21/2016,18:15:44,0,9.5343,25.775
6/21/2016,18:30:44,0,9.5352,25.331
6/21/2016,18:45:44,0,9.5361,24.867
6/21/2016,19:00:44,0,9.537,24.34
6/21/2016,19:15:44,0,9.5381,23.742
6/21/2016,19:30:44,0,9.5398,23.102
6/21/2016,19:45:44,0,9.5407,22.511
6/21/2016,20:00:44,0,9.5417,21.945
6/21/2016,20:15:44,0,9.5432,21.47
6/21/2016,20:30:44,0,9.5445,21.01
6/21/2016,20:45:44,0,9.5452,20.476
6/21/2016,21:00:44,0,9.5466,20.087
6/21/2016,21:15:44,0,9.5481,19.667
6/21/2016,21:30:44,0,9.5483,19.348
6/21/2016,21:45:44,0,9.5482,18.976
6/21/2016,22:00:44,0,9.5476,18.688
6/21/2016,22:15:44,0,9.5471,18.187
6/21/2016,22:30:44,0,9.5472,17.997
6/21/2016,22:45:44,0,9.5467,17.756
6/21/2016,23:00:44,0,9.5465,17.415
6/21/2016,23:15:44,0,9.5457,17.142
6/21/2016,23:30:44,0,9.5458,16.889
6/21/2016,23:45:44,0,9.5457,16.659
6/22/2016,0:00:44,0,9.5449,16.387
6/22/2016,0:15:44,0,9.5449,16.198
6/22/2016,0:30:44,0,9.5435,15.854
6/22/2016,0:45:44,0,9.5425,15.529
6/22/2016,1:00:44,0,9.5429,15.438
6/22/2016,1:15:44,0,9.5402,15.126
6/22/2016,1:30:44,0,9.5382,14.831
6/22/2016,1:45:44,0,9.5369,14.645
6/22/2016,2:00:44,0,9.536,14.629
6/22/2016,2:15:44,0,9.5366,14.584
6/22/2016,2:30:44,0,9.5357,14.42
6/22/2016,2:45:44,0,9.5363,14.328
6/22/2016,3:00:44,0,9.5359,14.149
6/22/2016,3:15:44,0,9.5358,14.018
6/22/2016,3:30:44,0,9.5361,13.923
6/22/2016,3:45:44,0,9.5361,13.805
6/22/2016,4:00:44,0,9.5357,13.603
6/22/2016,4:15:44,0,9.5358,13.46
6/22/2016,4:30:44,0,9.5373,13.378
6/22/2016,4:45:44,0,9.5385,13.367
6/22/2016,5:00:44,0,9.538,13.209
6/22/2016,5:15:44,0,9.5392,13.058
6/22/2016,5:30:44,0,9.5389,12.961
6/22/2016,5:45:44,0,9.5399,12.968
6/22/2016,6:00:44,0,9.5397,12.753
6/22/2016,6:15:44,0,9.54,13.063
6/22/2016,6:30:44,0,9.5392,13.183
6/22/2016,6:45:44,0,9.5378,13.511
6/22/2016,7:00:44,0,9.5367,14.02
6/22/2016,7:15:44,0,9.536,14.699
6/22/2016,7:30:44,0,9.5359,15.25
6/22/2016,7:45:44,0,9.5341,15.972
6/22/2016,8:00:44,0,9.5334,16.937
6/22/2016,8:15:44,0,9.5321,18.659
6/22/2016,8:30:44,0,9.5309,19.97
6/22/2016,8:45:44,0,9.5301,21.716
6/22/2016,9:00:44,0,9.5285,23.382
6/22/2016,9:15:44,0,9.528,24.639
6/22/2016,9:30:44,0,9.5292,25.799
6/22/2016,9:45:44,0,9.5284,26.599
6/22/2016,10:00:44,0,9.526,27.397
6/22/2016,10:15:44,0,9.5237,27.745
6/22/2016,10:30:44,0,9.5235,28.766
6/22/2016,10:45:44,0,9.5239,28.912
6/22/2016,11:00:44,0,9.5241,29.229
6/22/2016,11:15:44,0,9.5232,29.678
6/22/2016,11:30:44,0,9.5236,29.525
6/22/2016,11:45:44,0,9.5233,29.846
6/22/2016,12:00:44,0,9.5233,30.046
6/22/2016,12:15:44,0,9.5218,30.153
6/22/2016,12:30:44,0,9.5211,30.338
6/22/2016,12:45:44,0,9.5216,30.83
6/22/2016,13:00:44,0,9.5217,31.108
6/22/2016,13:15:44,0,9.5234,32.274
6/22/2016,13:30:44,0,9.5237,32.771
6/22/2016,13:45:44,0,9.5234,32.975
6/22/2016,14:00:44,0,9.5227,32.704
6/22/2016,14:15:44,0,9.52,31.706
6/22/2016,14:30:44,0,9.5186,31.215
6/22/2016,14:45:44,0,9.5179,30.928
6/22/2016,15:00:44,0,9.517,30.709
6/22/2016,15:15:44,0,9.5169,30.585
6/22/2016,15:30:44,0,9.5179,30.392
6/22/2016,15:45:44,0,9.5174,30.029
6/22/2016,16:00:44,0,9.5175,29.481
6/22/2016,16:15:44,0,9.5174,29.09
6/22/2016,16:30:44,0,9.5171,28.642
6/22/2016,16:45:44,0,9.5162,28.166
6/22/2016,17:00:44,0,9.5166,27.678
6/22/2016,17:15:44,0,9.5167,27.225
6/22/2016,17:30:44,0,9.5159,26.924
6/22/2016,17:45:44,0,9.5163,26.581
6/22/2016,18:00:44,0,9.5173,26.207
6/22/2016,18:15:44,0,9.5181,25.802
6/22/2016,18:30:44,0,9.5187,25.328
6/22/2016,18:45:44,0,9.5201,24.835
6/22/2016,19:00:44,0,9.5215,24.234
6/22/2016,19:15:44,0,9.523,23.523
6/22/2016,19:30:44,0,9.5243,22.858
6/22/2016,19:45:44,0,9.5246,22.274
6/22/2016,20:00:44,0,9.5268,21.697
6/22/2016,20:15:44,0,9.5294,21.188
6/22/2016,20:30:44,0,9.5311,20.419
6/22/2016,20:45:44,0,9.5327,20.078
6/22/2016,21:00:44,0,9.5344,19.791
6/22/2016,21:15:44,0,9.536,19.49
6/22/2016,21:30:44,0,9.5375,19.018
6/22/2016,21:45:44,0,9.5381,18.602
6/22/2016,22:00:44,0,9.5381,18.301
6/22/2016,22:15:44,0,9.5386,18.021
6/22/2016,22:30:44,0,9.5385,17.605
6/22/2016,22:45:44,0,9.5395,17.288
6/22/2016,23:00:44,0,9.5388,17.046
6/22/2016,23:15:44,0,9.5388,16.801
6/22/2016,23:30:44,0,9.5385,16.562
6/22/2016,23:45:44,0,9.5383,16.324
6/23/2016,0:00:44,0,9.5388,16.036
6/23/2016,0:15:44,0,9.5394,15.628
6/23/2016,0:30:44,0,9.5397,15.384
6/23/2016,0:45:44,0,9.5391,15.195
6/23/2016,1:00:44,0,9.539,15.047
6/23/2016,1:15:44,0,9.5397,14.738
6/23/2016,1:30:44,0,9.5403,14.646
6/23/2016,1:45:44,0,9.5394,14.384
6/23/2016,2:00:44,0,9.5394,14.313
6/23/2016,2:15:44,0,9.5395,14.04
6/23/2016,2:30:44,0,9.5394,13.794
6/23/2016,2:45:44,0,9.5409,13.413
6/23/2016,3:00:44,0,9.5424,13.424
6/23/2016,3:15:44,0,9.5424,13.261
6/23/2016,3:30:44,0,9.5439,13.137
6/23/2016,3:45:44,0,9.5445,12.95
6/23/2016,4:00:44,0,9.5459,12.737
6/23/2016,4:15:44,0,9.5461,12.547
6/23/2016,4:30:44,0,9.5472,12.453
6/23/2016,4:45:44,0,9.5484,12.267
6/23/2016,5:00:44,0,9.5489,12.147
6/23/2016,5:15:44,0,9.551,12.005
6/23/2016,5:30:44,0,9.5515,11.859
6/23/2016,5:45:44,0,9.5521,11.941
6/23/2016,6:00:44,0,9.5524,12.019
6/23/2016,6:15:44,0,9.554,12.095
6/23/2016,6:30:44,0,9.5547,12.353
6/23/2016,6:45:44,0,9.5554,12.648
6/23/2016,7:00:44,0,9.5555,13.031
6/23/2016,7:15:44,0,9.5546,13.396
6/23/2016,7:30:44,0,9.5557,13.985
6/23/2016,7:45:44,0,9.555,14.71
6/23/2016,8:00:44,0,9.5547,15.691
6/23/2016,8:15:44,0,9.5527,18.04
6/23/2016,8:30:44,0,9.5526,20.166
6/23/2016,8:45:44,0,9.5528,21.259
6/23/2016,9:00:44,0,9.5521,22.267
6/23/2016,9:15:44,0,9.5525,22.887
6/23/2016,9:30:44,0,9.5527,24.252
6/23/2016,9:45:44,0,9.5538,25.597
6/23/2016,10:00:44,0,9.5526,26.13
6/23/2016,10:15:44,0,9.552,26.449
6/23/2016,10:30:44,0,9.5503,27.429
6/23/2016,10:45:44,0,9.5498,27.417
6/23/2016,11:00:44,0,9.55,27.663
6/23/2016,11:15:44,0,9.5506,27.592
6/23/2016,11:30:44,0,9.5495,27.87
6/23/2016,11:45:44,0,9.5487,28.104
6/23/2016,12:00:44,0,9.5492,28.281
6/23/2016,12:15:44,0,9.5486,28.65
6/23/2016,12:30:44,0,9.548,28.617
6/23/2016,12:45:44,0,9.5476,28.951
6/23/2016,13:00:44,0,9.5472,29.469
6/23/2016,13:15:44,0,9.5485,30.476
6/23/2016,13:30:44,0,9.5482,30.425
6/23/2016,13:45:44,0,9.5486,30.51
6/23/2016,14:00:44,0,9.549,30.414
6/23/2016,14:15:44,0,9.5474,29.148
6/23/2016,14:30:44,0,9.5473,28.899
6/23/2016,14:45:44,0,9.546,28.677
6/23/2016,15:00:44,0,9.5453,28.281
6/23/2016,15:15:44,0,9.5441,28.162
6/23/2016,15:30:44,0,9.5447,27.946
6/23/2016,15:45:44,0,9.5438,27.769
6/23/2016,16:00:44,0,9.5428,27.501
6/23/2016,16:15:44,0,9.5425,27.282
6/23/2016,16:30:44,0,9.5434,26.999
6/23/2016,16:45:44,0,9.5402,26.635
6/23/2016,17:00:44,0,9.5406,26.133
6/23/2016,17:15:44,0,9.541,25.977
6/23/2016,17:30:44,0,9.5415,25.459
6/23/2016,17:45:44,0,9.5418,24.96
6/23/2016,18:00:44,0,9.5417,24.6
6/23/2016,18:15:44,0,9.542,24.317
6/23/2016,18:30:44,0,9.5416,23.963
6/23/2016,18:45:44,0,9.5423,23.746
6/23/2016,19:00:44,0,9.5432,23.271
6/23/2016,19:15:44,0,9.5437,22.721
6/23/2016,19:30:44,0,9.5447,22.192
6/23/2016,19:45:44,0,9.5445,21.743
6/23/2016,20:00:44,0,9.546,21.239
6/23/2016,20:15:44,0,9.547,20.808
6/23/2016,20:30:44,0,9.5487,20.338
6/23/2016,20:45:44,0,9.55,19.956
6/23/2016,21:00:44,0,9.551,19.605
6/23/2016,21:15:44,0,9.551,19.07
6/23/2016,21:30:44,0,9.5518,18.801
6/23/2016,21:45:44,0,9.552,18.535
6/23/2016,22:00:44,0,9.5531,18.214
6/23/2016,22:15:44,0,9.5539,17.987
6/23/2016,22:30:44,0,9.5538,17.788
6/23/2016,22:45:44,0,9.5538,17.513
6/23/2016,23:00:44,0,9.5536,17.245
6/23/2016,23:15:44,0,9.5539,16.961
6/23/2016,23:30:44,0,9.554,16.718
6/23/2016,23:45:44,0,9.5541,16.509
6/24/2016,0:00:44,0,9.555,16.248
6/24/2016,0:15:44,0,9.555,16.11
6/24/2016,0:30:44,0,9.555,15.801
6/24/2016,0:45:44,0,9.5543,15.717
6/24/2016,1:00:44,0,9.554,15.527
6/24/2016,1:15:44,0,9.5539,15.36
6/24/2016,1:30:44,0,9.5544,15.02
6/24/2016,1:45:44,0,9.5527,14.866
6/24/2016,2:00:44,0,9.552,14.678
6/24/2016,2:15:44,0,9.5507,14.399
6/24/2016,2:30:44,0,9.5511,14.341
6/24/2016,2:45:44,0,9.5515,14.258
6/24/2016,3:00:44,0,9.551,14.104
6/24/2016,3:15:44,0,9.5514,13.869
6/24/2016,3:30:44,0,9.5509,13.666
6/24/2016,3:45:44,0,9.5522,13.502
6/24/2016,4:00:44,0,9.553,13.47
6/24/2016,4:15:44,0,9.5542,13.214
6/24/2016,4:30:44,0,9.5558,12.955
6/24/2016,4:45:44,0,9.5576,13.021
6/24/2016,5:00:44,0,9.5582,12.966
6/24/2016,5:15:44,0,9.5594,12.819
6/24/2016,5:30:44,0,9.5582,12.756
6/24/2016,5:45:44,0,9.5598,12.674
6/24/2016,6:00:44,0,9.5619,12.682
6/24/2016,6:15:44,0,9.561,12.893
6/24/2016,6:30:44,0,9.5604,13.222
6/24/2016,6:45:44,0,9.5608,13.445
6/24/2016,7:00:44,0,9.5611,13.689
6/24/2016,7:15:44,0,9.5607,13.988
6/24/2016,7:30:44,0,9.5593,14.437
6/24/2016,7:45:44,0,9.5607,15.11
6/24/2016,8:00:44,0,9.56,16.125
6/24/2016,8:15:44,0,9.5581,18.395
6/24/2016,8:30:44,0,9.5578,20.355
6/24/2016,8:45:44,0,9.5586,21.501
6/24/2016,9:00:44,0,9.559,21.763
6/24/2016,9:15:44,0,9.5587,22.763
6/24/2016,9:30:44,0,9.5584,24.009
6/24/2016,9:45:44,0,9.5581,25.764
6/24/2016,10:00:44,0,9.5583,26.205
6/24/2016,10:15:44,0,9.556,25.924
6/24/2016,10:30:44,0,9.555,26.91
6/24/2016,10:45:44,0,9.5554,26.574
6/24/2016,11:00:44,0,9.555,26.702
6/24/2016,11:15:44,0,9.5547,26.866
6/24/2016,11:30:44,0,9.5538,27.202
6/24/2016,11:45:44,0,9.5535,27.617
6/24/2016,12:00:44,0,9.5534,27.776
6/24/2016,12:15:44,0,9.5528,27.842
6/24/2016,12:30:44,0,9.5527,28.06
6/24/2016,12:45:44,0,9.5531,28.206
6/24/2016,13:00:44,0,9.5523,28.553
6/24/2016,13:15:44,0,9.5535,29.587
6/24/2016,13:30:44,0,9.5522,30.389
6/24/2016,13:45:44,0,9.5513,30.191
6/24/2016,14:00:44,0,9.5502,29.666
6/24/2016,14:15:44,0,9.5493,29.301
6/24/2016,14:30:44,0,9.5482,28.943
6/24/2016,14:45:44,0,9.5476,28.66
6/24/2016,15:00:44,0,9.5468,28.171
6/24/2016,15:15:44,0,9.5464,28.259
6/24/2016,15:30:44,0,9.5446,28.179
6/24/2016,15:45:44,0,9.5439,28.067
6/24/2016,16:00:44,0,9.5438,27.832
6/24/2016,16:15:44,0,9.5431,27.581
6/24/2016,16:30:44,0,9.542,27.419
6/24/2016,16:45:44,0,9.5418,27.112
6/24/2016,17:00:44,0,9.5405,26.586
6/24/2016,17:15:44,0,9.5415,26.129
6/24/2016,17:30:44,0,9.5413,25.563
6/24/2016,17:45:44,0,9.5415,25.113
6/24/2016,18:00:44,0,9.5419,24.734
6/24/2016,18:15:44,0,9.5423,24.461
6/24/2016,18:30:44,0,9.5431,24.225
6/24/2016,18:45:44,0,9.5447,23.912
6/24/2016,19:00:44,0,9.545,23.535
6/24/2016,19:15:44,0,9.5459,23.005
6/24/2016,19:30:44,0,9.5464,22.441
6/24/2016,19:45:44,0,9.5471,21.917
6/24/2016,20:00:44,0,9.5481,21.448
6/24/2016,20:15:44,0,9.5504,20.897
6/24/2016,20:30:44,0,9.5514,20.514
6/24/2016,20:45:44,0,9.5518,20.179
6/24/2016,21:00:44,0,9.5529,19.801
6/24/2016,21:15:44,0,9.5537,19.331
6/24/2016,21:30:44,0,9.554,19.135
6/24/2016,21:45:44,0,9.554,18.765
6/24/2016,22:00:44,0,9.5533,18.416
6/24/2016,22:15:44,0,9.5528,18.157
6/24/2016,22:30:44,0,9.5526,17.866
6/24/2016,22:45:44,0,9.5529,17.566
6/24/2016,23:00:44,0,9.552,17.373
6/24/2016,23:15:44,0,9.5517,17.127
6/24/2016,23:30:44,0,9.5513,16.872
6/24/2016,23:45:44,0,9.5501,16.59
6/25/2016,0:00:44,0,9.5488,16.447
6/25/2016,0:15:44,0,9.5478,16.187
6/25/2016,0:30:44,0,9.5471,15.995
6/25/2016,0:45:44,0,9.5464,15.781
6/25/2016,1:00:44,0,9.5448,15.495
6/25/2016,1:15:44,0,9.5449,15.44
6/25/2016,1:30:44,0,9.5449,14.887
6/25/2016,1:45:44,0,9.5434,14.977
6/25/2016,2:00:44,0,9.5421,14.862
6/25/2016,2:15:44,0,9.5416,14.59
6/25/2016,2:30:44,0,9.5424,14.435
6/25/2016,2:45:44,0,9.5414,14.323
6/25/2016,3:00:44,0,9.5418,14.29
6/25/2016,3:15:44,0,9.5413,14.092
6/25/2016,3:30:44,0,9.5421,13.816
6/25/2016,3:45:44,0,9.5412,13.486
6/25/2016,4:00:44,0,9.5422,13.397
6/25/2016,4:15:44,0,9.5432,13.399
6/25/2016,4:30:44,0,9.5437,13.244
6/25/2016,4:45:44,0,9.5448,13.179
6/25/2016,5:00:44,0,9.546,12.859
6/25/2016,5:15:44,0,9.5467,12.925
6/25/2016,5:30:44,0,9.5465,12.822
6/25/2016,5:45:44,0,9.5464,12.791
6/25/2016,6:00:44,0,9.546,12.843
6/25/2016,6:15:44,0,9.5448,12.887
6/25/2016,6:30:44,0,9.5442,12.91
6/25/2016,6:45:44,0,9.5438,13.042
6/25/2016,7:00:44,0,9.5444,13.292
6/25/2016,7:15:44,0,9.5435,13.762
6/25/2016,7:30:44,0,9.5428,14.477
6/25/2016,7:45:44,0,9.5417,15.382
6/25/2016,8:00:44,0,9.5404,16.426
6/25/2016,8:15:44,0,9.5384,18.745
6/25/2016,8:30:44,0,9.5364,20.711
6/25/2016,8:45:44,0,9.5352,22.261
6/25/2016,9:00:44,0,9.5331,23.587
6/25/2016,9:15:44,0,9.5303,24.616
6/25/2016,9:30:44,0,9.5294,27.346
6/25/2016,9:45:44,0,9.5312,28.315
6/25/2016,10:00:44,0,9.5297,28.386
6/25/2016,10:15:44,0,9.5283,28.192
6/25/2016,10:30:44,0,9.5274,29.648
6/25/2016,10:45:44,0,9.5272,29.69
6/25/2016,11:00:44,0,9.5256,30.099
6/25/2016,11:15:44,0,9.5268,30.229
6/25/2016,11:30:44,0,9.5269,30.101
6/25/2016,11:45:44,0,9.5265,30.474
6/25/2016,12:00:44,0,9.5257,30.643
6/25/2016,12:15:44,0,9.5254,30.857
6/25/2016,12:30:44,0,9.5253,31.3
6/25/2016,12:45:44,0,9.5247,31.567
6/25/2016,13:00:44,0,9.5241,32.257
6/25/2016,13:15:44,0,9.5255,33.346
6/25/2016,13:30:44,0,9.5258,34.139
6/25/2016,13:45:44,0,9.5252,34.109
6/25/2016,14:00:44,0,9.5249,33.778
6/25/2016,14:15:44,0,9.5237,32.532
6/25/2016,14:30:44,0,9.5233,31.985
6/25/2016,14:45:44,0,9.5213,31.644
6/25/2016,15:00:44,0,9.5206,31.355
6/25/2016,15:15:44,0,9.5199,31.122
6/25/2016,15:30:44,0,9.5203,31.214
6/25/2016,15:45:44,0,9.5191,30.88
6/25/2016,16:00:44,0,9.5194,30.619
6/25/2016,16:15:44,0,9.5186,30.162
6/25/2016,16:30:44,0,9.5187,29.718
6/25/2016,16:45:44,0,9.5182,29.595
6/25/2016,17:00:44,0,9.5184,28.927
6/25/2016,17:15:44,0,9.5189,28.239
6/25/2016,17:30:44,0,9.5192,27.733
6/25/2016,17:45:44,0,9.5196,27.247
6/25/2016,18:00:44,0,9.52,26.854
6/25/2016,18:15:44,0,9.5215,26.453
6/25/2016,18:30:44,0,9.5232,26.069
6/25/2016,18:45:44,0,9.5241,25.671
6/25/2016,19:00:44,0,9.5259,25.156
6/25/2016,19:15:44,0,9.5288,24.557
6/25/2016,19:30:44,0,9.5306,23.915
6/25/2016,19:45:44,0,9.5307,23.393
6/25/2016,20:00:44,0,9.5323,22.857
6/25/2016,20:15:44,0,9.5349,22.277
6/25/2016,20:30:44,0,9.5374,21.779
6/25/2016,20:45:44,0,9.5394,21.384
6/25/2016,21:00:44,0,9.5411,20.978
6/25/2016,21:15:44,0,9.5428,20.572
6/25/2016,21:30:44,0,9.5423,20.213
6/25/2016,21:45:44,0,9.5418,19.893
6/25/2016,22:00:44,0,9.5422,19.519
6/25/2016,22:15:44,0,9.5437,19.325
6/25/2016,22:30:44,0,9.5446,18.951
6/25/2016,22:45:44,0,9.5435,18.163
6/25/2016,23:00:44,0,9.5441,18.171
6/25/2016,23:15:44,0,9.5437,18.022
6/25/2016,23:30:44,0,9.544,17.845
6/25/2016,23:45:44,0,9.5441,17.583
6/26/2016,0:00:44,0,9.5449,17.375
6/26/2016,0:15:44,0,9.5446,17.058
6/26/2016,0:30:44,0,9.5447,16.827
6/26/2016,0:45:44,0,9.5441,16.653
6/26/2016,1:00:44,0,9.5439,16.458
6/26/2016,1:15:44,0,9.5418,16.324
6/26/2016,1:30:44,0,9.5407,15.999
6/26/2016,1:45:44,0,9.5422,15.827
6/26/2016,2:00:44,0,9.5415,15.715
6/26/2016,2:15:44,0,9.5419,15.461
6/26/2016,2:30:44,0,9.5427,15.394
6/26/2016,2:45:44,0,9.5439,15.197
6/26/2016,3:00:44,0,9.5453,14.973
6/26/2016,3:15:44,0,9.5451,14.924
6/26/2016,3:30:44,0,9.5451,14.87
6/26/2016,3:45:44,0,9.5462,14.576
6/26/2016,4:00:44,0,9.5469,14.402
6/26/2016,4:15:44,0,9.5471,14.255
6/26/2016,4:30:44,0,9.5475,14.091
6/26/2016,4:45:44,0,9.549,14.021
6/26/2016,5:00:44,0,9.5496,13.903
6/26/2016,5:15:44,0,9.55,13.714
6/26/2016,5:30:44,0,9.5503,13.615
6/26/2016,5:45:44,0,9.5508,13.772
6/26/2016,6:00:44,0,9.552,13.658
6/26/2016,6:15:44,0,9.5523,13.707
6/26/2016,6:30:44,0,9.552,13.78
6/26/2016,6:45:44,0,9.5516,14.056
6/26/2016,7:00:44,0,9.5526,14.381
6/26/2016,7:15:44,0,9.5524,14.914
6/26/2016,7:30:44,0,9.5525,15.645
6/26/2016,7:45:44,0,9.5513,16.523
6/26/2016,8:00:44,0,9.5509,17.579
6/26/2016,8:15:44,0,9.549,19.801
6/26/2016,8:30:44,0,9.5474,21.669
6/26/2016,8:45:44,0,9.546,23.246
6/26/2016,9:00:44,0,9.5457,24.627
6/26/2016,9:15:44,0,9.5452,25.828
6/26/2016,9:30:44,0,9.5459,27.949
6/26/2016,9:45:44,0,9.5461,28.223
6/26/2016,10:00:44,0,9.5447,28.491
6/26/2016,10:15:44,0,9.5436,28.244
6/26/2016,10:30:44,0,9.5417,29.303
6/26/2016,10:45:44,0,9.5413,29.595
6/26/2016,11:00:44,0,9.5404,30.141
6/26/2016,11:15:44,0,9.5397,30.725
6/26/2016,11:30:44,0,9.5411,31.217
6/26/2016,11:45:44,0,9.5412,31.319
6/26/2016,12:00:44,0,9.5423,31.398
6/26/2016,12:15:44,0,9.5412,31.568
6/26/2016,12:30:44,0,9.54,31.992
6/26/2016,12:45:44,0,9.5398,32.284
6/26/2016,13:00:44,0,9.5387,32.888
6/26/2016,13:15:44,0,9.5392,33.642
6/26/2016,13:30:44,0,9.5393,34.717
6/26/2016,13:45:44,0,9.5382,34.872
6/26/2016,14:00:44,0,9.5372,34.603
6/26/2016,14:15:44,0,9.5373,33.33
6/26/2016,14:30:44,0,9.5377,32.479
6/26/2016,14:45:44,0,9.5372,32.208
6/26/2016,15:00:44,0,9.5349,32.139
6/26/2016,15:15:44,0,9.5349,31.86
6/26/2016,15:30:44,0,9.5341,31.47
6/26/2016,15:45:44,0,9.5347,31.086
6/26/2016,16:00:44,0,9.5361,30.766
6/26/2016,16:15:44,0,9.5365,30.006
6/26/2016,16:30:44,0,9.536,29.264
6/26/2016,16:45:44,0,9.5358,28.939
6/26/2016,17:00:44,0,9.5356,28.536
6/26/2016,17:15:44,0,9.5361,28.144
6/26/2016,17:30:44,0,9.5361,27.758
6/26/2016,17:45:44,0,9.5372,27.301
6/26/2016,18:00:44,0,9.538,26.95
6/26/2016,18:15:44,0,9.539,26.603
6/26/2016,18:30:44,0,9.5403,26.216
6/26/2016,18:45:44,0,9.5418,25.848
6/26/2016,19:00:44,0,9.5439,25.358
6/26/2016,19:15:44,0,9.5457,24.772
6/26/2016,19:30:44,0,9.5479,24.179
6/26/2016,19:45:44,0,9.5496,23.563
6/26/2016,20:00:44,0,9.5511,23.064
6/26/2016,20:15:44,0,9.5527,22.547
6/26/2016,20:30:44,0,9.5544,22.099
6/26/2016,20:45:44,0,9.5559,21.679
6/26/2016,21:00:44,0,9.5572,21.286
6/26/2016,21:15:44,0,9.5582,20.859
6/26/2016,21:30:44,0,9.5581,20.602
6/26/2016,21:45:44,0,9.5581,20.349
6/26/2016,22:00:44,0,9.558,19.964
6/26/2016,22:15:44,0,9.5592,19.593
6/26/2016,22:30:44,0,9.5595,19.39
6/26/2016,22:45:44,0,9.559,19.102
6/26/2016,23:00:44,0,9.5596,18.867
6/26/2016,23:15:44,0,9.5597,18.557
6/26/2016,23:30:44,0,9.5602,18.238
6/26/2016,23:45:44,0,9.5601,17.998
6/27/2016,0:00:44,0,9.5604,17.723
6/27/2016,0:15:44,0,9.5604,17.332
6/27/2016,0:30:44,0,9.5596,17.311
6/27/2016,0:45:44,0,9.5592,17.108
6/27/2016,1:00:44,0,9.5587,16.848
6/27/2016,1:15:44,0,9.5601,16.722
6/27/2016,1:30:44,0,9.5596,16.636
6/27/2016,1:45:44,0,9.5602,16.288
6/27/2016,2:00:44,0,9.5602,16.025
6/27/2016,2:15:44,0,9.5595,15.882
6/27/2016,2:30:44,0,9.5602,15.75
6/27/2016,2:45:44,0,9.5612,15.487
6/27/2016,3:00:44,0,9.5627,15.426
6/27/2016,3:15:44,0,9.5624,15.314
6/27/2016,3:30:44,0,9.5637,15.173
6/27/2016,3:45:44,0,9.5638,14.894
6/27/2016,4:00:44,0,9.5645,14.803
6/27/2016,4:15:44,0,9.5644,14.822
6/27/2016,4:30:44,0,9.5656,14.815
6/27/2016,4:45:44,0,9.566,14.643
6/27/2016,5:00:44,0,9.5661,14.723
6/27/2016,5:15:44,0,9.5669,14.632
6/27/2016,5:30:44,0,9.5672,14.991
6/27/2016,5:45:44,0,9.5671,15.726
6/27/2016,6:00:44,0,9.5668,16.614
6/27/2016,6:15:44,0,9.5672,16.67
6/27/2016,6:30:44,0,9.566,17.102
6/27/2016,6:45:44,0,9.5661,18.313
6/27/2016,7:00:44,0,9.5662,18.303
6/27/2016,7:15:44,0,9.5653,17.764
6/27/2016,7:30:44,0,9.5633,18.301
6/27/2016,7:45:44,0,9.5624,18.711
6/27/2016,8:00:44,0,9.5605,19.442
6/27/2016,8:15:44,0,9.5588,21.502
6/27/2016,8:30:44,0,9.558,22.58
6/27/2016,8:45:44,0,9.5577,23.676
6/27/2016,9:00:44,0,9.5565,24.837
6/27/2016,9:15:44,0,9.5554,26.17
6/27/2016,9:30:44,0,9.5548,28.403
6/27/2016,9:45:44,0,9.5556,29.715
6/27/2016,10:00:44,0,9.556,29.62
6/27/2016,10:15:44,0,9.5544,29.272
6/27/2016,10:30:44,0,9.5532,30.184
6/27/2016,10:45:44,0,9.5523,29.867
6/27/2016,11:00:44,0,9.5516,30.085
6/27/2016,11:15:44,0,9.5505,30.986
6/27/2016,11:30:44,0,9.5496,31.663
6/27/2016,11:45:44,0,9.5486,31.754
6/27/2016,12:00:44,0,9.5468,32.984
6/27/2016,12:15:44,0,9.5464,33.181
6/27/2016,12:30:44,0,9.5455,33.577
6/27/2016,12:45:44,0,9.546,33.782
6/27/2016,13:00:44,0,9.5452,34.163
6/27/2016,13:15:44,0,9.5466,35.09
6/27/2016,13:30:44,0,9.5468,36.073
6/27/2016,13:45:44,0,9.5456,36.305
6/27/2016,14:00:44,0,9.5442,36.284
6/27/2016,14:15:44,0,9.5432,34.776
6/27/2016,14:30:44,0,9.5412,34.157
6/27/2016,14:45:44,0,9.5401,34.025
6/27/2016,15:00:44,0,9.5394,33.631
6/27/2016,15:15:44,0,9.5391,33.529
6/27/2016,15:30:44,0,9.5382,33.272
6/27/2016,15:45:44,0,9.5377,32.889
6/27/2016,16:00:44,0,9.5374,32.579
6/27/2016,16:15:44,0,9.5374,32.017
6/27/2016,16:30:44,0,9.5363,31.628
6/27/2016,16:45:44,0,9.5363,30.955
6/27/2016,17:00:44,0,9.5352,30.329
6/27/2016,17:15:44,0,9.5352,29.733
6/27/2016,17:30:44,0,9.5352,29.221
6/27/2016,17:45:44,0,9.5357,28.814
6/27/2016,18:00:44,0,9.5371,28.38
6/27/2016,18:15:44,0,9.5375,27.942
6/27/2016,18:30:44,0,9.5393,27.582
6/27/2016,18:45:44,0,9.5407,27.185
6/27/2016,19:00:44,0,9.5421,26.624
6/27/2016,19:15:44,0,9.5429,25.954
6/27/2016,19:30:44,0,9.5446,25.332
6/27/2016,19:45:44,0,9.5468,24.72
6/27/2016,20:00:44,0,9.5474,24.154
6/27/2016,20:15:44,0,9.5492,23.647
6/27/2016,20:30:44,0,9.5507,23.127
6/27/2016,20:45:44,0,9.5518,22.795
6/27/2016,21:00:44,0,9.5524,22.336
6/27/2016,21:15:44,0,9.5521,21.97
6/27/2016,21:30:44,0,9.5539,21.464
6/27/2016,21:45:44,0,9.5539,21.134
6/27/2016,22:00:44,0,9.5541,20.817
6/27/2016,22:15:44,0,9.5533,20.51
6/27/2016,22:30:44,0,9.5537,20.191
6/27/2016,22:45:44,0,9.5541,19.791
6/27/2016,23:00:44,0,9.5546,19.441
6/27/2016,23:15:44,0,9.5554,19.333
6/27/2016,23:30:44,0,9.5554,19.019
6/27/2016,23:45:44,0,9.5558,18.73
6/28/2016,0:00:44,0,9.5561,18.594
6/28/2016,0:15:44,0,9.556,18.34
6/28/2016,0:30:44,0,9.5558,18.065
6/28/2016,0:45:44,0,9.5555,17.847
6/28/2016,1:00:44,0,9.5551,17.577
6/28/2016,1:15:44,0,9.5553,17.244
6/28/2016,1:30:44,0,9.5551,17.099
6/28/2016,1:45:44,0,9.5557,17.109
6/28/2016,2:00:44,0,9.5559,16.925
6/28/2016,2:15:44,0,9.5558,16.681
6/28/2016,2:30:44,0,9.5557,16.572
6/28/2016,2:45:44,0,9.5546,16.461
6/28/2016,3:00:44,0,9.5544,16.349
6/28/2016,3:15:44,0,9.5544,16.337
6/28/2016,3:30:44,0,9.5554,16.083
6/28/2016,3:45:44,0,9.5552,16.051
6/28/2016,4:00:44,0,9.5562,15.832
6/28/2016,4:15:44,0,9.5555,15.707
6/28/2016,4:30:44,0,9.5559,15.519
6/28/2016,4:45:44,0,9.5566,15.648
6/28/2016,5:00:44,0,9.5586,15.549
6/28/2016,5:15:44,0,9.5596,15.526
6/28/2016,5:30:44,0,9.5575,17.848
6/28/2016,5:45:44,0,9.5593,17.418
6/28/2016,6:00:44,0,9.5581,18.726
6/28/2016,6:15:44,0,9.5591,19.158
6/28/2016,6:30:44,0,9.5572,19.416
6/28/2016,6:45:44,0,9.5587,20.36
6/28/2016,7:00:44,0,9.558,20.697
6/28/2016,7:15:44,0,9.5572,20.233
6/28/2016,7:30:44,0,9.558,20.44
6/28/2016,7:45:44,0,9.5575,21.172
6/28/2016,8:00:44,0,9.5566,22.059
6/28/2016,8:15:44,0,9.5555,22.997
6/28/2016,8:30:44,0,9.5535,23.867
6/28/2016,8:45:44,0,9.5528,24.727
6/28/2016,9:00:44,0,9.5508,25.695
6/28/2016,9:15:44,0,9.5498,26.601
6/28/2016,9:30:44,0,9.5496,28.84
6/28/2016,9:45:44,0,9.5495,30.173
6/28/2016,10:00:44,0,9.55,29.738
6/28/2016,10:15:44,0,9.5481,29.181
6/28/2016,10:30:44,0,9.546,29.843
6/28/2016,10:45:44,0,9.5455,30.135
6/28/2016,11:00:44,0,9.5434,30.742
6/28/2016,11:15:44,0,9.5423,31.805
6/28/2016,11:30:44,0,9.5414,31.949
6/28/2016,11:45:44,0,9.5402,32.66
6/28/2016,12:00:44,0,9.5398,33.202
6/28/2016,12:15:44,0,9.5395,33.853
6/28/2016,12:30:44,0,9.5397,33.877
6/28/2016,12:45:44,0,9.5386,34.331
6/28/2016,13:00:44,0,9.5379,34.682
6/28/2016,13:15:44,0,9.5384,35.998
6/28/2016,13:30:44,0,9.539,37.018
6/28/2016,13:45:44,0,9.5378,36.64
6/28/2016,14:00:44,0,9.5382,36.878
6/28/2016,14:15:44,0,9.5347,34.985
6/28/2016,14:30:44,0,9.5336,34.809
6/28/2016,14:45:44,0,9.5325,34.276
6/28/2016,15:00:44,0,9.5318,33.944
6/28/2016,15:15:44,0,9.5297,33.635
6/28/2016,15:30:44,0,9.5287,33.443
6/28/2016,15:45:44,0,9.528,32.871
6/28/2016,16:00:44,0,9.5273,32.319
6/28/2016,16:15:44,0,9.5265,32.039
6/28/2016,16:30:44,0,9.5252,31.489
6/28/2016,16:45:44,0,9.5239,30.887
6/28/2016,17:00:44,0,9.5239,30.379
6/28/2016,17:15:44,0,9.5235,29.871
6/28/2016,17:30:44,0,9.5241,29.375
6/28/2016,17:45:44,0,9.5246,29.007
6/28/2016,18:00:44,0,9.526,28.512
6/28/2016,18:15:44,0,9.5269,28.15
6/28/2016,18:30:44,0,9.5277,27.812
6/28/2016,18:45:44,0,9.5292,27.458
6/28/2016,19:00:44,0,9.5315,26.843
6/28/2016,19:15:44,0,9.5332,26.158
6/28/2016,19:30:44,0,9.5343,25.46
6/28/2016,19:45:44,0,9.5361,24.863
6/28/2016,20:00:44,0,9.5378,24.338
6/28/2016,20:15:44,0,9.5402,23.929
6/28/2016,20:30:44,0,9.5424,23.414
6/28/2016,20:45:44,0,9.5438,22.945
6/28/2016,21:00:44,0,9.5449,22.456
6/28/2016,21:15:44,0,9.5458,22.12
6/28/2016,21:30:44,0,9.5455,21.705
6/28/2016,21:45:44,0,9.5451,21.331
6/28/2016,22:00:44,0,9.5446,20.935
6/28/2016,22:15:44,0,9.5448,20.647
6/28/2016,22:30:44,0,9.5437,20.412
6/28/2016,22:45:44,0,9.5437,20.058
6/28/2016,23:00:44,0,9.5441,19.62
6/28/2016,23:15:44,0,9.5439,19.462
6/28/2016,23:30:44,0,9.5437,19.23
6/28/2016,23:45:44,0,9.5433,19.01
6/29/2016,0:00:44,0,9.5431,18.605
6/29/2016,0:15:44,0,9.5437,18.341
6/29/2016,0:30:44,0,9.5443,18.123
6/29/2016,0:45:44,0,9.5434,18.021
6/29/2016,1:00:44,0,9.5431,17.734
6/29/2016,1:15:44,0,9.5424,17.611
6/29/2016,1:30:44,0,9.5409,17.48
6/29/2016,1:45:44,0,9.5396,17.23
6/29/2016,2:00:44,0,9.5385,16.994
6/29/2016,2:15:44,0,9.5383,16.878
6/29/2016,2:30:44,0,9.5375,16.628
6/29/2016,2:45:44,0,9.5361,16.542
6/29/2016,3:00:44,0,9.5359,16.338
6/29/2016,3:15:44,0,9.535,16.19
6/29/2016,3:30:44,0,9.535,16.026
6/29/2016,3:45:44,0,9.535,15.811
6/29/2016,4:00:44,0,9.5345,15.792
6/29/2016,4:15:44,0,9.5347,15.797
6/29/2016,4:30:44,0,9.5347,15.764
6/29/2016,4:45:44,0,9.5355,15.753
6/29/2016,5:00:44,0,9.5359,15.544
6/29/2016,5:15:44,0,9.5363,15.449
6/29/2016,5:30:44,0,9.5371,15.384
6/29/2016,5:45:44,0,9.5376,15.357
6/29/2016,6:00:44,0,9.5367,15.438
6/29/2016,6:15:44,0,9.5363,15.626
6/29/2016,6:30:44,0,9.5364,16.152
6/29/2016,6:45:44,0,9.5355,17.271
6/29/2016,7:00:44,0,9.535,19.163
6/29/2016,7:15:44,0,9.5361,20.094
6/29/2016,7:30:44,0,9.5355,19.783
6/29/2016,7:45:44,0,9.5358,20.156
6/29/2016,8:00:44,0,9.5353,20.385
6/29/2016,8:15:44,0,9.535,22.013
6/29/2016,8:30:44,0,9.5352,22.859
6/29/2016,8:45:44,0,9.5333,24.284
6/29/2016,9:00:44,0,9.5332,25.918
6/29/2016,9:15:44,0,9.5327,27.111
6/29/2016,9:30:44,0,9.532,29.041
6/29/2016,9:45:44,0,9.5334,29.844
6/29/2016,10:00:44,0,9.5325,29.161
6/29/2016,10:15:44,0,9.5297,29.544
6/29/2016,10:30:44,0,9.5286,30.465
6/29/2016,10:45:44,0,9.5283,30.323
6/29/2016,11:00:44,0,9.527,30.873
6/29/2016,11:15:44,0,9.5249,31.83
6/29/2016,11:30:44,0,9.5253,32.404
6/29/2016,11:45:44,0,9.5241,32.833
6/29/2016,12:00:44,0,9.5238,33.003
6/29/2016,12:15:44,0,9.5238,33.322
6/29/2016,12:30:44,0,9.524,33.409
6/29/2016,12:45:44,0,9.5229,33.53
6/29/2016,13:00:44,0,9.5233,33.853
6/29/2016,13:15:44,0,9.5238,34.77
6/29/2016,13:30:44,0,9.5238,36.186
6/29/2016,13:45:44,0,9.5233,36.119
6/29/2016,14:00:44,0,9.5224,36.319
6/29/2016,14:15:44,0,9.5196,34.893
6/29/2016,14:30:44,0,9.5177,34.305
6/29/2016,14:45:44,0,9.5158,33.753
6/29/2016,15:00:44,0,9.516,33.546
6/29/2016,15:15:44,0,9.5146,33.319
6/29/2016,15:30:44,0,9.5141,32.946
6/29/2016,15:45:44,0,9.5126,32.266
6/29/2016,16:00:44,0,9.5117,31.589
6/29/2016,16:15:44,0,9.5115,31.101
6/29/2016,16:30:44,0,9.5116,30.794
6/29/2016,16:45:44,0,9.5108,30.199
6/29/2016,17:00:44,0,9.5106,29.766
6/29/2016,17:15:44,0,9.5106,29.448
6/29/2016,17:30:44,0,9.511,28.959
6/29/2016,17:45:44,0,9.512,28.571
6/29/2016,18:00:44,0,9.5135,28.188
6/29/2016,18:15:44,0,9.5146,27.814
6/29/2016,18:30:44,0,9.5155,27.446
6/29/2016,18:45:44,0,9.5165,27.085
6/29/2016,19:00:44,0,9.5177,26.501
6/29/2016,19:15:44,0,9.5193,25.756
6/29/2016,19:30:44,0,9.5205,25.168
6/29/2016,19:45:44,0,9.5224,24.46
6/29/2016,20:00:44,0,9.523,23.906
6/29/2016,20:15:44,0,9.5248,23.371
6/29/2016,20:30:44,0,9.5254,22.927
6/29/2016,20:45:44,0,9.5261,22.519
6/29/2016,21:00:44,0,9.527,22.063
6/29/2016,21:15:44,0,9.5264,21.642
6/29/2016,21:30:44,0,9.5261,21.323
6/29/2016,21:45:44,0,9.5256,20.925
6/29/2016,22:00:44,0,9.5257,20.609
6/29/2016,22:15:44,0,9.5262,20.213
6/29/2016,22:30:44,0,9.5259,19.77
6/29/2016,22:45:44,0,9.5257,19.421
6/29/2016,23:00:44,0,9.5263,19.092
6/29/2016,23:15:44,0,9.5258,18.747
6/29/2016,23:30:44,0,9.5252,18.36
6/29/2016,23:45:44,0,9.5247,18.014
6/30/2016,0:00:44,0,9.5242,17.785
6/30/2016,0:15:44,0,9.5233,17.528
6/30/2016,0:30:44,0,9.5231,17.122
6/30/2016,0:45:44,0,9.5232,16.862
6/30/2016,1:00:44,0,9.5229,16.55
6/30/2016,1:15:44,0,9.5223,16.27
6/30/2016,1:30:44,0,9.5224,16.242
6/30/2016,1:45:44,0,9.5222,15.923
6/30/2016,2:00:44,0,9.5235,15.869
6/30/2016,2:15:44,0,9.5223,15.927
6/30/2016,2:30:44,0,9.5219,15.764
6/30/2016,2:45:44,0,9.5233,15.592
6/30/2016,3:00:44,0,9.5228,15.463
6/30/2016,3:15:44,0,9.5212,15.304
6/30/2016,3:30:44,0,9.5211,14.995
6/30/2016,3:45:44,0,9.5196,14.574
6/30/2016,4:00:44,0,9.5184,14.356
6/30/2016,4:15:44,0,9.5189,14.737
6/30/2016,4:30:44,0,9.5171,16.447
6/30/2016,4:45:44,0,9.5205,16.84
6/30/2016,5:00:44,0,9.5195,17.24
6/30/2016,5:15:44,0,9.5203,16.984
6/30/2016,5:30:44,0,9.5197,17.207
6/30/2016,5:45:44,0,9.5198,16.836
6/30/2016,6:00:44,0,9.5194,16.709
6/30/2016,6:15:44,0,9.5198,16.854
6/30/2016,6:30:44,0,9.5186,17.427
6/30/2016,6:45:44,0,9.5185,17.649
6/30/2016,7:00:44,0,9.5182,17.839
6/30/2016,7:15:44,0,9.5187,18.03
6/30/2016,7:30:44,0,9.5177,17.781
6/30/2016,7:45:44,0,9.5175,18.129
6/30/2016,8:00:44,0,9.5165,18.757
6/30/2016,8:15:44,0,9.5153,20.827
6/30/2016,8:30:44,0,9.5141,22.726
6/30/2016,8:45:44,0,9.5134,24.314
6/30/2016,9:00:44,0,9.5131,25.611
6/30/2016,9:15:44,0,9.5136,26.485
6/30/2016,9:30:44,0,9.5129,27.774
6/30/2016,9:45:44,0,9.514,28.641
6/30/2016,10:00:44,0,9.512,28.38
6/30/2016,10:15:44,0,9.5093,28.349
6/30/2016,10:30:44,0,9.5087,29.181
6/30/2016,10:45:44,0,9.5062,29.479
6/30/2016,11:00:44,0,9.5049,30.218
6/30/2016,11:15:44,0,9.504,30.87
6/30/2016,11:30:44,0,9.5026,31.903
6/30/2016,11:45:44,0,9.502,32.435
6/30/2016,12:00:44,0,9.5017,33.161
6/30/2016,12:15:44,0,9.5001,33.565
6/30/2016,12:30:44,0,9.4992,33.792
6/30/2016,12:45:44,0,9.4982,33.937
6/30/2016,13:00:44,0,9.4974,34.408
6/30/2016,13:15:44,0,9.4982,35.639
6/30/2016,13:30:44,0,9.4994,37.083
6/30/2016,13:45:44,0,9.4976,36.589
6/30/2016,14:00:44,0,9.4968,37.206
6/30/2016,14:15:44,0,9.495,35.168
6/30/2016,14:30:44,0,9.492,34.703
6/30/2016,14:45:44,0,9.4912,34.142
6/30/2016,15:00:44,0,9.4904,33.919
6/30/2016,15:15:44,0,9.4894,33.632
6/30/2016,15:30:44,0,9.4873,33.452
6/30/2016,15:45:44,0,9.4866,32.937
6/30/2016,16:00:44,0,9.4858,32.361
6/30/2016,16:15:44,0,9.4845,31.888
6/30/2016,16:30:44,0,9.4842,31.357
6/30/2016,16:45:44,0,9.484,30.636
6/30/2016,17:00:44,0,9.4825,30.195
6/30/2016,17:15:44,0,9.4825,29.732
6/30/2016,17:30:44,0,9.4818,29.281
6/30/2016,17:45:44,0,9.483,28.91
6/30/2016,18:00:44,0,9.4841,28.488
6/30/2016,18:15:44,0,9.4852,28.083
6/30/2016,18:30:44,0,9.4855,27.669
6/30/2016,18:45:44,0,9.4861,27.328
6/30/2016,19:00:44,0,9.4879,26.85
6/30/2016,19:15:44,0,9.489,26.208
6/30/2016,19:30:44,0,9.4904,25.576
6/30/2016,19:45:44,0,9.492,25.087
6/30/2016,20:00:44,0,9.4934,24.53
6/30/2016,20:15:44,0,9.4953,23.983
6/30/2016,20:30:44,0,9.498,23.504
6/30/2016,20:45:44,0,9.5001,22.98
6/30/2016,21:00:44,0,9.5021,22.571
6/30/2016,21:15:44,0,9.5029,22.18
6/30/2016,21:30:44,0,9.5034,21.86
6/30/2016,21:45:44,0,9.503,21.536
6/30/2016,22:00:44,0,9.5033,20.958
6/30/2016,22:15:44,0,9.5038,20.753
6/30/2016,22:30:44,0,9.504,20.333
6/30/2016,22:45:44,0,9.503,20.161
6/30/2016,23:00:44,0,9.5028,19.893
6/30/2016,23:15:44,0,9.5017,19.668
6/30/2016,23:30:44,0,9.501,19.336
6/30/2016,23:45:44,0,9.5002,19.09
7/1/2016,0:00:44,0,9.5003,18.966
7/1/2016,0:15:44,0,9.4982,18.686
7/1/2016,0:30:44,0,9.4981,18.377
7/1/2016,0:45:44,0,9.4971,18.43
7/1/2016,1:00:44,0,9.4978,18.548
7/1/2016,1:15:44,0,9.4968,18.464
7/1/2016,1:30:44,0,9.4975,18.272
7/1/2016,1:45:44,0,9.497,18.46
7/1/2016,2:00:44,0,9.4966,18.733
7/1/2016,2:15:44,0,9.4971,18.432
7/1/2016,2:30:44,0,9.4972,18.335
7/1/2016,2:45:44,0,9.4977,18.295
7/1/2016,3:00:44,0,9.4969,17.908
7/1/2016,3:15:44,0,9.4958,17.73
7/1/2016,3:30:44,0,9.4957,17.663
7/1/2016,3:45:44,0,9.4959,19.273
7/1/2016,4:00:44,0,9.497,19.076
7/1/2016,4:15:44,0,9.4988,18.264
7/1/2016,4:30:44,0,9.4992,17.654
7/1/2016,4:45:44,0,9.4999,17.211
7/1/2016,5:00:44,0,9.5005,16.76
7/1/2016,5:15:44,0,9.502,16.463
7/1/2016,5:30:44,0,9.5029,16.406
7/1/2016,5:45:44,0,9.5039,16.262
7/1/2016,6:00:44,0,9.5044,16.22
7/1/2016,6:15:44,0,9.505,16.382
7/1/2016,6:30:44,0,9.5056,16.615
7/1/2016,6:45:44,0,9.5072,16.873
7/1/2016,7:00:44,0,9.508,17.235
7/1/2016,7:15:44,0,9.5087,17.562
7/1/2016,7:30:44,0,9.5083,18.055
7/1/2016,7:45:44,0,9.5081,18.66
7/1/2016,8:00:44,0,9.5072,19.471
7/1/2016,8:15:44,0,9.5052,22.183
7/1/2016,8:30:44,0,9.5065,23.701
7/1/2016,8:45:44,0,9.5062,25.072
7/1/2016,9:00:44,0,9.5055,26.32
7/1/2016,9:15:44,0,9.5069,26.985
7/1/2016,9:30:44,0,9.5076,27.676
7/1/2016,9:45:44,0,9.5086,28.586
7/1/2016,10:00:44,0,9.5076,28.957
7/1/2016,10:15:44,0,9.5061,29.267
7/1/2016,10:30:44,0,9.5046,30.423
7/1/2016,10:45:44,0,9.5045,30.251
7/1/2016,11:00:44,0,9.5018,30.952
7/1/2016,11:15:44,0,9.5016,31.555
7/1/2016,11:30:44,0,9.5006,32.226
7/1/2016,11:45:44,0,9.5003,32.683
7/1/2016,12:00:44,0,9.5015,32.862
7/1/2016,12:15:44,0,9.5005,32.944
7/1/2016,12:30:44,0,9.4997,33.268
7/1/2016,12:45:44,0,9.4998,33.196
7/1/2016,13:00:44,0,9.4994,33.716
7/1/2016,13:15:44,0,9.4998,34.383
7/1/2016,13:30:44,0,9.499,35.458
7/1/2016,13:45:44,0,9.4992,35.064
7/1/2016,14:00:44,0,9.4984,35.992
7/1/2016,14:15:44,0,9.497,34.212
7/1/2016,14:30:44,0,9.4967,33.628
7/1/2016,14:45:44,0,9.4954,33.301
7/1/2016,15:00:44,0,9.4949,32.983
7/1/2016,15:15:44,0,9.4949,32.871
7/1/2016,15:30:44,0,9.495,32.144
7/1/2016,15:45:44,0,9.495,31.188
7/1/2016,16:00:44,0,9.4941,30.455
7/1/2016,16:15:44,0,9.4935,29.915
7/1/2016,16:30:44,0,9.4936,29.464
7/1/2016,16:45:44,0,9.4933,29.23
7/1/2016,17:00:44,0,9.494,28.804
7/1/2016,17:15:44,0,9.4935,28.326
7/1/2016,17:30:44,0,9.494,27.962
7/1/2016,17:45:44,0,9.495,27.597
7/1/2016,18:00:44,0,9.4967,27.332
7/1/2016,18:15:44,0,9.498,27.01
7/1/2016,18:30:44,0,9.4995,26.748
7/1/2016,18:45:44,0,9.5002,26.429
7/1/2016,19:00:44,0,9.5019,25.887
7/1/2016,19:15:44,0,9.5026,25.271
7/1/2016,19:30:44,0,9.5038,24.725
7/1/2016,19:45:44,0,9.5061,24.273
7/1/2016,20:00:44,0,9.5059,23.8
7/1/2016,20:15:44,0,9.5078,23.265
7/1/2016,20:30:44,0,9.5096,22.822
7/1/2016,20:45:44,0,9.5114,22.382
7/1/2016,21:00:44,0,9.5128,22.035
7/1/2016,21:15:44,0,9.5137,21.622
7/1/2016,21:30:44,0,9.5131,21.186
7/1/2016,21:45:44,0,9.5141,20.883
7/1/2016,22:00:44,0,9.5153,20.561
7/1/2016,22:15:44,0,9.5154,20.197
7/1/2016,22:30:44,0,9.5154,20.025
7/1/2016,22:45:44,0,9.5159,19.688
7/1/2016,23:00:44,0,9.516,19.395
7/1/2016,23:15:44,0,9.5165,19.214
7/1/2016,23:30:44,0,9.5168,18.878
7/1/2016,23:45:44,0,9.5179,18.467
7/2/2016,0:00:44,0,9.5184,18.344
7/2/2016,0:15:44,0,9.5184,18.235
7/2/2016,0:30:44,0,9.5182,18.019
7/2/2016,0:45:44,0,9.5174,17.906
7/2/2016,1:00:44,0,9.5187,17.68
7/2/2016,1:15:44,0,9.519,17.48
7/2/2016,1:30:44,0,9.5189,17.482
7/2/2016,1:45:44,0,9.5192,17.327
7/2/2016,2:00:44,0,9.5188,17.098
7/2/2016,2:15:44,0,9.519,16.849
7/2/2016,2:30:44,0,9.5194,16.58
7/2/2016,2:45:44,0,9.5191,16.466
7/2/2016,3:00:44,0,9.5189,16.261
7/2/2016,3:15:44,0,9.5184,16.103
7/2/2016,3:30:44,0,9.5183,15.962
7/2/2016,3:45:44,0,9.519,15.906
7/2/2016,4:00:44,0,9.5198,15.772
7/2/2016,4:15:44,0,9.5205,15.649
7/2/2016,4:30:44,0,9.5214,15.55
7/2/2016,4:45:44,0,9.5202,15.445
7/2/2016,5:00:44,0,9.52,15.268
7/2/2016,5:15:44,0,9.5214,15.328
7/2/2016,5:30:44,0,9.5229,15.334
7/2/2016,5:45:44,0,9.5231,15.356
7/2/2016,6:00:44,0,9.5234,15.401
7/2/2016,6:15:44,0,9.5238,15.4
7/2/2016,6:30:44,0,9.5246,15.554
7/2/2016,6:45:44,0,9.5254,15.912
7/2/2016,7:00:44,0,9.526,16.233
7/2/2016,7:15:44,0,9.5272,16.725
7/2/2016,7:30:44,0,9.5279,17.28
7/2/2016,7:45:44,0,9.528,18.017
7/2/2016,8:00:44,0,9.5284,18.884
7/2/2016,8:15:44,0,9.5284,20.995
7/2/2016,8:30:44,0,9.5291,22.492
7/2/2016,8:45:44,0,9.5284,23.758
7/2/2016,9:00:44,0,9.5271,24.811
7/2/2016,9:15:44,0,9.5264,25.927
7/2/2016,9:30:44,0,9.5271,27.52
7/2/2016,9:45:44,0,9.5283,28.183
7/2/2016,10:00:44,0,9.5271,28.25
7/2/2016,10:15:44,0,9.5253,28.525
7/2/2016,10:30:44,0,9.5244,29.095
7/2/2016,10:45:44,0,9.5227,29.125
7/2/2016,11:00:44,0,9.5213,30.047
7/2/2016,11:15:44,0,9.52,30.937
7/2/2016,11:30:44,0,9.5213,31.516
7/2/2016,11:45:44,0,9.5201,31.881
7/2/2016,12:00:44,0,9.5205,32.114
7/2/2016,12:15:44,0,9.5193,32.258
7/2/2016,12:30:44,0,9.5195,32.307
7/2/2016,12:45:44,0,9.5185,32.491
7/2/2016,13:00:44,0,9.5191,33.12
7/2/2016,13:15:44,0,9.5191,33.745
7/2/2016,13:30:44,0,9.5193,34.683
7/2/2016,13:45:44,0,9.5189,34.186
7/2/2016,14:00:44,0,9.5195,35.233
7/2/2016,14:15:44,0,9.5183,33.485
7/2/2016,14:30:44,0,9.5178,33.143
7/2/2016,14:45:44,0,9.517,32.511
7/2/2016,15:00:44,0,9.5168,32.37
7/2/2016,15:15:44,0,9.5181,32.157
7/2/2016,15:30:44,0,9.5178,31.986
7/2/2016,15:45:44,0,9.5179,31.819
7/2/2016,16:00:44,0,9.5175,31.289
7/2/2016,16:15:44,0,9.5175,30.95
7/2/2016,16:30:44,0,9.5178,30.362
7/2/2016,16:45:44,0,9.5172,30.031
7/2/2016,17:00:44,0,9.5167,29.511
7/2/2016,17:15:44,0,9.5166,28.907
7/2/2016,17:30:44,0,9.5169,28.548
7/2/2016,17:45:44,0,9.5165,28.177
7/2/2016,18:00:44,0,9.5172,27.834
7/2/2016,18:15:44,0,9.5181,27.438
7/2/2016,18:30:44,0,9.5196,27.126
7/2/2016,18:45:44,0,9.5208,26.841
7/2/2016,19:00:44,0,9.5223,26.414
7/2/2016,19:15:44,0,9.5237,25.811
7/2/2016,19:30:44,0,9.5249,25.239
7/2/2016,19:45:44,0,9.5257,24.762
7/2/2016,20:00:44,0,9.5275,24.256
7/2/2016,20:15:44,0,9.5295,23.75
7/2/2016,20:30:44,0,9.5317,23.301
7/2/2016,20:45:44,0,9.5342,22.801
7/2/2016,21:00:44,0,9.5361,22.425
7/2/2016,21:15:44,0,9.5385,21.986
7/2/2016,21:30:44,0,9.5392,21.669
7/2/2016,21:45:44,0,9.5395,21.326
7/2/2016,22:00:44,0,9.5384,20.958
7/2/2016,22:15:44,0,9.5386,20.648
7/2/2016,22:30:44,0,9.5394,20.273
7/2/2016,22:45:44,0,9.5403,19.803
7/2/2016,23:00:44,0,9.5415,19.633
7/2/2016,23:15:44,0,9.5424,19.318
7/2/2016,23:30:44,0,9.5422,19.017
7/2/2016,23:45:44,0,9.542,18.818
7/3/2016,0:00:44,0,9.5426,18.572
7/3/2016,0:15:44,0,9.5429,18.188
7/3/2016,0:30:44,0,9.543,18.061
7/3/2016,0:45:44,0,9.5426,17.772
7/3/2016,1:00:44,0,9.543,17.557
7/3/2016,1:15:44,0,9.5445,17.341
7/3/2016,1:30:44,0,9.5441,17.142
7/3/2016,1:45:44,0,9.544,16.89
7/3/2016,2:00:44,0,9.5432,16.733
7/3/2016,2:15:44,0,9.5429,16.515
7/3/2016,2:30:44,0,9.5425,16.185
7/3/2016,2:45:44,0,9.5434,15.936
7/3/2016,3:00:44,0,9.5427,15.784
7/3/2016,3:15:44,0,9.5419,15.557
7/3/2016,3:30:44,0,9.5419,15.634
7/3/2016,3:45:44,0,9.5422,15.468
7/3/2016,4:00:44,0,9.5426,15.457
7/3/2016,4:15:44,0,9.544,15.335
7/3/2016,4:30:44,0,9.5447,15.099
7/3/2016,4:45:44,0,9.5454,15.006
7/3/2016,5:00:44,0,9.5462,14.845
7/3/2016,5:15:44,0,9.547,14.747
7/3/2016,5:30:44,0,9.5474,14.789
7/3/2016,5:45:44,0,9.5489,14.792
7/3/2016,6:00:44,0,9.5486,14.773
7/3/2016,6:15:44,0,9.5482,14.794
7/3/2016,6:30:44,0,9.5488,14.827
7/3/2016,6:45:44,0,9.5492,15.151
7/3/2016,7:00:44,0,9.5492,15.554
7/3/2016,7:15:44,0,9.5493,16.114
7/3/2016,7:30:44,0,9.5489,16.79
7/3/2016,7:45:44,0,9.5485,17.456
7/3/2016,8:00:44,0,9.5483,18.366
7/3/2016,8:15:44,0,9.549,20.226
7/3/2016,8:30:44,0,9.5493,21.739
7/3/2016,8:45:44,0,9.5477,23.439
7/3/2016,9:00:44,0,9.5468,24.749
7/3/2016,9:15:44,0,9.5469,25.788
7/3/2016,9:30:44,0,9.5479,27.312
7/3/2016,9:45:44,0,9.5486,27.828
7/3/2016,10:00:44,0,9.5473,27.807
7/3/2016,10:15:44,0,9.5456,28.004
7/3/2016,10:30:44,0,9.5435,29.439
7/3/2016,10:45:44,0,9.5429,29.116
7/3/2016,11:00:44,0,9.5428,29.632
7/3/2016,11:15:44,0,9.5418,30.683
7/3/2016,11:30:44,0,9.5428,31.086
7/3/2016,11:45:44,0,9.5416,31.151
7/3/2016,12:00:44,0,9.542,31.198
7/3/2016,12:15:44,0,9.5414,31.589
7/3/2016,12:30:44,0,9.5408,31.707
7/3/2016,12:45:44,0,9.5403,31.742
7/3/2016,13:00:44,0,9.5394,32.132
7/3/2016,13:15:44,0,9.5411,32.494
7/3/2016,13:30:44,0,9.5408,33.98
7/3/2016,13:45:44,0,9.5397,33.229
7/3/2016,14:00:44,0,9.5404,34.238
7/3/2016,14:15:44,0,9.5385,32.777
7/3/2016,14:30:44,0,9.5377,32.368
7/3/2016,14:45:44,0,9.5368,31.678
7/3/2016,15:00:44,0,9.5361,31.569
7/3/2016,15:15:44,0,9.5356,31.443
7/3/2016,15:30:44,0,9.5351,31.184
7/3/2016,15:45:44,0,9.5329,30.938
7/3/2016,16:00:44,0,9.5332,30.593
7/3/2016,16:15:44,0,9.534,30.122
7/3/2016,16:30:44,0,9.5334,29.613
7/3/2016,16:45:44,0,9.5329,29.182
7/3/2016,17:00:44,0,9.5324,28.664
7/3/2016,17:15:44,0,9.5317,28.237
7/3/2016,17:30:44,0,9.532,27.829
7/3/2016,17:45:44,0,9.5323,27.405
7/3/2016,18:00:44,0,9.5326,27.031
7/3/2016,18:15:44,0,9.5334,26.654
7/3/2016,18:30:44,0,9.5341,26.284
7/3/2016,18:45:44,0,9.5351,25.904
7/3/2016,19:00:44,0,9.536,25.468
7/3/2016,19:15:44,0,9.5371,24.768
7/3/2016,19:30:44,0,9.5366,24.131
7/3/2016,19:45:44,0,9.5377,23.578
7/3/2016,20:00:44,0,9.5393,23.003
7/3/2016,20:15:44,0,9.5409,22.591
7/3/2016,20:30:44,0,9.5433,22.08
7/3/2016,20:45:44,0,9.5448,21.67
7/3/2016,21:00:44,0,9.5462,21.21
7/3/2016,21:15:44,0,9.5468,20.882
7/3/2016,21:30:44,0,9.5477,20.494
7/3/2016,21:45:44,0,9.5482,20.222
7/3/2016,22:00:44,0,9.5479,19.874
7/3/2016,22:15:44,0,9.5485,19.578
7/3/2016,22:30:44,0,9.5481,19.109
7/3/2016,22:45:44,0,9.5489,18.8
7/3/2016,23:00:44,0,9.5499,18.552
7/3/2016,23:15:44,0,9.5496,18.25
7/3/2016,23:30:44,0,9.5487,18.119
7/3/2016,23:45:44,0,9.5479,17.922
7/4/2016,0:00:44,0,9.5475,17.608
7/4/2016,0:15:44,0,9.5481,17.326
7/4/2016,0:30:44,0,9.5472,17.037
7/4/2016,0:45:44,0,9.547,16.77
7/4/2016,1:00:44,0,9.547,16.331
7/4/2016,1:15:44,0,9.5461,16.342
7/4/2016,1:30:44,0,9.5449,16.035
7/4/2016,1:45:44,0,9.5439,15.961
7/4/2016,2:00:44,0,9.5438,15.822
7/4/2016,2:15:44,0,9.5429,15.474
7/4/2016,2:30:44,0,9.5418,15.454
7/4/2016,2:45:44,0,9.5412,15.31
7/4/2016,3:00:44,0,9.542,15.232
7/4/2016,3:15:44,0,9.5424,15.178
7/4/2016,3:30:44,0,9.5429,14.991
7/4/2016,3:45:44,0,9.5427,14.955
7/4/2016,4:00:44,0,9.5436,14.93
7/4/2016,4:15:44,0,9.5441,14.98
7/4/2016,4:30:44,0,9.5441,15.644
7/4/2016,4:45:44,0,9.5451,15.831
7/4/2016,5:00:44,0,9.5458,16.062
7/4/2016,5:15:44,0,9.5463,16.479
7/4/2016,5:30:44,0,9.5462,16.828
7/4/2016,5:45:44,0,9.548,17.148
7/4/2016,6:00:44,0,9.5479,17.349
7/4/2016,6:15:44,0,9.5467,17.57
7/4/2016,6:30:44,0,9.5485,17.138
7/4/2016,6:45:44,0,9.5467,17.51
7/4/2016,7:00:44,0,9.5478,17.25
7/4/2016,7:15:44,0,9.5473,17.364
7/4/2016,7:30:44,0,9.5468,18.209
7/4/2016,7:45:44,0,9.5458,18.183
7/4/2016,8:00:44,0,9.5452,18.632
7/4/2016,8:15:44,0,9.5444,20.364
7/4/2016,8:30:44,0,9.5445,21.668
7/4/2016,8:45:44,0,9.5435,23.219
7/4/2016,9:00:44,0,9.5419,24.791
7/4/2016,9:15:44,0,9.5425,25.564
7/4/2016,9:30:44,0,9.5433,26.619
7/4/2016,9:45:44,0,9.5437,26.942
7/4/2016,10:00:44,0,9.5432,27.239
7/4/2016,10:15:44,0,9.5409,28.114
7/4/2016,10:30:44,0,9.5407,29.068
7/4/2016,10:45:44,0,9.5403,29.38
7/4/2016,11:00:44,0,9.5405,29.52
7/4/2016,11:15:44,0,9.5407,29.544
7/4/2016,11:30:44,0,9.5401,29.82
7/4/2016,11:45:44,0,9.5399,29.789
7/4/2016,12:00:44,0,9.5402,29.939
7/4/2016,12:15:44,0,9.5396,30.224
7/4/2016,12:30:44,0,9.5393,30.156
7/4/2016,12:45:44,0,9.5369,30.415
7/4/2016,13:00:44,0,9.5356,30.698
7/4/2016,13:15:44,0,9.536,31.612
7/4/2016,13:30:44,0,9.535,32.279
7/4/2016,13:45:44,0,9.5356,32.474
7/4/2016,14:00:44,0,9.5359,33.898
7/4/2016,14:15:44,0,9.5327,31.736
7/4/2016,14:30:44,0,9.5311,31.405
7/4/2016,14:45:44,0,9.5312,30.447
7/4/2016,15:00:44,0,9.5302,30.642
7/4/2016,15:15:44,0,9.5284,30.558
7/4/2016,15:30:44,0,9.5283,30.477
7/4/2016,15:45:44,0,9.5263,30.276
7/4/2016,16:00:44,0,9.5255,29.857
7/4/2016,16:15:44,0,9.5254,29.448
7/4/2016,16:30:44,0,9.5243,29.064
7/4/2016,16:45:44,0,9.5236,28.857
7/4/2016,17:00:44,0,9.5216,28.255
7/4/2016,17:15:44,0,9.5212,28.039
7/4/2016,17:30:44,0,9.522,27.664
7/4/2016,17:45:44,0,9.5217,27.37
7/4/2016,18:00:44,0,9.5221,27.074
7/4/2016,18:15:44,0,9.5222,26.778
7/4/2016,18:30:44,0,9.5233,26.495
7/4/2016,18:45:44,0,9.524,26.112
7/4/2016,19:00:44,0,9.5253,25.593
7/4/2016,19:15:44,0,9.5268,24.859
7/4/2016,19:30:44,0,9.5277,24.09
7/4/2016,19:45:44,0,9.5288,23.554
7/4/2016,20:00:44,0,9.5306,22.947
7/4/2016,20:15:44,0,9.5321,22.463
7/4/2016,20:30:44,0,9.5338,22.026
7/4/2016,20:45:44,0,9.5355,21.705
7/4/2016,21:00:44,0,9.5374,21.362
7/4/2016,21:15:44,0,9.5375,21.013
7/4/2016,21:30:44,0,9.5383,20.596
7/4/2016,21:45:44,0,9.5388,20.244
7/4/2016,22:00:44,0,9.5382,19.925
7/4/2016,22:15:44,0,9.5388,19.634
7/4/2016,22:30:44,0,9.5393,19.387
7/4/2016,22:45:44,0,9.5389,19.205
7/4/2016,23:00:44,0,9.5381,18.835
7/4/2016,23:15:44,0,9.538,18.563
7/4/2016,23:30:44,0,9.5385,18.209
7/4/2016,23:45:44,0,9.538,18.042
7/5/2016,0:00:44,0,9.5384,17.765
7/5/2016,0:15:44,0,9.5387,17.383
7/5/2016,0:30:44,0,9.5382,17.153
7/5/2016,0:45:44,0,9.5365,17.021
7/5/2016,1:00:44,0,9.5354,16.887
7/5/2016,1:15:44,0,9.5354,16.767
7/5/2016,1:30:44,0,9.5356,16.568
7/5/2016,1:45:44,0,9.5339,16.282
7/5/2016,2:00:44,0,9.5323,15.947
7/5/2016,2:15:44,0,9.5314,15.85
7/5/2016,2:30:44,0,9.5312,15.792
7/5/2016,2:45:44,0,9.5312,15.596
7/5/2016,3:00:44,0,9.5303,15.358
7/5/2016,3:15:44,0,9.5294,15.318
7/5/2016,3:30:44,0,9.5293,15.13
7/5/2016,3:45:44,0,9.5303,15.057
7/5/2016,4:00:44,0,9.5313,15.04
7/5/2016,4:15:44,0,9.5302,14.885
7/5/2016,4:30:44,0,9.5313,14.807
7/5/2016,4:45:44,0,9.5326,14.664
7/5/2016,5:00:44,0,9.5342,14.492
7/5/2016,5:15:44,0,9.535,14.347
7/5/2016,5:30:44,0,9.5356,14.359
7/5/2016,5:45:44,0,9.5361,14.324
7/5/2016,6:00:44,0,9.5366,14.248
7/5/2016,6:15:44,0,9.5361,14.363
7/5/2016,6:30:44,0,9.5352,14.358
7/5/2016,6:45:44,0,9.5363,14.774
7/5/2016,7:00:44,0,9.5353,15.268
7/5/2016,7:15:44,0,9.5351,15.739
7/5/2016,7:30:44,0,9.5344,16.341
7/5/2016,7:45:44,0,9.533,17.021
7/5/2016,8:00:44,0,9.5322,17.805
7/5/2016,8:15:44,0,9.5308,19.977
7/5/2016,8:30:44,0,9.5299,21.613
7/5/2016,8:45:44,0,9.5288,23.267
7/5/2016,9:00:44,0,9.5281,24.337
7/5/2016,9:15:44,0,9.5273,24.476
7/5/2016,9:30:44,0,9.5271,25.987
7/5/2016,9:45:44,0,9.5278,27.518
7/5/2016,10:00:44,0,9.5267,27.533
7/5/2016,10:15:44,0,9.5229,28.983
7/5/2016,10:30:44,0,9.5236,30.082
7/5/2016,10:45:44,0,9.5237,29.167
7/5/2016,11:00:44,0,9.5234,29.102
7/5/2016,11:15:44,0,9.523,29.288
7/5/2016,11:30:44,0,9.5228,29.248
7/5/2016,11:45:44,0,9.5219,29.375
7/5/2016,12:00:44,0,9.5229,29.405
7/5/2016,12:15:44,0,9.5221,29.802
7/5/2016,12:30:44,0,9.5219,29.931
7/5/2016,12:45:44,0,9.5226,30
7/5/2016,13:00:44,0,9.5218,29.464
7/5/2016,13:15:44,0,9.5219,30.316
7/5/2016,13:30:44,0,9.5215,31.803
7/5/2016,13:45:44,0,9.5203,31.562
7/5/2016,14:00:44,0,9.5206,32.416
7/5/2016,14:15:44,0,9.5189,30.599
7/5/2016,14:30:44,0,9.5167,29.952
7/5/2016,14:45:44,0,9.5146,29.568
7/5/2016,15:00:44,0,9.5128,29.352
7/5/2016,15:15:44,0,9.5115,29.365
7/5/2016,15:30:44,0,9.5115,29.375
7/5/2016,15:45:44,0,9.5107,29.111
7/5/2016,16:00:44,0,9.5107,29.005
7/5/2016,16:15:44,0,9.5095,28.648
7/5/2016,16:30:44,0,9.5077,28.401
7/5/2016,16:45:44,0,9.507,27.97
7/5/2016,17:00:44,0,9.506,27.411
7/5/2016,17:15:44,0,9.5056,27.108
7/5/2016,17:30:44,0,9.5068,26.63
7/5/2016,17:45:44,0,9.5067,26.049
7/5/2016,18:00:44,0,9.5074,25.684
7/5/2016,18:15:44,0,9.5086,25.375
7/5/2016,18:30:44,0,9.5082,25.066
7/5/2016,18:45:44,0,9.5093,24.744
7/5/2016,19:00:44,0,9.5101,24.277
7/5/2016,19:15:44,0,9.5109,23.637
7/5/2016,19:30:44,0,9.5114,23.057
7/5/2016,19:45:44,0,9.5124,22.52
7/5/2016,20:00:44,0,9.5134,22.008
7/5/2016,20:15:44,0,9.5139,21.542
7/5/2016,20:30:44,0,9.5162,21.026
7/5/2016,20:45:44,0,9.518,20.684
7/5/2016,21:00:44,0,9.5198,20.266
7/5/2016,21:15:44,0,9.5211,19.803
7/5/2016,21:30:44,0,9.5213,19.525
7/5/2016,21:45:44,0,9.5226,19.193
7/5/2016,22:00:44,0,9.5217,18.834
7/5/2016,22:15:44,0,9.5227,18.634
7/5/2016,22:30:44,0,9.5238,18.304
7/5/2016,22:45:44,0,9.5243,17.954
7/5/2016,23:00:44,0,9.525,17.701
7/5/2016,23:15:44,0,9.5256,17.525
7/5/2016,23:30:44,0,9.5255,17.286
7/5/2016,23:45:44,0,9.5255,16.74
7/6/2016,0:00:44,0,9.5243,16.677
7/6/2016,0:15:44,0,9.5246,16.523
7/6/2016,0:30:44,0,9.5256,16.259
7/6/2016,0:45:44,0,9.5262,16.085
7/6/2016,1:00:44,0,9.5261,15.956
7/6/2016,1:15:44,0,9.5258,15.711
7/6/2016,1:30:44,0,9.5272,15.184
7/6/2016,1:45:44,0,9.5255,15.097
7/6/2016,2:00:44,0,9.5244,14.984
7/6/2016,2:15:44,0,9.5243,14.909
7/6/2016,2:30:44,0,9.5247,14.764
7/6/2016,2:45:44,0,9.5236,14.634
7/6/2016,3:00:44,0,9.5219,14.373
7/6/2016,3:15:44,0,9.5214,14.227
7/6/2016,3:30:44,0,9.5217,14.077
7/6/2016,3:45:44,0,9.5219,13.918
7/6/2016,4:00:44,0,9.5222,13.804
7/6/2016,4:15:44,0,9.5241,13.737
7/6/2016,4:30:44,0,9.5247,13.539
7/6/2016,4:45:44,0,9.5251,13.331
7/6/2016,5:00:44,0,9.5261,13.296
7/6/2016,5:15:44,0,9.5266,13.116
7/6/2016,5:30:44,0,9.5265,13.034
7/6/2016,5:45:44,0,9.5274,13.034
7/6/2016,6:00:44,0,9.5276,13.03
7/6/2016,6:15:44,0,9.5272,13.028
7/6/2016,6:30:44,0,9.527,13.257
7/6/2016,6:45:44,0,9.5265,13.574
7/6/2016,7:00:44,0,9.5264,14.033
7/6/2016,7:15:44,0,9.5266,14.503
7/6/2016,7:30:44,0,9.5262,15.135
7/6/2016,7:45:44,0,9.5268,15.88
7/6/2016,8:00:44,0,9.5265,16.7
7/6/2016,8:15:44,0,9.5242,19.064
7/6/2016,8:30:44,0,9.5238,21.235
7/6/2016,8:45:44,0,9.5226,22.756
7/6/2016,9:00:44,0,9.5222,23.878
7/6/2016,9:15:44,0,9.5205,24.122
7/6/2016,9:30:44,0,9.52,25.822
7/6/2016,9:45:44,0,9.52,27
7/6/2016,10:00:44,0,9.5201,26.696
7/6/2016,10:15:44,0,9.5172,28.252
7/6/2016,10:30:44,0,9.5164,29.767
7/6/2016,10:45:44,0,9.5175,28.673
7/6/2016,11:00:44,0,9.517,28.335
7/6/2016,11:15:44,0,9.5166,28.526
7/6/2016,11:30:44,0,9.5168,28.663
7/6/2016,11:45:44,0,9.515,28.592
7/6/2016,12:00:44,0,9.5138,28.664
7/6/2016,12:15:44,0,9.514,29.066
7/6/2016,12:30:44,0,9.5154,29.155
7/6/2016,12:45:44,0,9.5146,29.006
7/6/2016,13:00:44,0,9.5142,29.253
7/6/2016,13:15:44,0,9.5155,29.866
7/6/2016,13:30:44,0,9.5151,31.35
7/6/2016,13:45:44,0,9.5176,30.765
7/6/2016,14:00:44,0,9.5173,31.381
7/6/2016,14:15:44,0,9.5168,29.72
7/6/2016,14:30:44,0,9.5152,29.392
7/6/2016,14:45:44,0,9.515,28.937
7/6/2016,15:00:44,0,9.5151,28.593
7/6/2016,15:15:44,0,9.5137,28.366
7/6/2016,15:30:44,0,9.513,28.432
7/6/2016,15:45:44,0,9.5127,28.279
7/6/2016,16:00:44,0,9.5122,27.967
7/6/2016,16:15:44,0,9.5104,27.895
7/6/2016,16:30:44,0,9.511,27.604
7/6/2016,16:45:44,0,9.51,27.368
7/6/2016,17:00:44,0,9.5099,26.921
7/6/2016,17:15:44,0,9.5085,26.372
7/6/2016,17:30:44,0,9.5086,25.907
7/6/2016,17:45:44,0,9.5101,25.639
7/6/2016,18:00:44,0,9.5107,25.306
7/6/2016,18:15:44,0,9.5114,25.041
7/6/2016,18:30:44,0,9.5118,24.769
7/6/2016,18:45:44,0,9.5132,24.448
7/6/2016,19:00:44,0,9.5148,23.994
7/6/2016,19:15:44,0,9.516,23.403
7/6/2016,19:30:44,0,9.517,22.795
7/6/2016,19:45:44,0,9.5186,22.245
7/6/2016,20:00:44,0,9.5195,21.796
7/6/2016,20:15:44,0,9.5212,21.313
7/6/2016,20:30:44,0,9.5235,20.74
7/6/2016,20:45:44,0,9.5244,20.521
7/6/2016,21:00:44,0,9.5243,20.223
7/6/2016,21:15:44,0,9.5246,19.883
7/6/2016,21:30:44,0,9.5242,19.531
7/6/2016,21:45:44,0,9.5243,19.199
7/6/2016,22:00:44,0,9.5245,18.903
7/6/2016,22:15:44,0,9.5248,18.638
7/6/2016,22:30:44,0,9.5249,18.26
7/6/2016,22:45:44,0,9.5252,18.016
7/6/2016,23:00:44,0,9.5252,17.711
7/6/2016,23:15:44,0,9.5252,17.439
7/6/2016,23:30:44,0,9.5242,17.224
7/6/2016,23:45:44,0,9.5231,17.063
7/7/2016,0:00:44,0,9.5234,16.823
7/7/2016,0:15:44,0,9.5231,16.321
7/7/2016,0:30:44,0,9.5236,16.278
7/7/2016,0:45:44,0,9.5237,16.145
7/7/2016,1:00:44,0,9.5235,15.937
7/7/2016,1:15:44,0,9.5229,15.912
7/7/2016,1:30:44,0,9.5233,15.577
7/7/2016,1:45:44,0,9.5227,15.416
7/7/2016,2:00:44,0,9.5241,15.276
7/7/2016,2:15:44,0,9.5251,15.073
7/7/2016,2:30:44,0,9.5251,15.016
7/7/2016,2:45:44,0,9.526,14.791
7/7/2016,3:00:44,0,9.526,14.342
7/7/2016,3:15:44,0,9.5259,14.268
7/7/2016,3:30:44,0,9.5242,14.235
7/7/2016,3:45:44,0,9.5244,14.079
7/7/2016,4:00:44,0,9.5257,13.916
7/7/2016,4:15:44,0,9.5265,13.876
7/7/2016,4:30:44,0,9.5268,13.768
7/7/2016,4:45:44,0,9.5276,13.629
7/7/2016,5:00:44,0,9.5265,13.427
7/7/2016,5:15:44,0,9.5274,13.245
7/7/2016,5:30:44,0,9.5278,13.259
7/7/2016,5:45:44,0,9.5275,13.309
7/7/2016,6:00:44,0,9.528,13.27
7/7/2016,6:15:44,0,9.5278,13.198
7/7/2016,6:30:44,0,9.5267,13.287
7/7/2016,6:45:44,0,9.5268,13.483
7/7/2016,7:00:44,0,9.527,13.892
7/7/2016,7:15:44,0,9.5265,14.4
7/7/2016,7:30:44,0,9.5263,15.081
7/7/2016,7:45:44,0,9.5258,15.835
7/7/2016,8:00:44,0,9.5259,16.715
7/7/2016,8:15:44,0,9.5248,19.321
7/7/2016,8:30:44,0,9.5241,21.511
7/7/2016,8:45:44,0,9.5239,23.065
7/7/2016,9:00:44,0,9.5234,23.355
7/7/2016,9:15:44,0,9.5227,23.728
7/7/2016,9:30:44,0,9.5224,25.925
7/7/2016,9:45:44,0,9.522,27.347
7/7/2016,10:00:44,0,9.5223,27.052
7/7/2016,10:15:44,0,9.5196,28.717
7/7/2016,10:30:44,0,9.52,29.069
7/7/2016,10:45:44,0,9.5201,27.902
7/7/2016,11:00:44,0,9.5194,27.848
7/7/2016,11:15:44,0,9.518,28.662
7/7/2016,11:30:44,0,9.5204,28.394
7/7/2016,11:45:44,0,9.5184,28.624
7/7/2016,12:00:44,0,9.5183,29.029
7/7/2016,12:15:44,0,9.5187,28.698
7/7/2016,12:30:44,0,9.5162,28.741
7/7/2016,12:45:44,0,9.5162,28.929
7/7/2016,13:00:44,0,9.5153,29.353
7/7/2016,13:15:44,0,9.5168,29.7
7/7/2016,13:30:44,0,9.5169,31.291
7/7/2016,13:45:44,0,9.5157,31.32
7/7/2016,14:00:44,0,9.5181,32.251
7/7/2016,14:15:44,0,9.5166,30.123
7/7/2016,14:30:44,0,9.515,29.649
7/7/2016,14:45:44,0,9.5138,29.094
7/7/2016,15:00:44,0,9.5141,29.079
7/7/2016,15:15:44,0,9.5126,28.702
7/7/2016,15:30:44,0,9.5117,28.722
7/7/2016,15:45:44,0,9.5115,28.466
7/7/2016,16:00:44,0,9.5118,28.274
7/7/2016,16:15:44,0,9.5131,28.145
7/7/2016,16:30:44,0,9.5134,27.867
7/7/2016,16:45:44,0,9.5134,27.485
7/7/2016,17:00:44,0,9.5122,27.101
7/7/2016,17:15:44,0,9.5119,26.672
7/7/2016,17:30:44,0,9.5129,26.204
7/7/2016,17:45:44,0,9.5132,25.744
7/7/2016,18:00:44,0,9.5141,25.37
7/7/2016,18:15:44,0,9.5142,25.127
7/7/2016,18:30:44,0,9.5151,24.877
7/7/2016,18:45:44,0,9.5164,24.595
7/7/2016,19:00:44,0,9.5172,24.183
7/7/2016,19:15:44,0,9.5178,23.688
7/7/2016,19:30:44,0,9.5198,23.049
7/7/2016,19:45:44,0,9.5211,22.507
7/7/2016,20:00:44,0,9.5215,22.05
7/7/2016,20:15:44,0,9.5237,21.581
7/7/2016,20:30:44,0,9.525,21.249
7/7/2016,20:45:44,0,9.5263,20.878
7/7/2016,21:00:44,0,9.5271,20.519
7/7/2016,21:15:44,0,9.5281,20.238
7/7/2016,21:30:44,0,9.529,19.819
7/7/2016,21:45:44,0,9.5287,19.554
7/7/2016,22:00:44,0,9.5294,19.3
7/7/2016,22:15:44,0,9.5299,18.875
7/7/2016,22:30:44,0,9.5302,18.768
7/7/2016,22:45:44,0,9.5304,18.497
7/7/2016,23:00:44,0,9.5313,18.325
7/7/2016,23:15:44,0,9.5309,18.023
7/7/2016,23:30:44,0,9.5312,17.723
7/7/2016,23:45:44,0,9.531,17.526
7/8/2016,0:00:44,0,9.5308,17.247
7/8/2016,0:15:44,0,9.5307,16.905
7/8/2016,0:30:44,0,9.5303,16.616
7/8/2016,0:45:44,0,9.5305,16.488
7/8/2016,1:00:44,0,9.5309,16.304
7/8/2016,1:15:44,0,9.5304,16.226
7/8/2016,1:30:44,0,9.5315,16.052
7/8/2016,1:45:44,0,9.5319,15.784
7/8/2016,2:00:44,0,9.5327,15.568
7/8/2016,2:15:44,0,9.533,15.393
7/8/2016,2:30:44,0,9.5333,15.276
7/8/2016,2:45:44,0,9.5331,15.184
7/8/2016,3:00:44,0,9.5328,15.012
7/8/2016,3:15:44,0,9.5338,14.938
7/8/2016,3:30:44,0,9.5336,14.579
7/8/2016,3:45:44,0,9.5336,14.511
7/8/2016,4:00:44,0,9.5329,14.352
7/8/2016,4:15:44,0,9.5338,14.183
7/8/2016,4:30:44,0,9.5324,13.879
7/8/2016,4:45:44,0,9.5332,13.825
7/8/2016,5:00:44,0,9.5344,13.859
7/8/2016,5:15:44,0,9.5352,13.61
7/8/2016,5:30:44,0,9.5363,13.579
7/8/2016,5:45:44,0,9.537,13.594
7/8/2016,6:00:44,0,9.5379,13.666
7/8/2016,6:15:44,0,9.538,13.749
7/8/2016,6:30:44,0,9.5365,13.83
7/8/2016,6:45:44,0,9.5356,14.017
7/8/2016,7:00:44,0,9.5366,14.436
7/8/2016,7:15:44,0,9.5363,14.902
7/8/2016,7:30:44,0,9.5379,15.543
7/8/2016,7:45:44,0,9.5371,16.22
7/8/2016,8:00:44,0,9.5371,17.03
7/8/2016,8:15:44,0,9.5367,19.384
7/8/2016,8:30:44,0,9.5363,21.302
7/8/2016,8:45:44,0,9.5348,22.703
7/8/2016,9:00:44,0,9.5343,23.606
7/8/2016,9:15:44,0,9.5346,23.18
7/8/2016,9:30:44,0,9.5347,24.376
7/8/2016,9:45:44,0,9.5353,25.006
7/8/2016,10:00:44,0,9.5334,26.327
7/8/2016,10:15:44,0,9.531,28.521
7/8/2016,10:30:44,0,9.5326,28.625
7/8/2016,10:45:44,0,9.5322,27.945
7/8/2016,11:00:44,0,9.5316,27.839
7/8/2016,11:15:44,0,9.5318,28.011
7/8/2016,11:30:44,0,9.5321,28.26
7/8/2016,11:45:44,0,9.5318,28.079
7/8/2016,12:00:44,0,9.529,28.334
7/8/2016,12:15:44,0,9.5284,28.548
7/8/2016,12:30:44,0,9.5289,28.546
7/8/2016,12:45:44,0,9.5277,28.672
7/8/2016,13:00:44,0,9.5287,29.034
7/8/2016,13:15:44,0,9.5295,29.44
7/8/2016,13:30:44,0,9.5307,30.299
7/8/2016,13:45:44,0,9.5306,30.095
7/8/2016,14:00:44,0,9.5322,29.725
7/8/2016,14:15:44,0,9.5333,29.049
7/8/2016,14:30:44,0,9.5328,28.457
7/8/2016,14:45:44,0,9.5314,28.518
7/8/2016,15:00:44,0,9.5302,28.08
7/8/2016,15:15:44,0,9.5283,28.072
7/8/2016,15:30:44,0,9.5273,28.011
7/8/2016,15:45:44,0,9.5265,27.734
7/8/2016,16:00:44,0,9.5262,27.734
7/8/2016,16:15:44,0,9.527,27.398
7/8/2016,16:30:44,0,9.5261,27.237
7/8/2016,16:45:44,0,9.5251,27.005
7/8/2016,17:00:44,0,9.5252,26.746
7/8/2016,17:15:44,0,9.5262,26.096
7/8/2016,17:30:44,0,9.5268,25.94
7/8/2016,17:45:44,0,9.5269,25.563
7/8/2016,18:00:44,0,9.5274,25.108
7/8/2016,18:15:44,0,9.527,24.673
7/8/2016,18:30:44,0,9.5277,24.412
7/8/2016,18:45:44,0,9.528,24.232
7/8/2016,19:00:44,0,9.5294,23.866
7/8/2016,19:15:44,0,9.5311,23.323
7/8/2016,19:30:44,0,9.532,22.752
7/8/2016,19:45:44,0,9.5319,22.28
7/8/2016,20:00:44,0,9.5335,21.776
7/8/2016,20:15:44,0,9.5343,21.346
7/8/2016,20:30:44,0,9.5365,21.041
7/8/2016,20:45:44,0,9.5391,20.661
7/8/2016,21:00:44,0,9.5401,20.241
7/8/2016,21:15:44,0,9.5417,19.906
7/8/2016,21:30:44,0,9.542,19.67
7/8/2016,21:45:44,0,9.5432,19.384
7/8/2016,22:00:44,0,9.5432,19.198
7/8/2016,22:15:44,0,9.5448,18.982
7/8/2016,22:30:44,0,9.5439,18.765
7/8/2016,22:45:44,0,9.544,18.531
7/8/2016,23:00:44,0,9.5441,18.196
7/8/2016,23:15:44,0,9.5451,17.947
7/8/2016,23:30:44,0,9.5452,17.811
7/8/2016,23:45:44,0,9.5452,17.62
7/9/2016,0:00:44,0,9.5458,17.428
7/9/2016,0:15:44,0,9.5461,17.189
7/9/2016,0:30:44,0,9.5461,16.978
7/9/2016,0:45:44,0,9.5459,16.81
7/9/2016,1:00:44,0,9.5453,16.711
7/9/2016,1:15:44,0,9.5452,16.555
7/9/2016,1:30:44,0,9.5457,16.326
7/9/2016,1:45:44,0,9.5448,16.192
7/9/2016,2:00:44,0,9.5439,15.913
7/9/2016,2:15:44,0,9.5441,15.808
7/9/2016,2:30:44,0,9.5452,15.544
7/9/2016,2:45:44,0,9.5449,15.316
7/9/2016,3:00:44,0,9.5443,15.313
7/9/2016,3:15:44,0,9.545,15.265
7/9/2016,3:30:44,0,9.546,15.121
7/9/2016,3:45:44,0,9.5485,14.758
7/9/2016,4:00:44,0,9.5495,14.586
7/9/2016,4:15:44,0,9.5496,14.629
7/9/2016,4:30:44,0,9.5508,14.485
7/9/2016,4:45:44,0,9.5516,14.414
7/9/2016,5:00:44,0,9.5515,14.237
7/9/2016,5:15:44,0,9.5521,14.186
7/9/2016,5:30:44,0,9.5519,14.004
7/9/2016,5:45:44,0,9.5536,14.049
7/9/2016,6:00:44,0,9.5538,14.12
7/9/2016,6:15:44,0,9.5547,14.089
7/9/2016,6:30:44,0,9.5545,14.435
7/9/2016,6:45:44,0,9.5544,14.661
7/9/2016,7:00:44,0,9.5546,14.828
7/9/2016,7:15:44,0,9.5534,15.152
7/9/2016,7:30:44,0,9.553,15.662
7/9/2016,7:45:44,0,9.5524,16.368
7/9/2016,8:00:44,0,9.5513,17.3
7/9/2016,8:15:44,0,9.5508,19.765
7/9/2016,8:30:44,0,9.5526,20.424
7/9/2016,8:45:44,0,9.5531,21.067
7/9/2016,9:00:44,0,9.5537,21.661
7/9/2016,9:15:44,0,9.5542,22.52
7/9/2016,9:30:44,0,9.5533,23.604
7/9/2016,9:45:44,0,9.5542,24.501
7/9/2016,10:00:44,0,9.5542,24.285
7/9/2016,10:15:44,0,9.5559,24.212
7/9/2016,10:30:44,0,9.5554,23.872
7/9/2016,10:45:44,0,9.5566,23.903
7/9/2016,11:00:44,0,9.5562,23.837
7/9/2016,11:15:44,0,9.556,23.856
7/9/2016,11:30:44,0,9.5533,24.427
7/9/2016,11:45:44,0,9.5528,25.107
7/9/2016,12:00:44,0,9.5512,25.273
7/9/2016,12:15:44,0,9.5506,25.541
7/9/2016,12:30:44,0,9.5515,25.88
7/9/2016,12:45:44,0,9.5517,26.083
7/9/2016,13:00:44,0,9.5497,26.486
7/9/2016,13:15:44,0,9.5469,26.717
7/9/2016,13:30:44,0,9.5473,28.047
7/9/2016,13:45:44,0,9.5454,28.032
7/9/2016,14:00:44,0,9.5468,28.232
7/9/2016,14:15:44,0,9.5452,27.76
7/9/2016,14:30:44,0,9.5449,26.508
7/9/2016,14:45:44,0,9.5427,26.596
7/9/2016,15:00:44,0,9.5442,26.519
7/9/2016,15:15:44,0,9.5431,25.807
7/9/2016,15:30:44,0,9.5396,25.88
7/9/2016,15:45:44,0,9.5413,25.283
7/9/2016,16:00:44,0,9.5389,24.715
7/9/2016,16:15:44,0,9.5369,24.903
7/9/2016,16:30:44,0,9.5369,24.792
7/9/2016,16:45:44,0,9.5347,24.794
7/9/2016,17:00:44,0,9.5351,24.537
7/9/2016,17:15:44,0,9.5347,24.402
7/9/2016,17:30:44,0,9.5357,24.147
7/9/2016,17:45:44,0,9.5361,23.733
7/9/2016,18:00:44,0,9.5365,23.302
7/9/2016,18:15:44,0,9.5375,23.035
7/9/2016,18:30:44,0,9.5376,22.714
7/9/2016,18:45:44,0,9.5382,22.366
7/9/2016,19:00:44,0,9.5394,22.065
7/9/2016,19:15:44,0,9.5413,21.524
7/9/2016,19:30:44,0,9.5427,21.084
7/9/2016,19:45:44,0,9.5428,20.523
7/9/2016,20:00:44,0,9.5428,20.111
7/9/2016,20:15:44,0,9.5442,19.523
7/9/2016,20:30:44,0,9.5464,18.96
7/9/2016,20:45:44,0,9.546,18.382
7/9/2016,21:00:44,0,9.5461,18.259
7/9/2016,21:15:44,0,9.5465,17.8
7/9/2016,21:30:44,0,9.5465,17.273
7/9/2016,21:45:44,0,9.5459,17.176
7/9/2016,22:00:44,0,9.5448,17.029
7/9/2016,22:15:44,0,9.5445,16.665
7/9/2016,22:30:44,0,9.5437,16.545
7/9/2016,22:45:44,0,9.5448,16.379
7/9/2016,23:00:44,0,9.5442,16.097
7/9/2016,23:15:44,0,9.5441,15.884
7/9/2016,23:30:44,0,9.5441,15.716
7/9/2016,23:45:44,0,9.543,15.257
7/10/2016,0:00:44,0,9.5436,15.235
7/10/2016,0:15:44,0,9.5437,14.997
7/10/2016,0:30:44,0,9.5424,14.629
7/10/2016,0:45:44,0,9.5407,14.583
7/10/2016,1:00:44,0,9.54,14.473
7/10/2016,1:15:44,0,9.5399,14.217
7/10/2016,1:30:44,0,9.5418,13.963
7/10/2016,1:45:44,0,9.5424,13.785
7/10/2016,2:00:44,0,9.5413,13.651
7/10/2016,2:15:44,0,9.5394,13.339
7/10/2016,2:30:44,0,9.5397,13.305
7/10/2016,2:45:44,0,9.5402,13.233
7/10/2016,3:00:44,0,9.54,13.014
7/10/2016,3:15:44,0,9.5394,12.552
7/10/2016,3:30:44,0,9.54,12.655
7/10/2016,3:45:44,0,9.5423,12.532
7/10/2016,4:00:44,0,9.544,11.859
7/10/2016,4:15:44,0,9.5471,11.96
7/10/2016,4:30:44,0,9.5471,11.892
7/10/2016,4:45:44,0,9.5484,11.8
7/10/2016,5:00:44,0,9.5486,11.646
7/10/2016,5:15:44,0,9.5518,11.617
7/10/2016,5:30:44,0,9.5534,11.411
7/10/2016,5:45:44,0,9.553,11.379
7/10/2016,6:00:44,0,9.5537,11.138
7/10/2016,6:15:44,0,9.5537,11.467
7/10/2016,6:30:44,0,9.554,11.668
7/10/2016,6:45:44,0,9.552,11.815
7/10/2016,7:00:44,0,9.5528,11.829
7/10/2016,7:15:44,0,9.5533,11.918
7/10/2016,7:30:44,0,9.5529,12.287
7/10/2016,7:45:44,0,9.5526,12.884
7/10/2016,8:00:44,0,9.5512,13.748
7/10/2016,8:15:44,0,9.5496,17.051
7/10/2016,8:30:44,0,9.55,18.386
7/10/2016,8:45:44,0,9.5497,19.066
7/10/2016,9:00:44,0,9.5504,19.526
7/10/2016,9:15:44,0,9.55,20.48
7/10/2016,9:30:44,0,9.5514,23.512
7/10/2016,9:45:44,0,9.5526,24.868
7/10/2016,10:00:44,0,9.5521,23.788
7/10/2016,10:15:44,0,9.5502,25.166
7/10/2016,10:30:44,0,9.5506,25.253
7/10/2016,10:45:44,0,9.5495,24.103
7/10/2016,11:00:44,0,9.5497,23.556
7/10/2016,11:15:44,0,9.549,23.18
7/10/2016,11:30:44,0,9.548,23.121
7/10/2016,11:45:44,0,9.5466,23.88
7/10/2016,12:00:44,0,9.5469,23.745
7/10/2016,12:15:44,0,9.5464,23.686
7/10/2016,12:30:44,0,9.5475,24.187
7/10/2016,12:45:44,0,9.5471,24.176
7/10/2016,13:00:44,0,9.5464,24.467
7/10/2016,13:15:44,0,9.5463,25.046
7/10/2016,13:30:44,0,9.5485,26.382
7/10/2016,13:45:44,0,9.5501,27.2
7/10/2016,14:00:44,0,9.5506,26.105
7/10/2016,14:15:44,0,9.5489,25.039
7/10/2016,14:30:44,0,9.5462,24.615
7/10/2016,14:45:44,0,9.5452,24.545
7/10/2016,15:00:44,0,9.5449,23.925
7/10/2016,15:15:44,0,9.5435,23.989
7/10/2016,15:30:44,0,9.5423,23.579
7/10/2016,15:45:44,0,9.5416,23.861
7/10/2016,16:00:44,0,9.5405,23.778
7/10/2016,16:15:44,0,9.5416,23.528
7/10/2016,16:30:44,0,9.5409,23.385
7/10/2016,16:45:44,0,9.5398,23.272
7/10/2016,17:00:44,0,9.5381,23.05
7/10/2016,17:15:44,0,9.5386,22.974
7/10/2016,17:30:44,0,9.5381,22.5
7/10/2016,17:45:44,0,9.5393,21.998
7/10/2016,18:00:44,0,9.5386,21.504
7/10/2016,18:15:44,0,9.538,21.186
7/10/2016,18:30:44,0,9.5385,20.904
7/10/2016,18:45:44,0,9.5392,20.657
7/10/2016,19:00:44,0,9.5404,20.166
7/10/2016,19:15:44,0,9.5408,19.632
7/10/2016,19:30:44,0,9.5413,19.126
7/10/2016,19:45:44,0,9.5421,18.565
7/10/2016,20:00:44,0,9.5432,18.061
7/10/2016,20:15:44,0,9.5436,17.314
7/10/2016,20:30:44,0,9.5439,16.986
7/10/2016,20:45:44,0,9.5445,16.549
7/10/2016,21:00:44,0,9.5449,16.158
7/10/2016,21:15:44,0,9.5466,16.037
7/10/2016,21:30:44,0,9.5469,15.586
7/10/2016,21:45:44,0,9.5474,15.291
7/10/2016,22:00:44,0,9.5469,15.008
7/10/2016,22:15:44,0,9.5464,14.795
7/10/2016,22:30:44,0,9.5466,14.628
7/10/2016,22:45:44,0,9.5471,14.425
7/10/2016,23:00:44,0,9.5469,14.091
7/10/2016,23:15:44,0,9.5465,13.832
7/10/2016,23:30:44,0,9.5455,13.58
7/10/2016,23:45:44,0,9.543,13.331
7/11/2016,0:00:44,0,9.5425,13.026
7/11/2016,0:15:44,0,9.541,12.865
7/11/2016,0:30:44,0,9.5402,12.652
7/11/2016,0:45:44,0,9.5385,12.396
7/11/2016,1:00:44,0,9.5372,12.249
7/11/2016,1:15:44,0,9.5357,12.108
7/11/2016,1:30:44,0,9.5336,11.9
7/11/2016,1:45:44,0,9.5328,11.44
7/11/2016,2:00:44,0,9.5318,11.394
7/11/2016,2:15:44,0,9.5309,11.23
7/11/2016,2:30:44,0,9.5317,10.908
7/11/2016,2:45:44,0,9.5302,10.857
7/11/2016,3:00:44,0,9.5294,10.623
7/11/2016,3:15:44,0,9.5296,10.67
7/11/2016,3:30:44,0,9.5299,10.506
7/11/2016,3:45:44,0,9.5303,10.244
7/11/2016,4:00:44,0,9.529,10.076
7/11/2016,4:15:44,0,9.5295,9.969
7/11/2016,4:30:44,0,9.5305,9.908
7/11/2016,4:45:44,0,9.5311,9.865
7/11/2016,5:00:44,0,9.5313,9.767
7/11/2016,5:15:44,0,9.5307,9.288
7/11/2016,5:30:44,0,9.5304,9.528
7/11/2016,5:45:44,0,9.531,9.301
7/11/2016,6:00:44,0,9.5307,9.411
7/11/2016,6:15:44,0,9.53,9.198
7/11/2016,6:30:44,0,9.5289,9.511
7/11/2016,6:45:44,0,9.5291,9.837
7/11/2016,7:00:44,0,9.5292,10.169
7/11/2016,7:15:44,0,9.5279,10.531
7/11/2016,7:30:44,0,9.5271,11.248
7/11/2016,7:45:44,0,9.5264,12.077
7/11/2016,8:00:44,0,9.5253,13.114
7/11/2016,8:15:44,0,9.5229,16.096
7/11/2016,8:30:44,0,9.5216,18.081
7/11/2016,8:45:44,0,9.5203,19.895
7/11/2016,9:00:44,0,9.5196,21.062
7/11/2016,9:15:44,0,9.5185,22.398
7/11/2016,9:30:44,0,9.5186,24.681
7/11/2016,9:45:44,0,9.5209,25.482
7/11/2016,10:00:44,0,9.5187,25.064
7/11/2016,10:15:44,0,9.5157,27.659
7/11/2016,10:30:44,0,9.5171,28.045
7/11/2016,10:45:44,0,9.5169,27.102
7/11/2016,11:00:44,0,9.5153,26.611
7/11/2016,11:15:44,0,9.5151,26.801
7/11/2016,11:30:44,0,9.5151,26.797
7/11/2016,11:45:44,0,9.5143,26.895
7/11/2016,12:00:44,0,9.5132,27.175
7/11/2016,12:15:44,0,9.5124,27.517
7/11/2016,12:30:44,0,9.5131,27.916
7/11/2016,12:45:44,0,9.5144,28.141
7/11/2016,13:00:44,0,9.513,28.295
7/11/2016,13:15:44,0,9.5113,28.575
7/11/2016,13:30:44,0,9.5123,29.731
7/11/2016,13:45:44,0,9.5115,30.676
7/11/2016,14:00:44,0,9.5117,29.854
7/11/2016,14:15:44,0,9.5105,28.927
7/11/2016,14:30:44,0,9.5095,28.684
7/11/2016,14:45:44,0,9.5081,28.341
7/11/2016,15:00:44,0,9.5086,28.069
7/11/2016,15:15:44,0,9.5074,27.927
7/11/2016,15:30:44,0,9.509,27.866
7/11/2016,15:45:44,0,9.5079,27.574
7/11/2016,16:00:44,0,9.5066,27.285
7/11/2016,16:15:44,0,9.506,27.194
7/11/2016,16:30:44,0,9.5057,26.759
7/11/2016,16:45:44,0,9.5046,26.419
7/11/2016,17:00:44,0,9.5047,25.91
7/11/2016,17:15:44,0,9.5044,25.589
7/11/2016,17:30:44,0,9.5047,25.05
7/11/2016,17:45:44,0,9.5048,24.534
7/11/2016,18:00:44,0,9.5049,24.117
7/11/2016,18:15:44,0,9.5054,23.772
7/11/2016,18:30:44,0,9.5069,23.482
7/11/2016,18:45:44,0,9.5078,23.082
7/11/2016,19:00:44,0,9.5084,22.599
7/11/2016,19:15:44,0,9.5102,21.901
7/11/2016,19:30:44,0,9.5105,21.262
7/11/2016,19:45:44,0,9.5108,20.651
7/11/2016,20:00:44,0,9.5128,20.123
7/11/2016,20:15:44,0,9.5144,19.635
7/11/2016,20:30:44,0,9.5169,19.104
7/11/2016,20:45:44,0,9.5183,18.677
7/11/2016,21:00:44,0,9.5197,18.276
7/11/2016,21:15:44,0,9.5187,17.97
7/11/2016,21:30:44,0,9.5168,17.571
7/11/2016,21:45:44,0,9.5156,17.213
7/11/2016,22:00:44,0,9.5162,16.724
7/11/2016,22:15:44,0,9.5164,16.494
7/11/2016,22:30:44,0,9.5171,16.276
7/11/2016,22:45:44,0,9.5175,15.795
7/11/2016,23:00:44,0,9.5162,15.588
7/11/2016,23:15:44,0,9.5156,15.159
7/11/2016,23:30:44,0,9.5154,15.177
7/11/2016,23:45:44,0,9.5156,14.915
7/12/2016,0:00:44,0,9.5152,14.577
7/12/2016,0:15:44,0,9.5163,14.272
7/12/2016,0:30:44,0,9.517,14.185
7/12/2016,0:45:44,0,9.5178,14.033
7/12/2016,1:00:44,0,9.5179,13.79
7/12/2016,1:15:44,0,9.5173,13.544
7/12/2016,1:30:44,0,9.5172,13.326
7/12/2016,1:45:44,0,9.5174,13.279
7/12/2016,2:00:44,0,9.5177,12.94
7/12/2016,2:15:44,0,9.5174,12.791
7/12/2016,2:30:44,0,9.5161,12.691
7/12/2016,2:45:44,0,9.516,12.487
7/12/2016,3:00:44,0,9.517,12.452
7/12/2016,3:15:44,0,9.5168,12.345
7/12/2016,3:30:44,0,9.5169,12.034
7/12/2016,3:45:44,0,9.5174,11.939
7/12/2016,4:00:44,0,9.5185,11.867
7/12/2016,4:15:44,0,9.5198,11.619
7/12/2016,4:30:44,0,9.5202,11.388
7/12/2016,4:45:44,0,9.5204,11.218
7/12/2016,5:00:44,0,9.5216,11.254
7/12/2016,5:15:44,0,9.5238,11.147
7/12/2016,5:30:44,0,9.523,11.021
7/12/2016,5:45:44,0,9.5238,10.988
7/12/2016,6:00:44,0,9.5251,11.038
7/12/2016,6:15:44,0,9.5255,10.937
7/12/2016,6:30:44,0,9.5246,11.272
7/12/2016,6:45:44,0,9.5257,11.636
7/12/2016,7:00:44,0,9.5261,12.018
7/12/2016,7:15:44,0,9.5269,12.629
7/12/2016,7:30:44,0,9.5258,13.374
7/12/2016,7:45:44,0,9.5258,14.23
7/12/2016,8:00:44,0,9.5265,15.267
7/12/2016,8:15:44,0,9.5251,18.215
7/12/2016,8:30:44,0,9.5259,20.383
7/12/2016,8:45:44,0,9.5248,21.571
7/12/2016,9:00:44,0,9.5252,21.76
7/12/2016,9:15:44,0,9.5237,22.239
7/12/2016,9:30:44,0,9.5238,24.223
7/12/2016,9:45:44,0,9.5256,25.927
7/12/2016,10:00:44,0,9.5239,27.101
7/12/2016,10:15:44,0,9.5247,29.596
7/12/2016,10:30:44,0,9.5272,29.584
7/12/2016,10:45:44,0,9.5259,28.686
7/12/2016,11:00:44,0,9.5259,27.201
7/12/2016,11:15:44,0,9.5253,27.305
7/12/2016,11:30:44,0,9.5256,27.501
7/12/2016,11:45:44,0,9.526,27.591
7/12/2016,12:00:44,0,9.5253,28.098
7/12/2016,12:15:44,0,9.5259,28.276
7/12/2016,12:30:44,0,9.525,28.52
7/12/2016,12:45:44,0,9.524,28.539
7/12/2016,13:00:44,0,9.5244,28.663
7/12/2016,13:15:44,0,9.5236,29.222
7/12/2016,13:30:44,0,9.5239,30.508
7/12/2016,13:45:44,0,9.5245,31.518
7/12/2016,14:00:44,0,9.5248,30.801
7/12/2016,14:15:44,0,9.525,30.265
7/12/2016,14:30:44,0,9.5244,29.955
7/12/2016,14:45:44,0,9.5234,29.274
7/12/2016,15:00:44,0,9.5229,29.24
7/12/2016,15:15:44,0,9.5228,28.897
7/12/2016,15:30:44,0,9.5219,28.756
7/12/2016,15:45:44,0,9.5212,28.549
7/12/2016,16:00:44,0,9.5213,28.42
7/12/2016,16:15:44,0,9.5216,27.944
7/12/2016,16:30:44,0,9.522,27.673
7/12/2016,16:45:44,0,9.5225,27.267
7/12/2016,17:00:44,0,9.5223,26.863
7/12/2016,17:15:44,0,9.5224,26.348
7/12/2016,17:30:44,0,9.5216,25.818
7/12/2016,17:45:44,0,9.5214,25.258
7/12/2016,18:00:44,0,9.5216,24.921
7/12/2016,18:15:44,0,9.5221,24.52
7/12/2016,18:30:44,0,9.5232,24.18
7/12/2016,18:45:44,0,9.5239,23.865
7/12/2016,19:00:44,0,9.5255,23.368
7/12/2016,19:15:44,0,9.5265,22.684
7/12/2016,19:30:44,0,9.5284,22.081
7/12/2016,19:45:44,0,9.5303,21.435
7/12/2016,20:00:44,0,9.5322,20.732
7/12/2016,20:15:44,0,9.5343,20.3
7/12/2016,20:30:44,0,9.536,19.898
7/12/2016,20:45:44,0,9.5372,19.477
7/12/2016,21:00:44,0,9.5387,19.098
7/12/2016,21:15:44,0,9.5402,18.83
7/12/2016,21:30:44,0,9.5417,18.366
7/12/2016,21:45:44,0,9.5425,17.963
7/12/2016,22:00:44,0,9.5425,17.784
7/12/2016,22:15:44,0,9.5432,17.55
7/12/2016,22:30:44,0,9.5423,16.938
7/12/2016,22:45:44,0,9.5425,16.805
7/12/2016,23:00:44,0,9.5419,16.432
7/12/2016,23:15:44,0,9.541,16.248
7/12/2016,23:30:44,0,9.5407,16.045
7/12/2016,23:45:44,0,9.5414,15.689
7/13/2016,0:00:44,0,9.5424,15.094
7/13/2016,0:15:44,0,9.5417,14.85
7/13/2016,0:30:44,0,9.5416,14.758
7/13/2016,0:45:44,0,9.5423,14.578
7/13/2016,1:00:44,0,9.5425,14.51
7/13/2016,1:15:44,0,9.5423,14.272
7/13/2016,1:30:44,0,9.5413,13.992
7/13/2016,1:45:44,0,9.5403,13.839
7/13/2016,2:00:44,0,9.5396,13.592
7/13/2016,2:15:44,0,9.5386,13.422
7/13/2016,2:30:44,0,9.5381,13.296
7/13/2016,2:45:44,0,9.5391,13.192
7/13/2016,3:00:44,0,9.5405,12.854
7/13/2016,3:15:44,0,9.5396,12.772
7/13/2016,3:30:44,0,9.5394,12.694
7/13/2016,3:45:44,0,9.5398,12.483
7/13/2016,4:00:44,0,9.5411,12.364
7/13/2016,4:15:44,0,9.5419,12.267
7/13/2016,4:30:44,0,9.5427,12.029
7/13/2016,4:45:44,0,9.5445,11.907
7/13/2016,5:00:44,0,9.546,11.729
7/13/2016,5:15:44,0,9.5479,11.478
7/13/2016,5:30:44,0,9.5494,11.451
7/13/2016,5:45:44,0,9.5504,11.464
7/13/2016,6:00:44,0,9.5512,11.274
7/13/2016,6:15:44,0,9.5513,11.295
7/13/2016,6:30:44,0,9.5503,11.561
7/13/2016,6:45:44,0,9.5502,11.847
7/13/2016,7:00:44,0,9.5497,12.239
7/13/2016,7:15:44,0,9.5495,12.64
7/13/2016,7:30:44,0,9.5495,13.307
7/13/2016,7:45:44,0,9.5491,14.243
7/13/2016,8:00:44,0,9.5491,15.339
7/13/2016,8:15:44,0,9.5478,18.313
7/13/2016,8:30:44,0,9.5473,20.767
7/13/2016,8:45:44,0,9.5469,22.366
7/13/2016,9:00:44,0,9.5461,23.456
7/13/2016,9:15:44,0,9.5455,24.776
7/13/2016,9:30:44,0,9.548,25.807
7/13/2016,9:45:44,0,9.5493,26.845
7/13/2016,10:00:44,0,9.5471,26.893
7/13/2016,10:15:44,0,9.5452,29.722
7/13/2016,10:30:44,0,9.5464,30.456
7/13/2016,10:45:44,0,9.5462,30.216
7/13/2016,11:00:44,0,9.5442,29.467
7/13/2016,11:15:44,0,9.5443,29.459
7/13/2016,11:30:44,0,9.5441,29.875
7/13/2016,11:45:44,0,9.5441,30.208
7/13/2016,12:00:44,0,9.5435,30.549
7/13/2016,12:15:44,0,9.5441,31.028
7/13/2016,12:30:44,0,9.5427,31.025
7/13/2016,12:45:44,0,9.5422,31.219
7/13/2016,13:00:44,0,9.5412,31.637
7/13/2016,13:15:44,0,9.5396,32.187
7/13/2016,13:30:44,0,9.539,33.28
7/13/2016,13:45:44,0,9.5392,34.391
7/13/2016,14:00:44,0,9.539,34.889
7/13/2016,14:15:44,0,9.5389,33.791
7/13/2016,14:30:44,0,9.5365,32.689
7/13/2016,14:45:44,0,9.536,32.06
7/13/2016,15:00:44,0,9.5347,31.956
7/13/2016,15:15:44,0,9.5341,31.73
7/13/2016,15:30:44,0,9.5334,31.784
7/13/2016,15:45:44,0,9.5325,31.483
7/13/2016,16:00:44,0,9.5313,31.122
7/13/2016,16:15:44,0,9.5304,30.575
7/13/2016,16:30:44,0,9.5297,29.951
7/13/2016,16:45:44,0,9.5287,29.584
7/13/2016,17:00:44,0,9.528,28.974
7/13/2016,17:15:44,0,9.5285,28.434
7/13/2016,17:30:44,0,9.5283,28.031
7/13/2016,17:45:44,0,9.5292,27.646
7/13/2016,18:00:44,0,9.5301,27.279
7/13/2016,18:15:44,0,9.531,26.942
7/13/2016,18:30:44,0,9.5318,26.56
7/13/2016,18:45:44,0,9.5327,26.141
7/13/2016,19:00:44,0,9.5346,25.608
7/13/2016,19:15:44,0,9.5364,24.97
7/13/2016,19:30:44,0,9.5389,24.321
7/13/2016,19:45:44,0,9.5409,23.61
7/13/2016,20:00:44,0,9.543,23.108
7/13/2016,20:15:44,0,9.545,22.673
7/13/2016,20:30:44,0,9.5474,22.122
7/13/2016,20:45:44,0,9.55,21.641
7/13/2016,21:00:44,0,9.552,21.269
7/13/2016,21:15:44,0,9.5537,20.929
7/13/2016,21:30:44,0,9.5546,20.7
7/13/2016,21:45:44,0,9.5543,20.166
7/13/2016,22:00:44,0,9.5547,19.828
7/13/2016,22:15:44,0,9.5532,19.558
7/13/2016,22:30:44,0,9.5537,19.332
7/13/2016,22:45:44,0,9.5528,18.939
7/13/2016,23:00:44,0,9.5529,18.68
7/13/2016,23:15:44,0,9.553,18.341
7/13/2016,23:30:44,0,9.5519,18.04
7/13/2016,23:45:44,0,9.5515,17.689
7/14/2016,0:00:44,0,9.5505,17.31
7/14/2016,0:15:44,0,9.551,17.251
7/14/2016,0:30:44,0,9.5507,17.009
7/14/2016,0:45:44,0,9.5506,16.943
7/14/2016,1:00:44,0,9.552,17.052
7/14/2016,1:15:44,0,9.5514,16.843
7/14/2016,1:30:44,0,9.5515,16.692
7/14/2016,1:45:44,0,9.5519,16.407
7/14/2016,2:00:44,0,9.5526,16.123
7/14/2016,2:15:44,0,9.5532,15.955
7/14/2016,2:30:44,0,9.5534,15.688
7/14/2016,2:45:44,0,9.5536,15.48
7/14/2016,3:00:44,0,9.5525,15.363
7/14/2016,3:15:44,0,9.5523,15.276
7/14/2016,3:30:44,0,9.5521,15.428
7/14/2016,3:45:44,0,9.5514,16.085
7/14/2016,4:00:44,0,9.5511,17.813
7/14/2016,4:15:44,0,9.552,18.138
7/14/2016,4:30:44,0,9.5533,17.881
7/14/2016,4:45:44,0,9.5532,17.814
7/14/2016,5:00:44,0,9.5533,17.76
7/14/2016,5:15:44,0,9.5554,17.763
7/14/2016,5:30:44,0,9.5554,17.587
7/14/2016,5:45:44,0,9.5559,17.564
7/14/2016,6:00:44,0,9.5557,17.439
7/14/2016,6:15:44,0,9.5557,17.25
7/14/2016,6:30:44,0,9.5567,17.394
7/14/2016,6:45:44,0,9.5567,16.895
7/14/2016,7:00:44,0,9.5561,16.706
7/14/2016,7:15:44,0,9.5545,16.84
7/14/2016,7:30:44,0,9.5547,17.163
7/14/2016,7:45:44,0,9.5539,17.808
7/14/2016,8:00:44,0,9.5538,18.511
7/14/2016,8:15:44,0,9.5526,21.23
7/14/2016,8:30:44,0,9.5529,22.742
7/14/2016,8:45:44,0,9.5516,24.339
7/14/2016,9:00:44,0,9.5517,25.726
7/14/2016,9:15:44,0,9.5522,26.728
7/14/2016,9:30:44,0,9.5547,27.255
7/14/2016,9:45:44,0,9.5549,27.889
7/14/2016,10:00:44,0,9.5507,28.413
7/14/2016,10:15:44,0,9.5504,29.424
7/14/2016,10:30:44,0,9.5482,30.526
7/14/2016,10:45:44,0,9.5478,30.595
7/14/2016,11:00:44,0,9.5453,30.31
7/14/2016,11:15:44,0,9.5439,30.877
7/14/2016,11:30:44,0,9.5433,31.574
7/14/2016,11:45:44,0,9.5431,31.93
7/14/2016,12:00:44,0,9.5427,32.122
7/14/2016,12:15:44,0,9.541,32.28
7/14/2016,12:30:44,0,9.5399,32.311
7/14/2016,12:45:44,0,9.5398,32.611
7/14/2016,13:00:44,0,9.5381,32.873
7/14/2016,13:15:44,0,9.5372,33.521
7/14/2016,13:30:44,0,9.5378,35.095
7/14/2016,13:45:44,0,9.538,35.862
7/14/2016,14:00:44,0,9.536,35.795
7/14/2016,14:15:44,0,9.5355,34.535
7/14/2016,14:30:44,0,9.5341,34.392
7/14/2016,14:45:44,0,9.5337,33.691
7/14/2016,15:00:44,0,9.5323,33.354
7/14/2016,15:15:44,0,9.5312,33.24
7/14/2016,15:30:44,0,9.5292,32.951
7/14/2016,15:45:44,0,9.5289,32.651
7/14/2016,16:00:44,0,9.529,32.181
7/14/2016,16:15:44,0,9.5273,31.704
7/14/2016,16:30:44,0,9.5261,31.213
7/14/2016,16:45:44,0,9.5249,30.747
7/14/2016,17:00:44,0,9.5252,30.285
7/14/2016,17:15:44,0,9.5246,29.65
7/14/2016,17:30:44,0,9.5242,29.066
7/14/2016,17:45:44,0,9.5239,28.598
7/14/2016,18:00:44,0,9.5245,28.095
7/14/2016,18:15:44,0,9.525,27.695
7/14/2016,18:30:44,0,9.5254,27.335
7/14/2016,18:45:44,0,9.5266,26.856
7/14/2016,19:00:44,0,9.5282,26.185
7/14/2016,19:15:44,0,9.5293,25.447
7/14/2016,19:30:44,0,9.531,24.81
7/14/2016,19:45:44,0,9.5308,24.185
7/14/2016,20:00:44,0,9.5327,23.625
7/14/2016,20:15:44,0,9.5355,23.024
7/14/2016,20:30:44,0,9.5377,22.53
7/14/2016,20:45:44,0,9.541,22.05
7/14/2016,21:00:44,0,9.542,21.685
7/14/2016,21:15:44,0,9.5418,21.213
7/14/2016,21:30:44,0,9.5412,20.894
7/14/2016,21:45:44,0,9.5407,20.512
7/14/2016,22:00:44,0,9.5398,20.131
7/14/2016,22:15:44,0,9.5395,19.761
7/14/2016,22:30:44,0,9.5404,19.426
7/14/2016,22:45:44,0,9.5404,19.13
7/14/2016,23:00:44,0,9.5399,18.907
7/14/2016,23:15:44,0,9.5397,18.64
7/14/2016,23:30:44,0,9.5406,18.296
7/14/2016,23:45:44,0,9.5411,18.056
7/15/2016,0:00:44,0,9.5412,17.739
7/15/2016,0:15:44,0,9.5423,17.435
7/15/2016,0:30:44,0,9.5425,17.248
7/15/2016,0:45:44,0,9.5418,17.23
7/15/2016,1:00:44,0,9.5401,17.036
7/15/2016,1:15:44,0,9.5389,16.77
7/15/2016,1:30:44,0,9.5406,16.59
7/15/2016,1:45:44,0,9.5413,16.379
7/15/2016,2:00:44,0,9.5397,16.326
7/15/2016,2:15:44,0,9.5379,16.227
7/15/2016,2:30:44,0,9.5371,15.964
7/15/2016,2:45:44,0,9.5366,15.723
7/15/2016,3:00:44,0,9.5361,15.759
7/15/2016,3:15:44,0,9.5346,17.024
7/15/2016,3:30:44,0,9.5349,17.651
7/15/2016,3:45:44,0,9.5354,17.447
7/15/2016,4:00:44,0,9.5365,17.966
7/15/2016,4:15:44,0,9.5358,18.577
7/15/2016,4:30:44,0,9.536,18.877
7/15/2016,4:45:44,0,9.5352,19.002
7/15/2016,5:00:44,0,9.5341,18.91
7/15/2016,5:15:44,0,9.5356,18.663
7/15/2016,5:30:44,0,9.5355,18.604
7/15/2016,5:45:44,0,9.5338,18.563
7/15/2016,6:00:44,0,9.5356,18.926
7/15/2016,6:15:44,0,9.5376,18.31
7/15/2016,6:30:44,0,9.5356,18.677
7/15/2016,6:45:44,0,9.5353,18.852
7/15/2016,7:00:44,0,9.5344,18.203
7/15/2016,7:15:44,0,9.5349,18.028
7/15/2016,7:30:44,0,9.5345,18.294
7/15/2016,7:45:44,0,9.5327,18.776
7/15/2016,8:00:44,0,9.5318,19.18
7/15/2016,8:15:44,0,9.5328,21.517
7/15/2016,8:30:44,0,9.5312,23.032
7/15/2016,8:45:44,0,9.5294,24.607
7/15/2016,9:00:44,0,9.5296,26.077
7/15/2016,9:15:44,0,9.5295,26.765
7/15/2016,9:30:44,0,9.5322,28.866
7/15/2016,9:45:44,0,9.5337,28.161
7/15/2016,10:00:44,0,9.5316,28.065
7/15/2016,10:15:44,0,9.5307,29.053
7/15/2016,10:30:44,0,9.5295,30.163
7/15/2016,10:45:44,0,9.5276,30.446
7/15/2016,11:00:44,0,9.5251,30.657
7/15/2016,11:15:44,0,9.5225,31.162
7/15/2016,11:30:44,0,9.521,31.545
7/15/2016,11:45:44,0,9.5201,32.039
7/15/2016,12:00:44,0,9.519,32.495
7/15/2016,12:15:44,0,9.5176,32.473
7/15/2016,12:30:44,0,9.5173,32.966
7/15/2016,12:45:44,0,9.516,32.994
7/15/2016,13:00:44,0,9.5151,33.326
7/15/2016,13:15:44,0,9.5128,34.012
7/15/2016,13:30:44,0,9.513,34.774
7/15/2016,13:45:44,0,9.5126,35.435
7/15/2016,14:00:44,0,9.5122,35.806
7/15/2016,14:15:44,0,9.5115,34.627
7/15/2016,14:30:44,0,9.5098,34.09
7/15/2016,14:45:44,0,9.5094,33.449
7/15/2016,15:00:44,0,9.507,32.899
7/15/2016,15:15:44,0,9.5069,32.696
7/15/2016,15:30:44,0,9.5048,32.695
7/15/2016,15:45:44,0,9.5052,32.404
7/15/2016,16:00:44,0,9.5033,32.12
7/15/2016,16:15:44,0,9.5024,31.673
7/15/2016,16:30:44,0,9.5012,31.421
7/15/2016,16:45:44,0,9.5001,30.824
7/15/2016,17:00:44,0,9.5005,30.301
7/15/2016,17:15:44,0,9.4996,29.943
7/15/2016,17:30:44,0,9.4985,29.222
7/15/2016,17:45:44,0,9.498,28.752
7/15/2016,18:00:44,0,9.4982,28.324
7/15/2016,18:15:44,0,9.4991,27.925
7/15/2016,18:30:44,0,9.4998,27.551
7/15/2016,18:45:44,0,9.5005,27.13
7/15/2016,19:00:44,0,9.5013,26.563
7/15/2016,19:15:44,0,9.5029,25.828
7/15/2016,19:30:44,0,9.504,25.256
7/15/2016,19:45:44,0,9.5049,24.642
7/15/2016,20:00:44,0,9.5064,24.06
7/15/2016,20:15:44,0,9.5079,23.557
7/15/2016,20:30:44,0,9.5099,22.949
7/15/2016,20:45:44,0,9.5116,22.587
7/15/2016,21:00:44,0,9.5128,22.092
7/15/2016,21:15:44,0,9.5144,21.717
7/15/2016,21:30:44,0,9.5145,21.334
7/15/2016,21:45:44,0,9.5149,21.115
7/15/2016,22:00:44,0,9.5151,20.758
7/15/2016,22:15:44,0,9.5157,20.386
7/15/2016,22:30:44,0,9.515,20.16
7/15/2016,22:45:44,0,9.514,19.81
7/15/2016,23:00:44,0,9.5147,19.513
7/15/2016,23:15:44,0,9.5148,19.299
7/15/2016,23:30:44,0,9.5145,18.865
7/15/2016,23:45:44,0,9.5136,18.624
7/16/2016,0:00:44,0,9.5113,18.434
7/16/2016,0:15:44,0,9.511,18.124
7/16/2016,0:30:44,0,9.5101,17.884
7/16/2016,0:45:44,0,9.509,17.729
7/16/2016,1:00:44,0,9.5083,17.439
7/16/2016,1:15:44,0,9.5072,17.224
7/16/2016,1:30:44,0,9.5066,16.917
7/16/2016,1:45:44,0,9.5049,16.77
7/16/2016,2:00:44,0,9.5039,16.372
7/16/2016,2:15:44,0,9.5031,16.301
7/16/2016,2:30:44,0,9.5026,16.25
7/16/2016,2:45:44,0,9.5029,16.143
7/16/2016,3:00:44,0,9.5034,16.006
7/16/2016,3:15:44,0,9.5029,16.015
7/16/2016,3:30:44,0,9.5032,15.873
7/16/2016,3:45:44,0,9.5029,15.642
7/16/2016,4:00:44,0,9.5034,15.518
7/16/2016,4:15:44,0,9.5048,15.353
7/16/2016,4:30:44,0,9.5064,15.314
7/16/2016,4:45:44,0,9.5075,15.121
7/16/2016,5:00:44,0,9.508,15.04
7/16/2016,5:15:44,0,9.5082,14.761
7/16/2016,5:30:44,0,9.5104,14.715
7/16/2016,5:45:44,0,9.5104,14.729
7/16/2016,6:00:44,0,9.5103,14.662
7/16/2016,6:15:44,0,9.5094,14.658
7/16/2016,6:30:44,0,9.5081,14.662
7/16/2016,6:45:44,0,9.5079,14.892
7/16/2016,7:00:44,0,9.5064,15.337
7/16/2016,7:15:44,0,9.506,15.857
7/16/2016,7:30:44,0,9.5055,16.5
7/16/2016,7:45:44,0,9.5035,17.424
7/16/2016,8:00:44,0,9.5043,18.346
7/16/2016,8:15:44,0,9.5028,21.879
7/16/2016,8:30:44,0,9.5033,23.915
7/16/2016,8:45:44,0,9.504,25.05
7/16/2016,9:00:44,0,9.5036,25.838
7/16/2016,9:15:44,0,9.5047,25.416
7/16/2016,9:30:44,0,9.5056,26.787
7/16/2016,9:45:44,0,9.506,27.485
7/16/2016,10:00:44,0,9.504,28.339
7/16/2016,10:15:44,0,9.5022,28.766
7/16/2016,10:30:44,0,9.5006,30.841
7/16/2016,10:45:44,0,9.4991,32.102
7/16/2016,11:00:44,0,9.4988,31.505
7/16/2016,11:15:44,0,9.4976,30.731
7/16/2016,11:30:44,0,9.5003,30.649
7/16/2016,11:45:44,0,9.4966,31.234
7/16/2016,12:00:44,0,9.496,31.113
7/16/2016,12:15:44,0,9.4955,31.402
7/16/2016,12:30:44,0,9.4957,31.741
7/16/2016,12:45:44,0,9.4945,31.52
7/16/2016,13:00:44,0,9.4956,31.357
7/16/2016,13:15:44,0,9.4933,31.45
7/16/2016,13:30:44,0,9.4937,33.62
7/16/2016,13:45:44,0,9.4943,33.17
7/16/2016,14:00:44,0,9.4932,34.036
7/16/2016,14:15:44,0,9.4932,32.992
7/16/2016,14:30:44,0,9.4924,31.97
7/16/2016,14:45:44,0,9.4902,31.386
7/16/2016,15:00:44,0,9.4885,31.268
7/16/2016,15:15:44,0,9.4887,30.99
7/16/2016,15:30:44,0,9.4881,30.888
7/16/2016,15:45:44,0,9.488,30.719
7/16/2016,16:00:44,0,9.4878,30.533
7/16/2016,16:15:44,0,9.4868,30.144
7/16/2016,16:30:44,0,9.486,29.83
7/16/2016,16:45:44,0,9.4871,29.565
7/16/2016,17:00:44,0,9.4876,29.006
7/16/2016,17:15:44,0,9.4872,28.586
7/16/2016,17:30:44,0,9.4879,28.054
7/16/2016,17:45:44,0,9.4886,27.588
7/16/2016,18:00:44,0,9.4895,27.2
7/16/2016,18:15:44,0,9.4892,26.885
7/16/2016,18:30:44,0,9.4905,26.462
7/16/2016,18:45:44,0,9.4917,25.884
7/16/2016,19:00:44,0,9.4938,25.134
7/16/2016,19:15:44,0,9.4946,24.38
7/16/2016,19:30:44,0,9.4959,23.644
7/16/2016,19:45:44,0,9.4968,23.085
7/16/2016,20:00:44,0,9.4985,22.477
7/16/2016,20:15:44,0,9.5002,22
7/16/2016,20:30:44,0,9.5016,21.447
7/16/2016,20:45:44,0,9.5033,20.94
7/16/2016,21:00:44,0,9.5047,20.541
7/16/2016,21:15:44,0,9.5064,20.155
7/16/2016,21:30:44,0,9.5062,19.701
7/16/2016,21:45:44,0,9.5069,19.302
7/16/2016,22:00:44,0,9.5075,18.973
7/16/2016,22:15:44,0,9.5074,18.837
7/16/2016,22:30:44,0,9.507,18.523
7/16/2016,22:45:44,0,9.5073,18.194
7/16/2016,23:00:44,0,9.5078,17.826
7/16/2016,23:15:44,0,9.5087,17.588
7/16/2016,23:30:44,0,9.5083,17.223
7/16/2016,23:45:44,0,9.508,17.067
7/17/2016,0:00:44,0,9.5081,16.876
7/17/2016,0:15:44,0,9.508,16.641
7/17/2016,0:30:44,0,9.5076,16.372
7/17/2016,0:45:44,0,9.5061,16.235
7/17/2016,1:00:44,0,9.5063,16.012
7/17/2016,1:15:44,0,9.5043,15.734
7/17/2016,1:30:44,0,9.5027,15.521
7/17/2016,1:45:44,0,9.5021,15.54
7/17/2016,2:00:44,0,9.5013,15.223
7/17/2016,2:15:44,0,9.5011,14.989
7/17/2016,2:30:44,0,9.5008,14.791
7/17/2016,2:45:44,0,9.5011,14.692
7/17/2016,3:00:44,0,9.5008,14.396
7/17/2016,3:15:44,0,9.5008,14.366
7/17/2016,3:30:44,0,9.5009,14.264
7/17/2016,3:45:44,0,9.501,14.021
7/17/2016,4:00:44,0,9.5005,13.89
7/17/2016,4:15:44,0,9.5012,13.933
7/17/2016,4:30:44,0,9.5013,13.709
7/17/2016,4:45:44,0,9.5022,13.354
7/17/2016,5:00:44,0,9.5019,13.212
7/17/2016,5:15:44,0,9.5028,13.113
7/17/2016,5:30:44,0,9.5022,13.099
7/17/2016,5:45:44,0,9.505,13.134
7/17/2016,6:00:44,0,9.5051,13.315
7/17/2016,6:15:44,0,9.505,13.433
7/17/2016,6:30:44,0,9.5064,13.691
7/17/2016,6:45:44,0,9.5064,14.07
7/17/2016,7:00:44,0,9.5059,14.559
7/17/2016,7:15:44,0,9.5063,15.042
7/17/2016,7:30:44,0,9.5066,15.685
7/17/2016,7:45:44,0,9.5065,16.617
7/17/2016,8:00:44,0,9.5063,17.546
7/17/2016,8:15:44,0,9.5054,20.51
7/17/2016,8:30:44,0,9.5055,21.918
7/17/2016,8:45:44,0,9.5045,22.855
7/17/2016,9:00:44,0,9.5039,23.519
7/17/2016,9:15:44,0,9.5035,24.053
7/17/2016,9:30:44,0,9.5017,26.949
7/17/2016,9:45:44,0,9.5018,29.026
7/17/2016,10:00:44,0,9.501,30.083
7/17/2016,10:15:44,0,9.5002,30.625
7/17/2016,10:30:44,0,9.504,32.39
7/17/2016,10:45:44,0,9.5035,31.699
7/17/2016,11:00:44,0,9.5018,30.584
7/17/2016,11:15:44,0,9.5009,30.134
7/17/2016,11:30:44,0,9.4996,29.866
7/17/2016,11:45:44,0,9.5013,30.077
7/17/2016,12:00:44,0,9.5001,30.228
7/17/2016,12:15:44,0,9.4987,29.945
7/17/2016,12:30:44,0,9.4991,30.382
7/17/2016,12:45:44,0,9.4994,30.442
7/17/2016,13:00:44,0,9.5002,30.647
7/17/2016,13:15:44,0,9.5,30.698
7/17/2016,13:30:44,0,9.5,32.089
7/17/2016,13:45:44,0,9.4998,32.403
7/17/2016,14:00:44,0,9.5024,32.341
7/17/2016,14:15:44,0,9.5001,31.334
7/17/2016,14:30:44,0,9.5024,30.346
7/17/2016,14:45:44,0,9.5025,29.481
7/17/2016,15:00:44,0,9.5003,28.812
7/17/2016,15:15:44,0,9.4986,28.37
7/17/2016,15:30:44,0,9.4968,28.486
7/17/2016,15:45:44,0,9.4974,28.661
7/17/2016,16:00:44,0,9.4967,28.648
7/17/2016,16:15:44,0,9.4983,28.4
7/17/2016,16:30:44,0,9.4977,28.173
7/17/2016,16:45:44,0,9.4967,28.041
7/17/2016,17:00:44,0,9.4978,27.945
7/17/2016,17:15:44,0,9.4981,27.608
7/17/2016,17:30:44,0,9.4978,27.337
7/17/2016,17:45:44,0,9.4999,26.868
7/17/2016,18:00:44,0,9.5013,26.247
7/17/2016,18:15:44,0,9.5024,25.626
7/17/2016,18:30:44,0,9.5034,25.24
7/17/2016,18:45:44,0,9.5044,24.807
7/17/2016,19:00:44,0,9.5049,24.259
7/17/2016,19:15:44,0,9.5062,23.456
7/17/2016,19:30:44,0,9.5069,22.903
7/17/2016,19:45:44,0,9.508,22.381
7/17/2016,20:00:44,0,9.5099,21.943
7/17/2016,20:15:44,0,9.5104,21.378
7/17/2016,20:30:44,0,9.5133,20.901
7/17/2016,20:45:44,0,9.5161,20.315
7/17/2016,21:00:44,0,9.5173,19.995
7/17/2016,21:15:44,0,9.5183,19.513
7/17/2016,21:30:44,0,9.5194,19.187
7/17/2016,21:45:44,0,9.5208,18.617
7/17/2016,22:00:44,0,9.5205,18.356
7/17/2016,22:15:44,0,9.5196,17.882
7/17/2016,22:30:44,0,9.5207,17.435
7/17/2016,22:45:44,0,9.5226,17.094
7/17/2016,23:00:44,0,9.524,16.918
7/17/2016,23:15:44,0,9.5241,16.542
7/17/2016,23:30:44,0,9.5246,16.266
7/17/2016,23:45:44,0,9.5258,16.051
7/18/2016,0:00:44,0,9.5252,15.871
7/18/2016,0:15:44,0,9.5246,15.67
7/18/2016,0:30:44,0,9.5252,15.422
7/18/2016,0:45:44,0,9.5261,15.119
7/18/2016,1:00:44,0,9.5254,14.88
7/18/2016,1:15:44,0,9.5247,14.764
7/18/2016,1:30:44,0,9.5256,14.711
7/18/2016,1:45:44,0,9.526,14.585
7/18/2016,2:00:44,0,9.5272,14.336
7/18/2016,2:15:44,0,9.5267,14.137
7/18/2016,2:30:44,0,9.5266,13.773
7/18/2016,2:45:44,0,9.5257,13.48
7/18/2016,3:00:44,0,9.5279,13.515
7/18/2016,3:15:44,0,9.5287,13.296
7/18/2016,3:30:44,0,9.5292,13.09
7/18/2016,3:45:44,0,9.5306,12.768
7/18/2016,4:00:44,0,9.5318,12.35
7/18/2016,4:15:44,0,9.5325,12.36
7/18/2016,4:30:44,0,9.5326,12.203
7/18/2016,4:45:44,0,9.5336,12.171
7/18/2016,5:00:44,0,9.5354,12.213
7/18/2016,5:15:44,0,9.5385,11.968
7/18/2016,5:30:44,0,9.541,11.842
7/18/2016,5:45:44,0,9.5431,11.887
7/18/2016,6:00:44,0,9.544,11.984
7/18/2016,6:15:44,0,9.5449,12.038
7/18/2016,6:30:44,0,9.5447,12.274
7/18/2016,6:45:44,0,9.5454,12.693
7/18/2016,7:00:44,0,9.5456,12.921
7/18/2016,7:15:44,0,9.5449,13.192
7/18/2016,7:30:44,0,9.545,13.592
7/18/2016,7:45:44,0,9.5451,14.492
7/18/2016,8:00:44,0,9.5453,15.517
7/18/2016,8:15:44,0,9.5435,18.615
7/18/2016,8:30:44,0,9.5446,19.549
7/18/2016,8:45:44,0,9.544,20.479
7/18/2016,9:00:44,0,9.543,21.58
7/18/2016,9:15:44,0,9.5444,22.687
7/18/2016,9:30:44,0,9.5468,25.121
7/18/2016,9:45:44,0,9.5472,27.438
7/18/2016,10:00:44,0,9.5494,26.758
7/18/2016,10:15:44,0,9.549,28.332
7/18/2016,10:30:44,0,9.5485,29.532
7/18/2016,10:45:44,0,9.5506,28.559
7/18/2016,11:00:44,0,9.5478,27.286
7/18/2016,11:15:44,0,9.5481,27.621
7/18/2016,11:30:44,0,9.5484,26.317
7/18/2016,11:45:44,0,9.5487,27.583
7/18/2016,12:00:44,0,9.5496,27.242
7/18/2016,12:15:44,0,9.5475,26.738
7/18/2016,12:30:44,0,9.5487,27.403
7/18/2016,12:45:44,0,9.5487,27.724
7/18/2016,13:00:44,0,9.547,27.423
7/18/2016,13:15:44,0,9.5459,28.447
7/18/2016,13:30:44,0,9.5467,29.292
7/18/2016,13:45:44,0,9.5463,29.346
7/18/2016,14:00:44,0,9.5461,29.754
7/18/2016,14:15:44,0,9.5461,28.874
7/18/2016,14:30:44,0,9.5471,27.955
7/18/2016,14:45:44,0,9.5465,27.401
7/18/2016,15:00:44,0,9.5472,27.336
7/18/2016,15:15:44,0,9.5465,26.837
7/18/2016,15:30:44,0,9.5455,27.093
7/18/2016,15:45:44,0,9.545,26.969
7/18/2016,16:00:44,0,9.544,26.863
7/18/2016,16:15:44,0,9.5442,26.453
7/18/2016,16:30:44,0,9.5442,26.251
7/18/2016,16:45:44,0,9.5427,26.039
7/18/2016,17:00:44,0,9.5432,25.74
7/18/2016,17:15:44,0,9.5419,25.472
7/18/2016,17:30:44,0,9.543,25.215
7/18/2016,17:45:44,0,9.5421,24.692
7/18/2016,18:00:44,0,9.5423,24.259
7/18/2016,18:15:44,0,9.5419,23.979
7/18/2016,18:30:44,0,9.5434,23.683
7/18/2016,18:45:44,0,9.544,23.298
7/18/2016,19:00:44,0,9.5447,22.74
7/18/2016,19:15:44,0,9.5464,22.007
7/18/2016,19:30:44,0,9.5467,21.352
7/18/2016,19:45:44,0,9.5477,20.779
7/18/2016,20:00:44,0,9.5488,20.237
7/18/2016,20:15:44,0,9.5506,19.751
7/18/2016,20:30:44,0,9.5524,19.242
7/18/2016,20:45:44,0,9.5539,18.867
7/18/2016,21:00:44,0,9.5557,18.46
7/18/2016,21:15:44,0,9.5578,18.146
7/18/2016,21:30:44,0,9.5595,17.814
7/18/2016,21:45:44,0,9.5599,17.444
7/18/2016,22:00:44,0,9.5599,17.157
7/18/2016,22:15:44,0,9.5604,16.869
7/18/2016,22:30:44,0,9.5609,16.501
7/18/2016,22:45:44,0,9.5613,16.244
7/18/2016,23:00:44,0,9.5617,16.147
7/18/2016,23:15:44,0,9.5615,15.614
7/18/2016,23:30:44,0,9.5602,15.382
7/18/2016,23:45:44,0,9.5604,15.266
7/19/2016,0:00:44,0,9.5599,14.831
7/19/2016,0:15:44,0,9.5604,14.82
7/19/2016,0:30:44,0,9.5589,14.393
7/19/2016,0:45:44,0,9.5593,14.093
7/19/2016,1:00:44,0,9.5602,14.016
7/19/2016,1:15:44,0,9.5611,13.864
7/19/2016,1:30:44,0,9.5616,13.687
7/19/2016,1:45:44,0,9.5618,13.482
7/19/2016,2:00:44,0,9.5614,13.384
7/19/2016,2:15:44,0,9.5614,13.251
7/19/2016,2:30:44,0,9.5616,13.191
7/19/2016,2:45:44,0,9.5614,12.974
7/19/2016,3:00:44,0,9.5635,12.814
7/19/2016,3:15:44,0,9.5637,12.538
7/19/2016,3:30:44,0,9.5628,12.535
7/19/2016,3:45:44,0,9.5627,12.453
7/19/2016,4:00:44,0,9.5633,12.244
7/19/2016,4:15:44,0,9.5636,11.941
7/19/2016,4:30:44,0,9.5642,11.892
7/19/2016,4:45:44,0,9.5645,11.599
7/19/2016,5:00:44,0,9.5651,11.581
7/19/2016,5:15:44,0,9.5661,11.412
7/19/2016,5:30:44,0,9.5662,11.466
7/19/2016,5:45:44,0,9.5673,11.24
7/19/2016,6:00:44,0,9.5677,11.301
7/19/2016,6:15:44,0,9.5671,11.233
7/19/2016,6:30:44,0,9.5665,11.598
7/19/2016,6:45:44,0,9.5666,11.946
7/19/2016,7:00:44,0,9.5658,12.358
7/19/2016,7:15:44,0,9.5666,12.837
7/19/2016,7:30:44,0,9.567,13.46
7/19/2016,7:45:44,0,9.5678,14.32
7/19/2016,8:00:44,0,9.5674,15.4
7/19/2016,8:15:44,0,9.5666,18.352
7/19/2016,8:30:44,0,9.5661,20.205
7/19/2016,8:45:44,0,9.5664,20.846
7/19/2016,9:00:44,0,9.5646,21.312
7/19/2016,9:15:44,0,9.5622,22.295
7/19/2016,9:30:44,0,9.5621,25.06
7/19/2016,9:45:44,0,9.5609,26.682
7/19/2016,10:00:44,0,9.5626,26.434
7/19/2016,10:15:44,0,9.5618,28.48
7/19/2016,10:30:44,0,9.5617,29.471
7/19/2016,10:45:44,0,9.5609,29.202
7/19/2016,11:00:44,0,9.5609,27.716
7/19/2016,11:15:44,0,9.5592,26.892
7/19/2016,11:30:44,0,9.559,27.3
7/19/2016,11:45:44,0,9.5581,27.871
7/19/2016,12:00:44,0,9.5573,27.586
7/19/2016,12:15:44,0,9.5571,27.927
7/19/2016,12:30:44,0,9.5557,28.001
7/19/2016,12:45:44,0,9.5554,28.211
7/19/2016,13:00:44,0,9.5552,28.366
7/19/2016,13:15:44,0,9.5533,28.646
7/19/2016,13:30:44,0,9.5529,29.797
7/19/2016,13:45:44,0,9.5537,30.35
7/19/2016,14:00:44,0,9.5539,29.815
7/19/2016,14:15:44,0,9.55,29.511
7/19/2016,14:30:44,0,9.5488,28.538
7/19/2016,14:45:44,0,9.5476,28.339
7/19/2016,15:00:44,0,9.5475,28.196
7/19/2016,15:15:44,0,9.5468,28.164
7/19/2016,15:30:44,0,9.5457,28.158
7/19/2016,15:45:44,0,9.5461,28.106
7/19/2016,16:00:44,0,9.5445,27.79
7/19/2016,16:15:44,0,9.5445,27.573
7/19/2016,16:30:44,0,9.543,27.321
7/19/2016,16:45:44,0,9.5424,26.87
7/19/2016,17:00:44,0,9.5409,26.446
7/19/2016,17:15:44,0,9.5393,26.186
7/19/2016,17:30:44,0,9.5407,25.614
7/19/2016,17:45:44,0,9.5404,25.222
7/19/2016,18:00:44,0,9.5398,24.88
7/19/2016,18:15:44,0,9.5405,24.553
7/19/2016,18:30:44,0,9.5415,24.212
7/19/2016,18:45:44,0,9.5421,23.764
7/19/2016,19:00:44,0,9.5427,23.188
7/19/2016,19:15:44,0,9.543,22.452
7/19/2016,19:30:44,0,9.5432,21.887
7/19/2016,19:45:44,0,9.544,21.255
7/19/2016,20:00:44,0,9.5467,20.765
7/19/2016,20:15:44,0,9.5488,20.093
7/19/2016,20:30:44,0,9.5511,19.746
7/19/2016,20:45:44,0,9.5528,19.401
7/19/2016,21:00:44,0,9.5568,18.976
7/19/2016,21:15:44,0,9.5582,18.443
7/19/2016,21:30:44,0,9.5584,18.184
7/19/2016,21:45:44,0,9.56,17.97
7/19/2016,22:00:44,0,9.5604,17.674
7/19/2016,22:15:44,0,9.5604,17.268
7/19/2016,22:30:44,0,9.5586,17.188
7/19/2016,22:45:44,0,9.5586,16.847
7/19/2016,23:00:44,0,9.5604,16.438
7/19/2016,23:15:44,0,9.5608,16.177
7/19/2016,23:30:44,0,9.5614,16.007
7/19/2016,23:45:44,0,9.5627,15.811
7/20/2016,0:00:44,0,9.5628,15.5
7/20/2016,0:15:44,0,9.5628,15.316
7/20/2016,0:30:44,0,9.5634,15.067
7/20/2016,0:45:44,0,9.5643,14.938
7/20/2016,1:00:44,0,9.565,14.396
7/20/2016,1:15:44,0,9.5636,14.368
7/20/2016,1:30:44,0,9.5632,14.189
7/20/2016,1:45:44,0,9.5636,13.998
7/20/2016,2:00:44,0,9.5626,13.802
7/20/2016,2:15:44,0,9.5627,13.686
7/20/2016,2:30:44,0,9.5632,13.554
7/20/2016,2:45:44,0,9.563,13.171
7/20/2016,3:00:44,0,9.5626,13.185
7/20/2016,3:15:44,0,9.5635,13.049
7/20/2016,3:30:44,0,9.563,12.82
7/20/2016,3:45:44,0,9.5634,12.722
7/20/2016,4:00:44,0,9.5627,12.414
7/20/2016,4:15:44,0,9.5632,12.415
7/20/2016,4:30:44,0,9.5637,12.284
7/20/2016,4:45:44,0,9.5649,12.158
7/20/2016,5:00:44,0,9.5647,11.942
7/20/2016,5:15:44,0,9.5662,11.884
7/20/2016,5:30:44,0,9.5669,11.78
7/20/2016,5:45:44,0,9.5675,11.757
7/20/2016,6:00:44,0,9.5674,11.745
7/20/2016,6:15:44,0,9.5676,11.825
7/20/2016,6:30:44,0,9.5667,12.008
7/20/2016,6:45:44,0,9.5668,12.294
7/20/2016,7:00:44,0,9.5663,12.645
7/20/2016,7:15:44,0,9.5649,13.047
7/20/2016,7:30:44,0,9.5655,13.657
7/20/2016,7:45:44,0,9.5653,14.547
7/20/2016,8:00:44,0,9.5642,15.897
7/20/2016,8:15:44,0,9.5625,18.842
7/20/2016,8:30:44,0,9.562,20.701
7/20/2016,8:45:44,0,9.5621,21.833
7/20/2016,9:00:44,0,9.5623,21.838
7/20/2016,9:15:44,0,9.5611,22.622
7/20/2016,9:30:44,0,9.5597,25.136
7/20/2016,9:45:44,0,9.5598,26.775
7/20/2016,10:00:44,0,9.5595,26.221
7/20/2016,10:15:44,0,9.5581,27.742
7/20/2016,10:30:44,0,9.5556,30.558
7/20/2016,10:45:44,0,9.5556,29.553
7/20/2016,11:00:44,0,9.5546,29.32
7/20/2016,11:15:44,0,9.5534,28.981
7/20/2016,11:30:44,0,9.5528,28.8
7/20/2016,11:45:44,0,9.5518,29.112
7/20/2016,12:00:44,0,9.5525,29.081
7/20/2016,12:15:44,0,9.5519,29.326
7/20/2016,12:30:44,0,9.551,29.209
7/20/2016,12:45:44,0,9.5499,29.437
7/20/2016,13:00:44,0,9.5491,29.972
7/20/2016,13:15:44,0,9.5487,30.57
7/20/2016,13:30:44,0,9.5489,31.335
7/20/2016,13:45:44,0,9.5491,31.718
7/20/2016,14:00:44,0,9.5488,32.15
7/20/2016,14:15:44,0,9.5472,31.144
7/20/2016,14:30:44,0,9.5457,30.356
7/20/2016,14:45:44,0,9.5455,29.937
7/20/2016,15:00:44,0,9.544,30.024
7/20/2016,15:15:44,0,9.5436,30.02
7/20/2016,15:30:44,0,9.5438,29.873
7/20/2016,15:45:44,0,9.5443,29.652
7/20/2016,16:00:44,0,9.5438,29.36
7/20/2016,16:15:44,0,9.5429,28.987
7/20/2016,16:30:44,0,9.5425,28.511
7/20/2016,16:45:44,0,9.5417,28.186
7/20/2016,17:00:44,0,9.5418,27.821
7/20/2016,17:15:44,0,9.5415,27.316
7/20/2016,17:30:44,0,9.5418,26.77
7/20/2016,17:45:44,0,9.5422,26.437
7/20/2016,18:00:44,0,9.5428,25.999
7/20/2016,18:15:44,0,9.5427,25.73
7/20/2016,18:30:44,0,9.5435,25.422
7/20/2016,18:45:44,0,9.5447,24.966
7/20/2016,19:00:44,0,9.5457,24.309
7/20/2016,19:15:44,0,9.5462,23.53
7/20/2016,19:30:44,0,9.5466,22.929
7/20/2016,19:45:44,0,9.5474,22.348
7/20/2016,20:00:44,0,9.5495,21.781
7/20/2016,20:15:44,0,9.5513,21.323
7/20/2016,20:30:44,0,9.5535,20.846
7/20/2016,20:45:44,0,9.5557,20.476
7/20/2016,21:00:44,0,9.5566,20.037
7/20/2016,21:15:44,0,9.5578,19.606
7/20/2016,21:30:44,0,9.5583,19.278
7/20/2016,21:45:44,0,9.558,18.958
7/20/2016,22:00:44,0,9.5584,18.672
7/20/2016,22:15:44,0,9.5581,18.354
7/20/2016,22:30:44,0,9.558,18.179
7/20/2016,22:45:44,0,9.5581,17.925
7/20/2016,23:00:44,0,9.5578,17.5
7/20/2016,23:15:44,0,9.5579,17.207
7/20/2016,23:30:44,0,9.5581,16.936
7/20/2016,23:45:44,0,9.5578,16.747
7/21/2016,0:00:44,0,9.5577,16.468
7/21/2016,0:15:44,0,9.5576,16.294
7/21/2016,0:30:44,0,9.5573,16.045
7/21/2016,0:45:44,0,9.5573,15.772
7/21/2016,1:00:44,0,9.5566,15.565
7/21/2016,1:15:44,0,9.5568,15.141
7/21/2016,1:30:44,0,9.5562,15.039
7/21/2016,1:45:44,0,9.5559,14.845
7/21/2016,2:00:44,0,9.5555,14.648
7/21/2016,2:15:44,0,9.5562,14.544
7/21/2016,2:30:44,0,9.5559,14.269
7/21/2016,2:45:44,0,9.5555,14.176
7/21/2016,3:00:44,0,9.5544,13.998
7/21/2016,3:15:44,0,9.5552,13.904
7/21/2016,3:30:44,0,9.556,13.776
7/21/2016,3:45:44,0,9.5568,13.786
7/21/2016,4:00:44,0,9.5592,13.647
7/21/2016,4:15:44,0,9.5595,13.423
7/21/2016,4:30:44,0,9.5606,13.131
7/21/2016,4:45:44,0,9.5614,13.048
7/21/2016,5:00:44,0,9.5623,13.017
7/21/2016,5:15:44,0,9.5625,12.979
7/21/2016,5:30:44,0,9.5644,12.859
7/21/2016,5:45:44,0,9.5647,12.783
7/21/2016,6:00:44,0,9.5658,12.84
7/21/2016,6:15:44,0,9.5658,12.849
7/21/2016,6:30:44,0,9.5652,13.069
7/21/2016,6:45:44,0,9.5649,13.248
7/21/2016,7:00:44,0,9.5642,13.677
7/21/2016,7:15:44,0,9.5631,14.181
7/21/2016,7:30:44,0,9.5618,14.862
7/21/2016,7:45:44,0,9.5605,15.706
7/21/2016,8:00:44,0,9.5593,17.12
7/21/2016,8:15:44,0,9.5584,20.193
7/21/2016,8:30:44,0,9.5583,22.209
7/21/2016,8:45:44,0,9.5595,23.395
7/21/2016,9:00:44,0,9.5601,23.277
7/21/2016,9:15:44,0,9.5595,24.015
7/21/2016,9:30:44,0,9.5607,26.796
7/21/2016,9:45:44,0,9.5615,27.993
7/21/2016,10:00:44,0,9.5607,28.489
7/21/2016,10:15:44,0,9.5608,29.542
7/21/2016,10:30:44,0,9.5618,32.681
7/21/2016,10:45:44,0,9.5626,31.342
7/21/2016,11:00:44,0,9.5603,29.742
7/21/2016,11:15:44,0,9.5604,29.135
7/21/2016,11:30:44,0,9.5599,29.296
7/21/2016,11:45:44,0,9.561,29.602
7/21/2016,12:00:44,0,9.5599,29.826
7/21/2016,12:15:44,0,9.5599,30.424
7/21/2016,12:30:44,0,9.5596,30.367
7/21/2016,12:45:44,0,9.5585,30.013
7/21/2016,13:00:44,0,9.5585,30.385
7/21/2016,13:15:44,0,9.5571,30.966
7/21/2016,13:30:44,0,9.5572,31.946
7/21/2016,13:45:44,0,9.5608,31.772
7/21/2016,14:00:44,0,9.559,32.75
7/21/2016,14:15:44,0,9.5591,31.727
7/21/2016,14:30:44,0,9.557,31.108
7/21/2016,14:45:44,0,9.5561,30.765
7/21/2016,15:00:44,0,9.5559,30.672
7/21/2016,15:15:44,0,9.5574,30.779
7/21/2016,15:30:44,0,9.5578,30.656
7/21/2016,15:45:44,0,9.5578,30.272
7/21/2016,16:00:44,0,9.5585,29.887
7/21/2016,16:15:44,0,9.5593,29.508
7/21/2016,16:30:44,0,9.5583,29.092
7/21/2016,16:45:44,0,9.5572,28.678
7/21/2016,17:00:44,0,9.5574,28.117
7/21/2016,17:15:44,0,9.5578,27.495
7/21/2016,17:30:44,0,9.5584,27.086
7/21/2016,17:45:44,0,9.5596,26.751
7/21/2016,18:00:44,0,9.5603,26.317
7/21/2016,18:15:44,0,9.5619,26.019
7/21/2016,18:30:44,0,9.5634,25.653
7/21/2016,18:45:44,0,9.5642,25.136
7/21/2016,19:00:44,0,9.5651,24.404
7/21/2016,19:15:44,0,9.5661,23.687
7/21/2016,19:30:44,0,9.5677,22.963
7/21/2016,19:45:44,0,9.5684,22.234
7/21/2016,20:00:44,0,9.5698,21.699
7/21/2016,20:15:44,0,9.5718,21.148
7/21/2016,20:30:44,0,9.5736,20.596
7/21/2016,20:45:44,0,9.5751,20.254
7/21/2016,21:00:44,0,9.5763,19.945
7/21/2016,21:15:44,0,9.5775,19.621
7/21/2016,21:30:44,0,9.578,19.212
7/21/2016,21:45:44,0,9.5779,18.813
7/21/2016,22:00:44,0,9.5781,18.478
7/21/2016,22:15:44,0,9.578,18.098
7/21/2016,22:30:44,0,9.5788,17.673
7/21/2016,22:45:44,0,9.5797,17.53
7/21/2016,23:00:44,0,9.581,17.275
7/21/2016,23:15:44,0,9.5812,17.059
7/21/2016,23:30:44,0,9.5809,16.583
7/21/2016,23:45:44,0,9.5797,16.475
7/22/2016,0:00:44,0,9.5804,16.056
7/22/2016,0:15:44,0,9.5799,15.927
7/22/2016,0:30:44,0,9.5794,15.499
7/22/2016,0:45:44,0,9.5782,15.377
7/22/2016,1:00:44,0,9.5789,15.146
7/22/2016,1:15:44,0,9.579,14.878
7/22/2016,1:30:44,0,9.5793,14.631
7/22/2016,1:45:44,0,9.5786,14.554
7/22/2016,2:00:44,0,9.5781,14.312
7/22/2016,2:15:44,0,9.5782,14.049
7/22/2016,2:30:44,0,9.5785,13.967
7/22/2016,2:45:44,0,9.578,13.398
7/22/2016,3:00:44,0,9.5784,13.203
7/22/2016,3:15:44,0,9.5775,13.13
7/22/2016,3:30:44,0,9.5782,12.945
7/22/2016,3:45:44,0,9.579,12.765
7/22/2016,4:00:44,0,9.5801,12.84
7/22/2016,4:15:44,0,9.5807,12.734
7/22/2016,4:30:44,0,9.581,12.518
7/22/2016,4:45:44,0,9.5806,12.339
7/22/2016,5:00:44,0,9.5815,12.267
7/22/2016,5:15:44,0,9.583,12.176
7/22/2016,5:30:44,0,9.5846,12.098
7/22/2016,5:45:44,0,9.5849,12.059
7/22/2016,6:00:44,0,9.5855,11.921
7/22/2016,6:15:44,0,9.5854,11.976
7/22/2016,6:30:44,0,9.5856,12.009
7/22/2016,6:45:44,0,9.5859,12.304
7/22/2016,7:00:44,0,9.5866,12.652
7/22/2016,7:15:44,0,9.5851,13.162
7/22/2016,7:30:44,0,9.5855,13.945
7/22/2016,7:45:44,0,9.585,14.869
7/22/2016,8:00:44,0,9.5839,16.538
7/22/2016,8:15:44,0,9.5828,19.882
7/22/2016,8:30:44,0,9.5829,21.848
7/22/2016,8:45:44,0,9.5832,22.574
7/22/2016,9:00:44,0,9.5842,23.265
7/22/2016,9:15:44,0,9.5839,23.482
7/22/2016,9:30:44,0,9.5836,25.365
7/22/2016,9:45:44,0,9.5828,27.2
7/22/2016,10:00:44,0,9.5839,27.654
7/22/2016,10:15:44,0,9.5836,27.139
7/22/2016,10:30:44,0,9.5826,30.071
7/22/2016,10:45:44,0,9.5808,30.261
7/22/2016,11:00:44,0,9.5794,29.776
7/22/2016,11:15:44,0,9.5792,30.4
7/22/2016,11:30:44,0,9.5782,30.322
7/22/2016,11:45:44,0,9.5772,30.475
7/22/2016,12:00:44,0,9.5765,30.66
7/22/2016,12:15:44,0,9.5754,30.918
7/22/2016,12:30:44,0,9.5746,31.146
7/22/2016,12:45:44,0,9.5737,31.234
7/22/2016,13:00:44,0,9.5736,31.859
7/22/2016,13:15:44,0,9.5724,31.959
7/22/2016,13:30:44,0,9.5718,32.806
7/22/2016,13:45:44,0,9.5714,32.806
7/22/2016,14:00:44,0,9.5707,33.77
7/22/2016,14:15:44,0,9.5695,33.19
7/22/2016,14:30:44,0,9.5681,32.337
7/22/2016,14:45:44,0,9.5657,32.033
7/22/2016,15:00:44,0,9.5647,31.75
7/22/2016,15:15:44,0,9.5638,31.708
7/22/2016,15:30:44,0,9.5634,31.551
7/22/2016,15:45:44,0,9.5628,31.439
7/22/2016,16:00:44,0,9.5614,30.869
7/22/2016,16:15:44,0,9.5604,30.502
7/22/2016,16:30:44,0,9.5595,30.097
7/22/2016,16:45:44,0,9.5602,29.504
7/22/2016,17:00:44,0,9.5599,29.014
7/22/2016,17:15:44,0,9.5589,28.374
7/22/2016,17:30:44,0,9.5587,27.772
7/22/2016,17:45:44,0,9.5591,27.361
7/22/2016,18:00:44,0,9.5582,26.924
7/22/2016,18:15:44,0,9.5594,26.505
7/22/2016,18:30:44,0,9.5598,26.089
7/22/2016,18:45:44,0,9.5604,25.542
7/22/2016,19:00:44,0,9.5616,24.821
7/22/2016,19:15:44,0,9.5631,24.08
7/22/2016,19:30:44,0,9.5639,23.351
7/22/2016,19:45:44,0,9.5655,22.679
7/22/2016,20:00:44,0,9.5671,22.135
7/22/2016,20:15:44,0,9.5686,21.635
7/22/2016,20:30:44,0,9.5705,21.09
7/22/2016,20:45:44,0,9.5714,20.62
7/22/2016,21:00:44,0,9.5726,20.153
7/22/2016,21:15:44,0,9.5735,19.753
7/22/2016,21:30:44,0,9.5736,19.442
7/22/2016,21:45:44,0,9.5734,19.045
7/22/2016,22:00:44,0,9.573,18.669
7/22/2016,22:15:44,0,9.5726,18.317
7/22/2016,22:30:44,0,9.5724,17.904
7/22/2016,22:45:44,0,9.5726,17.572
7/22/2016,23:00:44,0,9.5721,17.033
7/22/2016,23:15:44,0,9.5724,16.81
7/22/2016,23:30:44,0,9.5708,16.398
7/22/2016,23:45:44,0,9.5692,16.115
7/23/2016,0:00:44,0,9.5681,15.939
7/23/2016,0:15:44,0,9.5673,15.634
7/23/2016,0:30:44,0,9.5656,15.633
7/23/2016,0:45:44,0,9.5644,15.167
7/23/2016,1:00:44,0,9.5635,14.987
7/23/2016,1:15:44,0,9.5625,14.67
7/23/2016,1:30:44,0,9.5621,14.499
7/23/2016,1:45:44,0,9.5613,14.398
7/23/2016,2:00:44,0,9.5594,14.317
7/23/2016,2:15:44,0,9.559,14.173
7/23/2016,2:30:44,0,9.5587,13.843
7/23/2016,2:45:44,0,9.557,13.79
7/23/2016,3:00:44,0,9.5552,13.629
7/23/2016,3:15:44,0,9.5545,13.454
7/23/2016,3:30:44,0,9.554,13.191
7/23/2016,3:45:44,0,9.5537,13.187
7/23/2016,4:00:44,0,9.5526,12.94
7/23/2016,4:15:44,0,9.5524,12.741
7/23/2016,4:30:44,0,9.5526,12.545
7/23/2016,4:45:44,0,9.5519,12.437
7/23/2016,5:00:44,0,9.5517,12.362
7/23/2016,5:15:44,0,9.5522,12.407
7/23/2016,5:30:44,0,9.5528,12.104
7/23/2016,5:45:44,0,9.5539,12.016
7/23/2016,6:00:44,0,9.5549,12.053
7/23/2016,6:15:44,0,9.5542,11.848
7/23/2016,6:30:44,0,9.5538,12.16
7/23/2016,6:45:44,0,9.5534,12.505
7/23/2016,7:00:44,0,9.5519,13.031
7/23/2016,7:15:44,0,9.5513,13.529
7/23/2016,7:30:44,0,9.5501,14.346
7/23/2016,7:45:44,0,9.5488,15.407
7/23/2016,8:00:44,0,9.5467,17.071
7/23/2016,8:15:44,0,9.5453,20.987
7/23/2016,8:30:44,0,9.5457,22.956
7/23/2016,8:45:44,0,9.5458,24.045
7/23/2016,9:00:44,0,9.5444,24.833
7/23/2016,9:15:44,0,9.5438,25.312
7/23/2016,9:30:44,0,9.5434,26.679
7/23/2016,9:45:44,0,9.5427,27.849
7/23/2016,10:00:44,0,9.542,28.116
7/23/2016,10:15:44,0,9.5392,28.228
7/23/2016,10:30:44,0,9.5389,31.607
7/23/2016,10:45:44,0,9.537,30.417
7/23/2016,11:00:44,0,9.5332,30.267
7/23/2016,11:15:44,0,9.5319,30.58
7/23/2016,11:30:44,0,9.5306,31.407
7/23/2016,11:45:44,0,9.5296,32.112
7/23/2016,12:00:44,0,9.5295,32.257
7/23/2016,12:15:44,0,9.5277,32.656
7/23/2016,12:30:44,0,9.5282,32.872
7/23/2016,12:45:44,0,9.5269,33.13
7/23/2016,13:00:44,0,9.5259,33.554
7/23/2016,13:15:44,0,9.5244,33.719
7/23/2016,13:30:44,0,9.5236,34.982
7/23/2016,13:45:44,0,9.5221,34.516
7/23/2016,14:00:44,0,9.5223,35.329
7/23/2016,14:15:44,0,9.5205,34.987
7/23/2016,14:30:44,0,9.5188,34.254
7/23/2016,14:45:44,0,9.5167,33.821
7/23/2016,15:00:44,0,9.5158,33.787
7/23/2016,15:15:44,0,9.5157,33.51
7/23/2016,15:30:44,0,9.5153,33.564
7/23/2016,15:45:44,0,9.5138,33.356
7/23/2016,16:00:44,0,9.5129,32.938
7/23/2016,16:15:44,0,9.512,32.469
7/23/2016,16:30:44,0,9.5115,31.749
7/23/2016,16:45:44,0,9.5104,31.115
7/23/2016,17:00:44,0,9.5086,30.55
7/23/2016,17:15:44,0,9.5078,29.936
7/23/2016,17:30:44,0,9.5073,29.432
7/23/2016,17:45:44,0,9.5067,28.997
7/23/2016,18:00:44,0,9.5067,28.633
7/23/2016,18:15:44,0,9.5074,28.241
7/23/2016,18:30:44,0,9.5077,27.787
7/23/2016,18:45:44,0,9.5087,27.252
7/23/2016,19:00:44,0,9.5103,26.533
7/23/2016,19:15:44,0,9.5122,25.806
7/23/2016,19:30:44,0,9.5145,25.137
7/23/2016,19:45:44,0,9.5161,24.524
7/23/2016,20:00:44,0,9.5176,23.981
7/23/2016,20:15:44,0,9.52,23.501
7/23/2016,20:30:44,0,9.5217,22.958
7/23/2016,20:45:44,0,9.523,22.562
7/23/2016,21:00:44,0,9.5232,22.14
7/23/2016,21:15:44,0,9.5227,21.863
7/23/2016,21:30:44,0,9.5221,21.447
7/23/2016,21:45:44,0,9.5214,21.182
7/23/2016,22:00:44,0,9.5221,20.837
7/23/2016,22:15:44,0,9.5215,20.547
7/23/2016,22:30:44,0,9.5206,20.185
7/23/2016,22:45:44,0,9.5209,19.846
7/23/2016,23:00:44,0,9.5209,19.623
7/23/2016,23:15:44,0,9.5201,19.471
7/23/2016,23:30:44,0,9.5196,19.119
7/23/2016,23:45:44,0,9.5185,18.912
7/24/2016,0:00:44,0,9.5181,18.561
7/24/2016,0:15:44,0,9.5169,18.352
7/24/2016,0:30:44,0,9.5165,18.141
7/24/2016,0:45:44,0,9.5157,17.935
7/24/2016,1:00:44,0,9.5146,17.799
7/24/2016,1:15:44,0,9.5139,17.529
7/24/2016,1:30:44,0,9.5126,17.289
7/24/2016,1:45:44,0,9.5117,17.097
7/24/2016,2:00:44,0,9.5122,16.864
7/24/2016,2:15:44,0,9.5103,16.821
7/24/2016,2:30:44,0,9.5094,16.555
7/24/2016,2:45:44,0,9.5091,16.39
7/24/2016,3:00:44,0,9.5093,16.174
7/24/2016,3:15:44,0,9.5086,16.014
7/24/2016,3:30:44,0,9.5099,15.938
7/24/2016,3:45:44,0,9.5097,15.857
7/24/2016,4:00:44,0,9.5109,15.58
7/24/2016,4:15:44,0,9.512,15.451
7/24/2016,4:30:44,0,9.513,15.115
7/24/2016,4:45:44,0,9.5138,15.02
7/24/2016,5:00:44,0,9.514,14.96
7/24/2016,5:15:44,0,9.5156,14.875
7/24/2016,5:30:44,0,9.5167,14.74
7/24/2016,5:45:44,0,9.5185,14.397
7/24/2016,6:00:44,0,9.5188,14.465
7/24/2016,6:15:44,0,9.5189,14.44
7/24/2016,6:30:44,0,9.5195,14.49
7/24/2016,6:45:44,0,9.519,14.869
7/24/2016,7:00:44,0,9.519,15.2
7/24/2016,7:15:44,0,9.5189,15.652
7/24/2016,7:30:44,0,9.519,16.354
7/24/2016,7:45:44,0,9.5187,17.297
7/24/2016,8:00:44,0,9.5175,18.997
7/24/2016,8:15:44,0,9.5164,22.657
7/24/2016,8:30:44,0,9.5159,24.432
7/24/2016,8:45:44,0,9.5153,25.367
7/24/2016,9:00:44,0,9.5143,26.764
7/24/2016,9:15:44,0,9.5151,27.021
7/24/2016,9:30:44,0,9.5159,28.05
7/24/2016,9:45:44,0,9.5138,29.166
7/24/2016,10:00:44,0,9.5134,29.351
7/24/2016,10:15:44,0,9.5119,30.094
7/24/2016,10:30:44,0,9.5113,32.364
7/24/2016,10:45:44,0,9.5102,32.288
7/24/2016,11:00:44,0,9.509,32.017
7/24/2016,11:15:44,0,9.5077,32.104
7/24/2016,11:30:44,0,9.5081,32.527
7/24/2016,11:45:44,0,9.5067,33.057
7/24/2016,12:00:44,0,9.5065,33.277
7/24/2016,12:15:44,0,9.5064,33.538
7/24/2016,12:30:44,0,9.5068,33.783
7/24/2016,12:45:44,0,9.5072,33.723
7/24/2016,13:00:44,0,9.507,34.04
7/24/2016,13:15:44,0,9.5063,34.27
7/24/2016,13:30:44,0,9.5069,35.213
7/24/2016,13:45:44,0,9.5063,34.894
7/24/2016,14:00:44,0,9.5067,35.727
7/24/2016,14:15:44,0,9.5057,35.551
7/24/2016,14:30:44,0,9.5056,34.662
7/24/2016,14:45:44,0,9.5043,34.165
7/24/2016,15:00:44,0,9.504,34.078
7/24/2016,15:15:44,0,9.5045,34.039
7/24/2016,15:30:44,0,9.505,33.758
7/24/2016,15:45:44,0,9.5054,33.517
7/24/2016,16:00:44,0,9.5049,33.016
7/24/2016,16:15:44,0,9.5049,32.44
7/24/2016,16:30:44,0,9.5046,31.879
7/24/2016,16:45:44,0,9.5048,31.447
7/24/2016,17:00:44,0,9.5045,30.846
7/24/2016,17:15:44,0,9.5049,30.315
7/24/2016,17:30:44,0,9.5056,29.937
7/24/2016,17:45:44,0,9.5072,29.502
7/24/2016,18:00:44,0,9.5088,29.096
7/24/2016,18:15:44,0,9.5099,28.651
7/24/2016,18:30:44,0,9.5111,28.218
7/24/2016,18:45:44,0,9.5127,27.672
7/24/2016,19:00:44,0,9.5136,26.969
7/24/2016,19:15:44,0,9.5148,26.252
7/24/2016,19:30:44,0,9.516,25.559
7/24/2016,19:45:44,0,9.5178,24.926
7/24/2016,20:00:44,0,9.5196,24.333
7/24/2016,20:15:44,0,9.522,23.87
7/24/2016,20:30:44,0,9.5233,23.457
7/24/2016,20:45:44,0,9.5245,23.008
7/24/2016,21:00:44,0,9.526,22.577
7/24/2016,21:15:44,0,9.5262,22.267
7/24/2016,21:30:44,0,9.5271,21.851
7/24/2016,21:45:44,0,9.5277,21.455
7/24/2016,22:00:44,0,9.529,21.082
7/24/2016,22:15:44,0,9.5291,20.734
7/24/2016,22:30:44,0,9.5295,20.412
7/24/2016,22:45:44,0,9.5299,20.177
7/24/2016,23:00:44,0,9.5313,19.818
7/24/2016,23:15:44,0,9.5323,19.452
7/24/2016,23:30:44,0,9.5328,19.072
7/24/2016,23:45:44,0,9.5332,18.795
7/25/2016,0:00:44,0,9.5342,18.619
7/25/2016,0:15:44,0,9.534,18.295
7/25/2016,0:30:44,0,9.5342,18.028
7/25/2016,0:45:44,0,9.5347,17.777
7/25/2016,1:00:44,0,9.5346,17.529
7/25/2016,1:15:44,0,9.5341,17.18
7/25/2016,1:30:44,0,9.5336,17.143
7/25/2016,1:45:44,0,9.5335,16.844
7/25/2016,2:00:44,0,9.5328,16.705
7/25/2016,2:15:44,0,9.5332,16.653
7/25/2016,2:30:44,0,9.5332,16.514
7/25/2016,2:45:44,0,9.5338,16.445
7/25/2016,3:00:44,0,9.5332,16.634
7/25/2016,3:15:44,0,9.5334,18.264
7/25/2016,3:30:44,0,9.5329,19.326
7/25/2016,3:45:44,0,9.5341,19.511
7/25/2016,4:00:44,0,9.5354,19.652
7/25/2016,4:15:44,0,9.5351,19.733
7/25/2016,4:30:44,0,9.537,19.686
7/25/2016,4:45:44,0,9.5384,19.563
7/25/2016,5:00:44,0,9.5393,19.571
7/25/2016,5:15:44,0,9.5402,19.546
7/25/2016,5:30:44,0,9.5412,19.283
7/25/2016,5:45:44,0,9.5429,19.141
7/25/2016,6:00:44,0,9.5431,19.265
7/25/2016,6:15:44,0,9.5439,19.283
7/25/2016,6:30:44,0,9.5442,19.872
7/25/2016,6:45:44,0,9.543,20.21
7/25/2016,7:00:44,0,9.5429,20.526
7/25/2016,7:15:44,0,9.5434,20.452
7/25/2016,7:30:44,0,9.5436,21.355
7/25/2016,7:45:44,0,9.5424,21.338
7/25/2016,8:00:44,0,9.5408,21.821
7/25/2016,8:15:44,0,9.5399,23.576
7/25/2016,8:30:44,0,9.5394,24.502
7/25/2016,8:45:44,0,9.5381,25.38
7/25/2016,9:00:44,0,9.537,26.895
7/25/2016,9:15:44,0,9.5372,27.93
7/25/2016,9:30:44,0,9.538,28.669
7/25/2016,9:45:44,0,9.5372,29.694
7/25/2016,10:00:44,0,9.5373,30.125
7/25/2016,10:15:44,0,9.5362,29.437
7/25/2016,10:30:44,0,9.5351,31.112
7/25/2016,10:45:44,0,9.5332,30.249
7/25/2016,11:00:44,0,9.5306,30.794
7/25/2016,11:15:44,0,9.5291,31.86
7/25/2016,11:30:44,0,9.5281,32.401
7/25/2016,11:45:44,0,9.5281,33.027
7/25/2016,12:00:44,0,9.5272,33.374
7/25/2016,12:15:44,0,9.5262,33.574
7/25/2016,12:30:44,0,9.5275,33.759
7/25/2016,12:45:44,0,9.5267,33.796
7/25/2016,13:00:44,0,9.5252,34.077
7/25/2016,13:15:44,0,9.5248,34.55
7/25/2016,13:30:44,0,9.5251,35.508
7/25/2016,13:45:44,0,9.5249,34.831
7/25/2016,14:00:44,0,9.525,35.99
7/25/2016,14:15:44,0,9.5246,35.794
7/25/2016,14:30:44,0,9.5237,34.693
7/25/2016,14:45:44,0,9.5221,34.521
7/25/2016,15:00:44,0,9.5222,34.214
7/25/2016,15:15:44,0,9.5216,34.195
7/25/2016,15:30:44,0,9.5214,33.94
7/25/2016,15:45:44,0,9.5205,33.648
7/25/2016,16:00:44,0,9.5203,33.209
7/25/2016,16:15:44,0,9.5203,32.653
7/25/2016,16:30:44,0,9.52,32.093
7/25/2016,16:45:44,0,9.5207,31.561
7/25/2016,17:00:44,0,9.5215,30.98
7/25/2016,17:15:44,0,9.5211,30.471
7/25/2016,17:30:44,0,9.5211,29.972
7/25/2016,17:45:44,0,9.5213,29.5
7/25/2016,18:00:44,0,9.5219,29.083
7/25/2016,18:15:44,0,9.5235,28.671
7/25/2016,18:30:44,0,9.5242,28.251
7/25/2016,18:45:44,0,9.5253,27.677
7/25/2016,19:00:44,0,9.5271,26.908
7/25/2016,19:15:44,0,9.529,26.159
7/25/2016,19:30:44,0,9.5305,25.564
7/25/2016,19:45:44,0,9.5325,24.965
7/25/2016,20:00:44,0,9.5346,24.318
7/25/2016,20:15:44,0,9.5361,23.813
7/25/2016,20:30:44,0,9.5373,23.258
7/25/2016,20:45:44,0,9.5386,22.711
7/25/2016,21:00:44,0,9.5398,22.372
7/25/2016,21:15:44,0,9.5407,21.938
7/25/2016,21:30:44,0,9.5407,21.553
7/25/2016,21:45:44,0,9.5401,21.09
7/25/2016,22:00:44,0,9.5404,20.717
7/25/2016,22:15:44,0,9.541,20.31
7/25/2016,22:30:44,0,9.5415,19.956
7/25/2016,22:45:44,0,9.5409,19.637
7/25/2016,23:00:44,0,9.541,19.159
7/25/2016,23:15:44,0,9.5405,18.815
7/25/2016,23:30:44,0,9.5405,18.416
7/25/2016,23:45:44,0,9.5407,18.326
7/26/2016,0:00:44,0,9.5411,18.129
7/26/2016,0:15:44,0,9.5414,17.822
7/26/2016,0:30:44,0,9.5407,17.525
7/26/2016,0:45:44,0,9.5406,17.39
7/26/2016,1:00:44,0,9.5404,17.088
7/26/2016,1:15:44,0,9.5406,17.012
7/26/2016,1:30:44,0,9.5393,16.83
7/26/2016,1:45:44,0,9.5398,16.725
7/26/2016,2:00:44,0,9.5391,16.65
7/26/2016,2:15:44,0,9.5389,16.861
7/26/2016,2:30:44,0,9.5393,16.737
7/26/2016,2:45:44,0,9.5396,16.664
7/26/2016,3:00:44,0,9.5395,16.464
7/26/2016,3:15:44,0,9.5368,17.573
7/26/2016,3:30:44,0,9.5373,19.494
7/26/2016,3:45:44,0,9.5374,19.966
7/26/2016,4:00:44,0,9.5377,19.761
7/26/2016,4:15:44,0,9.5372,19.368
7/26/2016,4:30:44,0,9.5388,18.484
7/26/2016,4:45:44,0,9.5406,17.285
7/26/2016,5:00:44,0,9.5414,16.729
7/26/2016,5:15:44,0,9.5418,16.118
7/26/2016,5:30:44,0,9.5425,16.028
7/26/2016,5:45:44,0,9.5436,15.774
7/26/2016,6:00:44,0,9.5437,15.608
7/26/2016,6:15:44,0,9.5441,15.592
7/26/2016,6:30:44,0,9.5438,15.765
7/26/2016,6:45:44,0,9.5433,16.172
7/26/2016,7:00:44,0,9.5435,16.596
7/26/2016,7:15:44,0,9.5424,17.572
7/26/2016,7:30:44,0,9.5421,18.026
7/26/2016,7:45:44,0,9.542,18.736
7/26/2016,8:00:44,0,9.5402,20.009
7/26/2016,8:15:44,0,9.539,23.204
7/26/2016,8:30:44,0,9.5382,24.267
7/26/2016,8:45:44,0,9.5365,25.729
7/26/2016,9:00:44,0,9.5371,26.996
7/26/2016,9:15:44,0,9.5361,28.616
7/26/2016,9:30:44,0,9.5374,28.508
7/26/2016,9:45:44,0,9.5385,28.991
7/26/2016,10:00:44,0,9.5367,29.062
7/26/2016,10:15:44,0,9.5341,29.507
7/26/2016,10:30:44,0,9.5329,31.233
7/26/2016,10:45:44,0,9.5306,31.26
7/26/2016,11:00:44,0,9.527,31.449
7/26/2016,11:15:44,0,9.525,32.38
7/26/2016,11:30:44,0,9.5239,33.184
7/26/2016,11:45:44,0,9.5227,33.822
7/26/2016,12:00:44,0,9.5222,34.251
7/26/2016,12:15:44,0,9.5214,34.394
7/26/2016,12:30:44,0,9.5204,34.763
7/26/2016,12:45:44,0,9.5194,34.852
7/26/2016,13:00:44,0,9.518,35.423
7/26/2016,13:15:44,0,9.5168,36.009
7/26/2016,13:30:44,0,9.5171,36.829
7/26/2016,13:45:44,0,9.5153,36.308
7/26/2016,14:00:44,0,9.5165,37.145
7/26/2016,14:15:44,0,9.5149,37.7
7/26/2016,14:30:44,0,9.5138,36.425
7/26/2016,14:45:44,0,9.5128,35.686
7/26/2016,15:00:44,0,9.5121,35.321
7/26/2016,15:15:44,0,9.5113,35.392
7/26/2016,15:30:44,0,9.5102,35.136
7/26/2016,15:45:44,0,9.5095,34.723
7/26/2016,16:00:44,0,9.5095,33.837
7/26/2016,16:15:44,0,9.5084,33.53
7/26/2016,16:30:44,0,9.509,32.984
7/26/2016,16:45:44,0,9.5089,32.422
7/26/2016,17:00:44,0,9.5097,31.761
7/26/2016,17:15:44,0,9.5095,31.238
7/26/2016,17:30:44,0,9.5089,30.712
7/26/2016,17:45:44,0,9.5098,30.278
7/26/2016,18:00:44,0,9.5108,29.867
7/26/2016,18:15:44,0,9.5112,29.452
7/26/2016,18:30:44,0,9.5127,28.95
7/26/2016,18:45:44,0,9.5132,28.279
7/26/2016,19:00:44,0,9.5149,27.503
7/26/2016,19:15:44,0,9.5164,26.79
7/26/2016,19:30:44,0,9.5187,26.072
7/26/2016,19:45:44,0,9.5203,25.376
7/26/2016,20:00:44,0,9.5218,24.96
7/26/2016,20:15:44,0,9.5241,24.362
7/26/2016,20:30:44,0,9.5255,23.967
7/26/2016,20:45:44,0,9.5271,23.507
7/26/2016,21:00:44,0,9.5288,23.056
7/26/2016,21:15:44,0,9.5306,22.721
7/26/2016,21:30:44,0,9.5303,22.319
7/26/2016,21:45:44,0,9.5297,21.908
7/26/2016,22:00:44,0,9.5285,21.654
7/26/2016,22:15:44,0,9.528,21.311
7/26/2016,22:30:44,0,9.5296,20.837
7/26/2016,22:45:44,0,9.5303,20.433
7/26/2016,23:00:44,0,9.5311,20.038
7/26/2016,23:15:44,0,9.532,19.99
7/26/2016,23:30:44,0,9.5321,19.687
7/26/2016,23:45:44,0,9.5323,19.39
7/27/2016,0:00:44,0,9.5325,19.147
7/27/2016,0:15:44,0,9.5328,18.765
7/27/2016,0:30:44,0,9.5331,18.479
7/27/2016,0:45:44,0,9.534,18.319
7/27/2016,1:00:44,0,9.5341,18.073
7/27/2016,1:15:44,0,9.5336,17.841
7/27/2016,1:30:44,0,9.5336,17.642
7/27/2016,1:45:44,0,9.533,17.463
7/27/2016,2:00:44,0,9.5339,17.3
7/27/2016,2:15:44,0,9.533,17.171
7/27/2016,2:30:44,0,9.5333,16.948
7/27/2016,2:45:44,0,9.534,16.823
7/27/2016,3:00:44,0,9.5346,16.971
7/27/2016,3:15:44,0,9.5331,17.421
7/27/2016,3:30:44,0,9.5342,17.744
7/27/2016,3:45:44,0,9.5341,18.095
7/27/2016,4:00:44,0,9.5343,18.504
7/27/2016,4:15:44,0,9.5358,18.335
7/27/2016,4:30:44,0,9.5349,19.914
7/27/2016,4:45:44,0,9.5354,19.583
7/27/2016,5:00:44,0,9.5361,20.084
7/27/2016,5:15:44,0,9.5387,19.138
7/27/2016,5:30:44,0,9.539,18.242
7/27/2016,5:45:44,0,9.5398,19.185
7/27/2016,6:00:44,0,9.5403,17.971
7/27/2016,6:15:44,0,9.5405,17.443
7/27/2016,6:30:44,0,9.541,17.199
7/27/2016,6:45:44,0,9.5405,17.153
7/27/2016,7:00:44,0,9.5408,17.302
7/27/2016,7:15:44,0,9.5399,17.669
7/27/2016,7:30:44,0,9.5394,18.335
7/27/2016,7:45:44,0,9.5396,19.299
7/27/2016,8:00:44,0,9.5356,20.499
7/27/2016,8:15:44,0,9.5329,24.338
7/27/2016,8:30:44,0,9.5346,26.016
7/27/2016,8:45:44,0,9.5337,27.031
7/27/2016,9:00:44,0,9.5337,27.761
7/27/2016,9:15:44,0,9.5357,27.152
7/27/2016,9:30:44,0,9.536,27.91
7/27/2016,9:45:44,0,9.5342,28.89
7/27/2016,10:00:44,0,9.5336,29.331
7/27/2016,10:15:44,0,9.5315,29.688
7/27/2016,10:30:44,0,9.5308,31.05
7/27/2016,10:45:44,0,9.5291,31.243
7/27/2016,11:00:44,0,9.5265,31.433
7/27/2016,11:15:44,0,9.5243,31.8
7/27/2016,11:30:44,0,9.5238,32.486
7/27/2016,11:45:44,0,9.5223,33.782
7/27/2016,12:00:44,0,9.5228,34.737
7/27/2016,12:15:44,0,9.5223,35.334
7/27/2016,12:30:44,0,9.5218,35.885
7/27/2016,12:45:44,0,9.5207,36.25
7/27/2016,13:00:44,0,9.5197,36.698
7/27/2016,13:15:44,0,9.5175,37.189
7/27/2016,13:30:44,0,9.5193,39.186
7/27/2016,13:45:44,0,9.5183,37.806
7/27/2016,14:00:44,0,9.5189,38.751
7/27/2016,14:15:44,0,9.5178,38.665
7/27/2016,14:30:44,0,9.5146,37.767
7/27/2016,14:45:44,0,9.5139,36.972
7/27/2016,15:00:44,0,9.5132,36.832
7/27/2016,15:15:44,0,9.5128,36.506
7/27/2016,15:30:44,0,9.5129,36.438
7/27/2016,15:45:44,0,9.5125,35.647
7/27/2016,16:00:44,0,9.5129,35.113
7/27/2016,16:15:44,0,9.5117,34.634
7/27/2016,16:30:44,0,9.5123,33.683
7/27/2016,16:45:44,0,9.5118,33.025
7/27/2016,17:00:44,0,9.511,32.555
7/27/2016,17:15:44,0,9.5108,32.038
7/27/2016,17:30:44,0,9.5113,31.566
7/27/2016,17:45:44,0,9.5112,31.107
7/27/2016,18:00:44,0,9.5123,30.691
7/27/2016,18:15:44,0,9.5139,30.224
7/27/2016,18:30:44,0,9.5147,29.635
7/27/2016,18:45:44,0,9.5165,28.976
7/27/2016,19:00:44,0,9.5186,28.312
7/27/2016,19:15:44,0,9.5197,27.707
7/27/2016,19:30:44,0,9.5213,26.894
7/27/2016,19:45:44,0,9.523,26.418
7/27/2016,20:00:44,0,9.5254,25.979
7/27/2016,20:15:44,0,9.5276,25.432
7/27/2016,20:30:44,0,9.5296,25.061
7/27/2016,20:45:44,0,9.5314,24.588
7/27/2016,21:00:44,0,9.5323,24.199
7/27/2016,21:15:44,0,9.533,23.936
7/27/2016,21:30:44,0,9.5345,23.434
7/27/2016,21:45:44,0,9.5355,23.193
7/27/2016,22:00:44,0,9.5356,22.699
7/27/2016,22:15:44,0,9.5362,22.44
7/27/2016,22:30:44,0,9.5365,22.142
7/27/2016,22:45:44,0,9.5359,21.852
7/27/2016,23:00:44,0,9.536,21.535
7/27/2016,23:15:44,0,9.535,21.227
7/27/2016,23:30:44,0,9.5349,20.945
7/27/2016,23:45:44,0,9.5335,20.877
7/28/2016,0:00:44,0,9.5332,20.496
7/28/2016,0:15:44,0,9.5324,20.316
7/28/2016,0:30:44,0,9.5315,20.009
7/28/2016,0:45:44,0,9.5315,19.884
7/28/2016,1:00:44,0,9.5317,19.683
7/28/2016,1:15:44,0,9.5317,19.378
7/28/2016,1:30:44,0,9.5327,19.198
7/28/2016,1:45:44,0,9.5323,18.965
7/28/2016,2:00:44,0,9.5325,18.854
7/28/2016,2:15:44,0,9.5327,18.636
7/28/2016,2:30:44,0,9.532,18.495
7/28/2016,2:45:44,0,9.5318,18.211
7/28/2016,3:00:44,0,9.532,18.097
7/28/2016,3:15:44,0,9.5322,18.128
7/28/2016,3:30:44,0,9.5321,17.944
7/28/2016,3:45:44,0,9.5314,17.773
7/28/2016,4:00:44,0,9.5327,17.632
7/28/2016,4:15:44,0,9.5326,17.488
7/28/2016,4:30:44,0,9.5328,17.387
7/28/2016,4:45:44,0,9.5336,17.209
7/28/2016,5:00:44,0,9.5343,17.09
7/28/2016,5:15:44,0,9.5345,16.888
7/28/2016,5:30:44,0,9.5339,16.827
7/28/2016,5:45:44,0,9.5347,16.878
7/28/2016,6:00:44,0,9.5345,16.74
7/28/2016,6:15:44,0,9.5357,16.887
7/28/2016,6:30:44,0,9.5357,17.057
7/28/2016,6:45:44,0,9.5353,17.382
7/28/2016,7:00:44,0,9.5348,17.724
7/28/2016,7:15:44,0,9.535,18.153
7/28/2016,7:30:44,0,9.5338,18.989
7/28/2016,7:45:44,0,9.5332,20.073
7/28/2016,8:00:44,0,9.5305,21.888
7/28/2016,8:15:44,0,9.5287,25.244
7/28/2016,8:30:44,0,9.5277,26.95
7/28/2016,8:45:44,0,9.5269,27.499
7/28/2016,9:00:44,0,9.5263,28.395
7/28/2016,9:15:44,0,9.527,29.069
7/28/2016,9:30:44,0,9.5276,29.332
7/28/2016,9:45:44,0,9.527,30.341
7/28/2016,10:00:44,0,9.5262,30.982
7/28/2016,10:15:44,0,9.5238,31.586
7/28/2016,10:30:44,0,9.5238,32.951
7/28/2016,10:45:44,0,9.5214,32.58
7/28/2016,11:00:44,0,9.5187,32.546
7/28/2016,11:15:44,0,9.5162,33.005
7/28/2016,11:30:44,0,9.5144,33.91
7/28/2016,11:45:44,0,9.5133,34.833
7/28/2016,12:00:44,0,9.5122,35.486
7/28/2016,12:15:44,0,9.5115,36.243
7/28/2016,12:30:44,0,9.5101,36.713
7/28/2016,12:45:44,0,9.5094,36.947
7/28/2016,13:00:44,0,9.5078,37.471
7/28/2016,13:15:44,0,9.5072,38.142
7/28/2016,13:30:44,0,9.5095,40.233
7/28/2016,13:45:44,0,9.5064,38.695
7/28/2016,14:00:44,0,9.5054,39.325
7/28/2016,14:15:44,0,9.5051,40.051
7/28/2016,14:30:44,0,9.5037,38.503
7/28/2016,14:45:44,0,9.5026,37.63
7/28/2016,15:00:44,0,9.5018,37.117
7/28/2016,15:15:44,0,9.5015,37.269
7/28/2016,15:30:44,0,9.5011,36.786
7/28/2016,15:45:44,0,9.5006,36.303
7/28/2016,16:00:44,0,9.5006,35.736
7/28/2016,16:15:44,0,9.5009,35.051
7/28/2016,16:30:44,0,9.5008,34.656
7/28/2016,16:45:44,0,9.5008,33.95
7/28/2016,17:00:44,0,9.4999,33.229
7/28/2016,17:15:44,0,9.4997,32.692
7/28/2016,17:30:44,0,9.5003,32.159
7/28/2016,17:45:44,0,9.5012,31.754
7/28/2016,18:00:44,0,9.503,31.316
7/28/2016,18:15:44,0,9.5038,30.951
7/28/2016,18:30:44,0,9.5046,30.59
7/28/2016,18:45:44,0,9.5058,30.114
7/28/2016,19:00:44,0,9.5066,29.588
7/28/2016,19:15:44,0,9.5073,28.993
7/28/2016,19:30:44,0,9.5087,28.413
7/28/2016,19:45:44,0,9.5112,27.879
7/28/2016,20:00:44,0,9.5132,27.333
7/28/2016,20:15:44,0,9.5158,26.856
7/28/2016,20:30:44,0,9.5173,26.423
7/28/2016,20:45:44,0,9.5197,25.971
7/28/2016,21:00:44,0,9.5214,25.549
7/28/2016,21:15:44,0,9.5221,25.238
7/28/2016,21:30:44,0,9.5217,24.834
7/28/2016,21:45:44,0,9.5229,24.505
7/28/2016,22:00:44,0,9.5217,24.205
7/28/2016,22:15:44,0,9.5214,23.845
7/28/2016,22:30:44,0,9.5213,23.603
7/28/2016,22:45:44,0,9.5216,23.316
7/28/2016,23:00:44,0,9.5213,22.954
7/28/2016,23:15:44,0,9.5209,22.791
7/28/2016,23:30:44,0,9.5199,22.424
7/28/2016,23:45:44,0,9.5185,22.174
7/29/2016,0:00:44,0,9.5175,22.002
7/29/2016,0:15:44,0,9.5162,21.851
7/29/2016,0:30:44,0,9.5155,21.579
7/29/2016,0:45:44,0,9.5142,21.373
7/29/2016,1:00:44,0,9.5142,21.142
7/29/2016,1:15:44,0,9.5144,20.986
7/29/2016,1:30:44,0,9.5146,20.833
7/29/2016,1:45:44,0,9.5142,20.575
7/29/2016,2:00:44,0,9.5135,20.419
7/29/2016,2:15:44,0,9.5145,20.187
7/29/2016,2:30:44,0,9.5145,19.93
7/29/2016,2:45:44,0,9.5143,19.857
7/29/2016,3:00:44,0,9.514,19.715
7/29/2016,3:15:44,0,9.5138,19.538
7/29/2016,3:30:44,0,9.5132,19.534
7/29/2016,3:45:44,0,9.5127,19.35
7/29/2016,4:00:44,0,9.5139,19.269
7/29/2016,4:15:44,0,9.5143,19.137
7/29/2016,4:30:44,0,9.515,19.012
7/29/2016,4:45:44,0,9.5154,18.826
7/29/2016,5:00:44,0,9.5162,18.726
7/29/2016,5:15:44,0,9.5158,18.712
7/29/2016,5:30:44,0,9.5161,18.582
7/29/2016,5:45:44,0,9.5163,18.557
7/29/2016,6:00:44,0,9.5173,18.458
7/29/2016,6:15:44,0,9.5171,18.205
7/29/2016,6:30:44,0,9.5176,18.554
7/29/2016,6:45:44,0,9.5175,19.007
7/29/2016,7:00:44,0,9.517,19.347
7/29/2016,7:15:44,0,9.517,19.759
7/29/2016,7:30:44,0,9.5164,20.427
7/29/2016,7:45:44,0,9.5166,21.315
7/29/2016,8:00:44,0,9.5143,23.421
7/29/2016,8:15:44,0,9.5145,26.097
7/29/2016,8:30:44,0,9.5137,27.519
7/29/2016,8:45:44,0,9.5122,28.786
7/29/2016,9:00:44,0,9.5134,28.739
7/29/2016,9:15:44,0,9.5127,28.793
7/29/2016,9:30:44,0,9.5127,29.671
7/29/2016,9:45:44,0,9.5124,31.148
7/29/2016,10:00:44,0,9.5131,31.701
7/29/2016,10:15:44,0,9.5095,33.486
7/29/2016,10:30:44,0,9.5103,34.598
7/29/2016,10:45:44,0,9.5079,33.785
7/29/2016,11:00:44,0,9.5046,33.944
7/29/2016,11:15:44,0,9.5032,34.45
7/29/2016,11:30:44,0,9.5018,35.03
7/29/2016,11:45:44,0,9.5007,35.099
7/29/2016,12:00:44,0,9.4992,35.593
7/29/2016,12:15:44,0,9.4986,36.047
7/29/2016,12:30:44,0,9.4985,36.265
7/29/2016,12:45:44,0,9.4973,36.473
7/29/2016,13:00:44,0,9.4963,36.739
7/29/2016,13:15:44,0,9.495,37.637
7/29/2016,13:30:44,0,9.4974,40.127
7/29/2016,13:45:44,0,9.4939,37.957
7/29/2016,14:00:44,0,9.4929,38.375
7/29/2016,14:15:44,0,9.4923,38.342
7/29/2016,14:30:44,0,9.4885,37.951
7/29/2016,14:45:44,0,9.4883,37.173
7/29/2016,15:00:44,0,9.487,36.695
7/29/2016,15:15:44,0,9.4862,36.748
7/29/2016,15:30:44,0,9.4854,36.413
7/29/2016,15:45:44,0,9.486,36.076
7/29/2016,16:00:44,0,9.4857,35.72
7/29/2016,16:15:44,0,9.4854,35.118
7/29/2016,16:30:44,0,9.4849,34.469
7/29/2016,16:45:44,0,9.4848,33.701
7/29/2016,17:00:44,0,9.484,33.031
7/29/2016,17:15:44,0,9.4835,32.456
7/29/2016,17:30:44,0,9.4829,32.009
7/29/2016,17:45:44,0,9.4834,31.537
7/29/2016,18:00:44,0,9.484,31.061
7/29/2016,18:15:44,0,9.485,30.58
7/29/2016,18:30:44,0,9.4866,30.085
7/29/2016,18:45:44,0,9.488,29.459
7/29/2016,19:00:44,0,9.4894,28.744
7/29/2016,19:15:44,0,9.4904,28.109
7/29/2016,19:30:44,0,9.4922,27.595
7/29/2016,19:45:44,0,9.4932,26.975
7/29/2016,20:00:44,0,9.4949,26.409
7/29/2016,20:15:44,0,9.4962,25.979
7/29/2016,20:30:44,0,9.4982,25.559
7/29/2016,20:45:44,0,9.4995,25.051
7/29/2016,21:00:44,0,9.5001,24.677
7/29/2016,21:15:44,0,9.5009,24.311
7/29/2016,21:30:44,0,9.501,23.952
7/29/2016,21:45:44,0,9.5012,23.616
7/29/2016,22:00:44,0,9.5014,23.29
7/29/2016,22:15:44,0,9.5004,23.087
7/29/2016,22:30:44,0,9.5005,22.68
7/29/2016,22:45:44,0,9.5012,22.455
7/29/2016,23:00:44,0,9.5012,22.249
7/29/2016,23:15:44,0,9.501,21.864
7/29/2016,23:30:44,0,9.5012,21.696
7/29/2016,23:45:44,0,9.5008,21.55
7/30/2016,0:00:44,0,9.4999,21.214
7/30/2016,0:15:44,0,9.4999,20.97
7/30/2016,0:30:44,0,9.4999,20.732
7/30/2016,0:45:44,0,9.4997,20.567
7/30/2016,1:00:44,0,9.4988,20.343
7/30/2016,1:15:44,0,9.4985,20.201
7/30/2016,1:30:44,0,9.4974,20.011
7/30/2016,1:45:44,0,9.4976,19.825
7/30/2016,2:00:44,0,9.4967,19.7
7/30/2016,2:15:44,0,9.4957,19.532
7/30/2016,2:30:44,0,9.4952,19.235
7/30/2016,2:45:44,0,9.4949,19.106
7/30/2016,3:00:44,0,9.4939,18.929
7/30/2016,3:15:44,0,9.4932,18.752
7/30/2016,3:30:44,0,9.4934,18.617
7/30/2016,3:45:44,0,9.4937,18.332
7/30/2016,4:00:44,0,9.4937,18.2
7/30/2016,4:15:44,0,9.4943,18.062
7/30/2016,4:30:44,0,9.4944,17.895
7/30/2016,4:45:44,0,9.496,17.842
7/30/2016,5:00:44,0,9.4967,17.671
7/30/2016,5:15:44,0,9.4975,17.59
7/30/2016,5:30:44,0,9.4991,17.56
7/30/2016,5:45:44,0,9.4998,17.35
7/30/2016,6:00:44,0,9.5001,17.437
7/30/2016,6:15:44,0,9.5005,17.615
7/30/2016,6:30:44,0,9.5014,17.749
7/30/2016,6:45:44,0,9.5023,18.224
7/30/2016,7:00:44,0,9.5031,18.711
7/30/2016,7:15:44,0,9.5032,19.062
7/30/2016,7:30:44,0,9.5031,19.507
7/30/2016,7:45:44,0,9.503,20.263
7/30/2016,8:00:44,0,9.5021,21.759
7/30/2016,8:15:44,0,9.5005,24.973
7/30/2016,8:30:44,0,9.5002,26.132
7/30/2016,8:45:44,0,9.4988,27.186
7/30/2016,9:00:44,0,9.4991,27.869
7/30/2016,9:15:44,0,9.5009,28.115
7/30/2016,9:30:44,0,9.5002,29.442
7/30/2016,9:45:44,0,9.5006,30.527
7/30/2016,10:00:44,0,9.5,31.065
7/30/2016,10:15:44,0,9.4983,32.161
7/30/2016,10:30:44,0,9.4995,34.326
7/30/2016,10:45:44,0,9.4967,32.951
7/30/2016,11:00:44,0,9.4942,32.914
7/30/2016,11:15:44,0,9.4913,33.362
7/30/2016,11:30:44,0,9.4904,34.358
7/30/2016,11:45:44,0,9.4897,35.209
7/30/2016,12:00:44,0,9.4898,35.523
7/30/2016,12:15:44,0,9.4895,35.656
7/30/2016,12:30:44,0,9.489,35.803
7/30/2016,12:45:44,0,9.4891,36.222
7/30/2016,13:00:44,0,9.4873,36.41
7/30/2016,13:15:44,0,9.4875,37.381
7/30/2016,13:30:44,0,9.4918,38.652
7/30/2016,13:45:44,0,9.4881,37.538
7/30/2016,14:00:44,0,9.4874,37.965
7/30/2016,14:15:44,0,9.4877,38.626
7/30/2016,14:30:44,0,9.4869,37.108
7/30/2016,14:45:44,0,9.4855,36.274
7/30/2016,15:00:44,0,9.4849,35.852
7/30/2016,15:15:44,0,9.4838,35.723
7/30/2016,15:30:44,0,9.4831,35.5
7/30/2016,15:45:44,0,9.4822,34.913
7/30/2016,16:00:44,0,9.4832,34.307
7/30/2016,16:15:44,0,9.4831,33.785
7/30/2016,16:30:44,0,9.4828,33.119
7/30/2016,16:45:44,0,9.4824,32.894
7/30/2016,17:00:44,0,9.4823,32.286
7/30/2016,17:15:44,0,9.4827,31.731
7/30/2016,17:30:44,0,9.4827,31.287
7/30/2016,17:45:44,0,9.4829,30.839
7/30/2016,18:00:44,0,9.4824,30.451
7/30/2016,18:15:44,0,9.4831,30.007
7/30/2016,18:30:44,0,9.4842,29.513
7/30/2016,18:45:44,0,9.4854,28.836
7/30/2016,19:00:44,0,9.4866,28.051
7/30/2016,19:15:44,0,9.4885,27.373
7/30/2016,19:30:44,0,9.4895,26.669
7/30/2016,19:45:44,0,9.4915,26.146
7/30/2016,20:00:44,0,9.4938,25.576
7/30/2016,20:15:44,0,9.4969,24.921
7/30/2016,20:30:44,0,9.4987,24.497
7/30/2016,20:45:44,0,9.501,24.088
7/30/2016,21:00:44,0,9.5024,23.706
7/30/2016,21:15:44,0,9.5031,23.309
7/30/2016,21:30:44,0,9.5029,23.012
7/30/2016,21:45:44,0,9.5029,22.624
7/30/2016,22:00:44,0,9.5025,22.153
7/30/2016,22:15:44,0,9.5015,21.943
7/30/2016,22:30:44,0,9.5021,21.656
7/30/2016,22:45:44,0,9.502,21.289
7/30/2016,23:00:44,0,9.5014,20.985
7/30/2016,23:15:44,0,9.5011,20.675
7/30/2016,23:30:44,0,9.501,20.477
7/30/2016,23:45:44,0,9.5006,20.175
7/31/2016,0:00:44,0,9.5009,19.936
7/31/2016,0:15:44,0,9.5011,19.697
7/31/2016,0:30:44,0,9.4997,19.498
7/31/2016,0:45:44,0,9.5002,19.278
7/31/2016,1:00:44,0,9.4999,18.961
7/31/2016,1:15:44,0,9.5002,18.807
7/31/2016,1:30:44,0,9.5007,18.626
7/31/2016,1:45:44,0,9.5007,18.317
7/31/2016,2:00:44,0,9.5013,18.105
7/31/2016,2:15:44,0,9.5009,17.965
7/31/2016,2:30:44,0,9.5012,17.723
7/31/2016,2:45:44,0,9.5002,17.645
7/31/2016,3:00:44,0,9.5006,17.494
7/31/2016,3:15:44,0,9.5015,17.224
7/31/2016,3:30:44,0,9.5024,17.147
7/31/2016,3:45:44,0,9.5028,17.038
7/31/2016,4:00:44,0,9.5039,16.935
7/31/2016,4:15:44,0,9.5046,16.71
7/31/2016,4:30:44,0,9.5064,16.667
7/31/2016,4:45:44,0,9.5083,16.542
7/31/2016,5:00:44,0,9.5087,16.468
7/31/2016,5:15:44,0,9.5102,16.401
7/31/2016,5:30:44,0,9.511,16.239
7/31/2016,5:45:44,0,9.512,16.175
7/31/2016,6:00:44,0,9.5113,16.055
7/31/2016,6:15:44,0,9.5124,16.12
7/31/2016,6:30:44,0,9.513,16.346
7/31/2016,6:45:44,0,9.5134,16.665
7/31/2016,7:00:44,0,9.5139,17.092
7/31/2016,7:15:44,0,9.514,17.498
7/31/2016,7:30:44,0,9.5144,18.233
7/31/2016,7:45:44,0,9.5144,19.473
7/31/2016,8:00:44,0,9.5123,21.161
7/31/2016,8:15:44,0,9.514,23.863
7/31/2016,8:30:44,0,9.513,25.705
7/31/2016,8:45:44,0,9.5142,26.509
7/31/2016,9:00:44,0,9.5149,26.294
7/31/2016,9:15:44,0,9.5148,26.592
7/31/2016,9:30:44,0,9.516,28.56
7/31/2016,9:45:44,0,9.5147,29.682
7/31/2016,10:00:44,0,9.5151,30.659
7/31/2016,10:15:44,0,9.5124,32.344
7/31/2016,10:30:44,0,9.5141,33.941
7/31/2016,10:45:44,0,9.5124,33.689
7/31/2016,11:00:44,0,9.5115,32.523
7/31/2016,11:15:44,0,9.511,32.438
7/31/2016,11:30:44,0,9.5104,32.492
7/31/2016,11:45:44,0,9.5093,32.334
7/31/2016,12:00:44,0,9.5087,32.527
7/31/2016,12:15:44,0,9.5078,32.644
7/31/2016,12:30:44,0,9.5076,32.771
7/31/2016,12:45:44,0,9.5072,32.872
7/31/2016,13:00:44,0,9.5065,33.533
7/31/2016,13:15:44,0,9.5064,34.474
7/31/2016,13:30:44,0,9.5089,35.057
7/31/2016,13:45:44,0,9.5066,34.676
7/31/2016,14:00:44,0,9.5065,35.3
7/31/2016,14:15:44,0,9.5069,35.762
7/31/2016,14:30:44,0,9.5053,34.54
7/31/2016,14:45:44,0,9.5043,34
7/31/2016,15:00:44,0,9.504,33.622
7/31/2016,15:15:44,0,9.5032,33.502
7/31/2016,15:30:44,0,9.5029,33.31
7/31/2016,15:45:44,0,9.5023,32.778
7/31/2016,16:00:44,0,9.5021,32.409
7/31/2016,16:15:44,0,9.5026,31.876
7/31/2016,16:30:44,0,9.5028,31.128
7/31/2016,16:45:44,0,9.5019,30.548
7/31/2016,17:00:44,0,9.5017,30.042
7/31/2016,17:15:44,0,9.501,29.46
7/31/2016,17:30:44,0,9.501,29.183
7/31/2016,17:45:44,0,9.502,28.813
7/31/2016,18:00:44,0,9.5021,28.413
7/31/2016,18:15:44,0,9.5025,28.005
7/31/2016,18:30:44,0,9.5029,27.484
7/31/2016,18:45:44,0,9.5048,26.875
7/31/2016,19:00:44,0,9.5069,26.09
7/31/2016,19:15:44,0,9.5085,25.263
7/31/2016,19:30:44,0,9.5107,24.578
7/31/2016,19:45:44,0,9.513,24.026
7/31/2016,20:00:44,0,9.5145,23.508
7/31/2016,20:15:44,0,9.5169,22.98
7/31/2016,20:30:44,0,9.5193,22.339
7/31/2016,20:45:44,0,9.5205,21.929
7/31/2016,21:00:44,0,9.5222,21.59
7/31/2016,21:15:44,0,9.5228,21.151
7/31/2016,21:30:44,0,9.523,20.922
7/31/2016,21:45:44,0,9.5241,20.549
7/31/2016,22:00:44,0,9.5236,20.173
7/31/2016,22:15:44,0,9.5236,19.968
7/31/2016,22:30:44,0,9.5244,19.679
7/31/2016,22:45:44,0,9.5259,19.347
7/31/2016,23:00:44,0,9.5262,19.08
7/31/2016,23:15:44,0,9.5266,18.883
7/31/2016,23:30:44,0,9.5266,18.483
7/31/2016,23:45:44,0,9.5269,18.316
8/1/2016,0:00:44,0,9.5266,17.995
8/1/2016,0:15:44,0,9.5265,17.643
8/1/2016,0:30:44,0,9.5272,17.543
8/1/2016,0:45:44,0,9.5267,17.346
8/1/2016,1:00:44,0,9.5259,17.085
8/1/2016,1:15:44,0,9.525,16.994
8/1/2016,1:30:44,0,9.5248,16.585
8/1/2016,1:45:44,0,9.5245,16.374
8/1/2016,2:00:44,0,9.5248,16.206
8/1/2016,2:15:44,0,9.5237,16.12
8/1/2016,2:30:44,0,9.5247,16.033
8/1/2016,2:45:44,0,9.5249,15.738
8/1/2016,3:00:44,0,9.5249,15.542
8/1/2016,3:15:44,0,9.5249,15.528
8/1/2016,3:30:44,0,9.5249,15.291
8/1/2016,3:45:44,0,9.5254,15.202
8/1/2016,4:00:44,0,9.5259,15.047
8/1/2016,4:15:44,0,9.5257,14.959
8/1/2016,4:30:44,0,9.5254,14.721
8/1/2016,4:45:44,0,9.5261,14.552
8/1/2016,5:00:44,0,9.5273,14.491
8/1/2016,5:15:44,0,9.5287,14.476
8/1/2016,5:30:44,0,9.5302,14.355
8/1/2016,5:45:44,0,9.5313,14.272
8/1/2016,6:00:44,0,9.5318,14.362
8/1/2016,6:15:44,0,9.533,14.455
8/1/2016,6:30:44,0,9.5329,14.762
8/1/2016,6:45:44,0,9.5327,15.071
8/1/2016,7:00:44,0,9.533,15.368
8/1/2016,7:15:44,0,9.5323,15.793
8/1/2016,7:30:44,0,9.5322,16.583
8/1/2016,7:45:44,0,9.5313,18.067
8/1/2016,8:00:44,0,9.5306,19.757
8/1/2016,8:15:44,0,9.5315,22.69
8/1/2016,8:30:44,0,9.532,24.218
8/1/2016,8:45:44,0,9.5332,24.867
8/1/2016,9:00:44,0,9.533,24.59
8/1/2016,9:15:44,0,9.5341,25.058
8/1/2016,9:30:44,0,9.5343,26.778
8/1/2016,9:45:44,0,9.5343,27.783
8/1/2016,10:00:44,0,9.5339,29.154
8/1/2016,10:15:44,0,9.5306,31.283
8/1/2016,10:30:44,0,9.5338,32.882
8/1/2016,10:45:44,0,9.5303,31.069
8/1/2016,11:00:44,0,9.5272,31.44
8/1/2016,11:15:44,0,9.5258,31.782
8/1/2016,11:30:44,0,9.525,31.955
8/1/2016,11:45:44,0,9.5249,32.288
8/1/2016,12:00:44,0,9.5256,32.27
8/1/2016,12:15:44,0,9.5262,32.425
8/1/2016,12:30:44,0,9.5267,32.851
8/1/2016,12:45:44,0,9.5261,32.762
8/1/2016,13:00:44,0,9.5257,33.155
8/1/2016,13:15:44,0,9.525,34.269
8/1/2016,13:30:44,0,9.5254,34.623
8/1/2016,13:45:44,0,9.5241,34.245
8/1/2016,14:00:44,0,9.5241,34.532
8/1/2016,14:15:44,0,9.5236,35.703
8/1/2016,14:30:44,0,9.523,34.457
8/1/2016,14:45:44,0,9.5214,33.821
8/1/2016,15:00:44,0,9.5218,33.607
8/1/2016,15:15:44,0,9.5203,33.417
8/1/2016,15:30:44,0,9.5203,33.007
8/1/2016,15:45:44,0,9.5202,32.688
8/1/2016,16:00:44,0,9.5205,32.278
8/1/2016,16:15:44,0,9.5202,31.755
8/1/2016,16:30:44,0,9.5204,31.355
8/1/2016,16:45:44,0,9.5207,30.917
8/1/2016,17:00:44,0,9.5208,30.389
8/1/2016,17:15:44,0,9.5214,29.914
8/1/2016,17:30:44,0,9.5219,29.27
8/1/2016,17:45:44,0,9.5228,28.887
8/1/2016,18:00:44,0,9.5235,28.491
8/1/2016,18:15:44,0,9.5245,28.059
8/1/2016,18:30:44,0,9.526,27.492
8/1/2016,18:45:44,0,9.5275,26.908
8/1/2016,19:00:44,0,9.5283,26.166
8/1/2016,19:15:44,0,9.5293,25.452
8/1/2016,19:30:44,0,9.5309,24.779
8/1/2016,19:45:44,0,9.5322,24.167
8/1/2016,20:00:44,0,9.533,23.595
8/1/2016,20:15:44,0,9.5351,23.087
8/1/2016,20:30:44,0,9.537,22.519
8/1/2016,20:45:44,0,9.5387,22.14
8/1/2016,21:00:44,0,9.541,21.693
8/1/2016,21:15:44,0,9.5415,21.448
8/1/2016,21:30:44,0,9.5427,20.959
8/1/2016,21:45:44,0,9.5435,20.734
8/1/2016,22:00:44,0,9.5446,20.234
8/1/2016,22:15:44,0,9.5452,19.901
8/1/2016,22:30:44,0,9.5452,19.694
8/1/2016,22:45:44,0,9.546,19.441
8/1/2016,23:00:44,0,9.5473,19.23
8/1/2016,23:15:44,0,9.548,18.896
8/1/2016,23:30:44,0,9.5473,18.602
8/1/2016,23:45:44,0,9.5474,18.281
8/2/2016,0:00:44,0,9.5468,18.078
8/2/2016,0:15:44,0,9.5457,17.867
8/2/2016,0:30:44,0,9.5462,17.576
8/2/2016,0:45:44,0,9.5465,17.241
8/2/2016,1:00:44,0,9.5462,17.133
8/2/2016,1:15:44,0,9.5461,16.96
8/2/2016,1:30:44,0,9.5466,16.651
8/2/2016,1:45:44,0,9.5464,16.491
8/2/2016,2:00:44,0,9.5465,16.28
8/2/2016,2:15:44,0,9.5471,16.082
8/2/2016,2:30:44,0,9.5474,15.736
8/2/2016,2:45:44,0,9.5466,15.5
8/2/2016,3:00:44,0,9.547,15.431
8/2/2016,3:15:44,0,9.5465,15.281
8/2/2016,3:30:44,0,9.5459,15.137
8/2/2016,3:45:44,0,9.5466,14.832
8/2/2016,4:00:44,0,9.5463,14.801
8/2/2016,4:15:44,0,9.5477,14.605
8/2/2016,4:30:44,0,9.5478,14.52
8/2/2016,4:45:44,0,9.5483,14.364
8/2/2016,5:00:44,0,9.5494,14.19
8/2/2016,5:15:44,0,9.5516,14.17
8/2/2016,5:30:44,0,9.5526,13.884
8/2/2016,5:45:44,0,9.554,13.92
8/2/2016,6:00:44,0,9.555,13.933
8/2/2016,6:15:44,0,9.5553,13.838
8/2/2016,6:30:44,0,9.5569,14.126
8/2/2016,6:45:44,0,9.5571,14.411
8/2/2016,7:00:44,0,9.557,14.883
8/2/2016,7:15:44,0,9.5582,15.237
8/2/2016,7:30:44,0,9.5581,15.726
8/2/2016,7:45:44,0,9.5561,17.34
8/2/2016,8:00:44,0,9.5536,19.478
8/2/2016,8:15:44,0,9.5547,22.39
8/2/2016,8:30:44,0,9.5548,23.623
8/2/2016,8:45:44,0,9.5548,24.139
8/2/2016,9:00:44,0,9.5543,23.96
8/2/2016,9:15:44,0,9.5533,24.434
8/2/2016,9:30:44,0,9.5533,26.599
8/2/2016,9:45:44,0,9.5532,27.402
8/2/2016,10:00:44,0,9.5529,30.129
8/2/2016,10:15:44,0,9.5482,32.553
8/2/2016,10:30:44,0,9.5539,33.882
8/2/2016,10:45:44,0,9.5494,31.479
8/2/2016,11:00:44,0,9.546,31.139
8/2/2016,11:15:44,0,9.545,31.536
8/2/2016,11:30:44,0,9.5423,32.093
8/2/2016,11:45:44,0,9.542,32.101
8/2/2016,12:00:44,0,9.5408,32.416
8/2/2016,12:15:44,0,9.5385,32.874
8/2/2016,12:30:44,0,9.5387,33.007
8/2/2016,12:45:44,0,9.5384,33.051
8/2/2016,13:00:44,0,9.5367,33.38
8/2/2016,13:15:44,0,9.5342,34.598
8/2/2016,13:30:44,0,9.5346,35.517
8/2/2016,13:45:44,0,9.5331,34.587
8/2/2016,14:00:44,0,9.5314,35.174
8/2/2016,14:15:44,0,9.5322,36.148
8/2/2016,14:30:44,0,9.5303,34.927
8/2/2016,14:45:44,0,9.5291,34.22
8/2/2016,15:00:44,0,9.5278,34.173
8/2/2016,15:15:44,0,9.5275,33.865
8/2/2016,15:30:44,0,9.5284,33.667
8/2/2016,15:45:44,0,9.5282,33.288
8/2/2016,16:00:44,0,9.5282,32.838
8/2/2016,16:15:44,0,9.5284,32.346
8/2/2016,16:30:44,0,9.528,31.672
8/2/2016,16:45:44,0,9.5283,31.183
8/2/2016,17:00:44,0,9.5279,30.642
8/2/2016,17:15:44,0,9.5278,30.082
8/2/2016,17:30:44,0,9.5276,29.589
8/2/2016,17:45:44,0,9.5275,29.129
8/2/2016,18:00:44,0,9.5284,28.686
8/2/2016,18:15:44,0,9.5289,28.15
8/2/2016,18:30:44,0,9.53,27.55
8/2/2016,18:45:44,0,9.5309,26.793
8/2/2016,19:00:44,0,9.5323,25.962
8/2/2016,19:15:44,0,9.5331,25.184
8/2/2016,19:30:44,0,9.5337,24.516
8/2/2016,19:45:44,0,9.5349,23.951
8/2/2016,20:00:44,0,9.5363,23.377
8/2/2016,20:15:44,0,9.5377,22.744
8/2/2016,20:30:44,0,9.5386,22.399
8/2/2016,20:45:44,0,9.5404,21.892
8/2/2016,21:00:44,0,9.5425,21.565
8/2/2016,21:15:44,0,9.5432,21.097
8/2/2016,21:30:44,0,9.5443,20.7
8/2/2016,21:45:44,0,9.5442,20.312
8/2/2016,22:00:44,0,9.5453,19.929
8/2/2016,22:15:44,0,9.5464,19.489
8/2/2016,22:30:44,0,9.5465,19.254
8/2/2016,22:45:44,0,9.5468,19.133
8/2/2016,23:00:44,0,9.5473,19.001
8/2/2016,23:15:44,0,9.548,18.526
8/2/2016,23:30:44,0,9.5479,18.279
8/2/2016,23:45:44,0,9.5477,18.017
8/3/2016,0:00:44,0,9.5472,17.845
8/3/2016,0:15:44,0,9.5478,17.669
8/3/2016,0:30:44,0,9.5486,17.212
8/3/2016,0:45:44,0,9.5489,17.091
8/3/2016,1:00:44,0,9.5486,16.864
8/3/2016,1:15:44,0,9.5486,16.705
8/3/2016,1:30:44,0,9.5493,16.519
8/3/2016,1:45:44,0,9.5496,16.276
8/3/2016,2:00:44,0,9.5503,15.978
8/3/2016,2:15:44,0,9.5506,15.761
8/3/2016,2:30:44,0,9.5513,15.515
8/3/2016,2:45:44,0,9.5516,15.407
8/3/2016,3:00:44,0,9.5524,15.336
8/3/2016,3:15:44,0,9.5523,15.046
8/3/2016,3:30:44,0,9.5509,14.929
8/3/2016,3:45:44,0,9.5502,14.731
8/3/2016,4:00:44,0,9.5501,14.469
8/3/2016,4:15:44,0,9.5492,14.48
8/3/2016,4:30:44,0,9.5496,14.427
8/3/2016,4:45:44,0,9.5501,14.313
8/3/2016,5:00:44,0,9.5512,14.278
8/3/2016,5:15:44,0,9.5516,14.094
8/3/2016,5:30:44,0,9.5522,14.194
8/3/2016,5:45:44,0,9.552,14.086
8/3/2016,6:00:44,0,9.5528,14.059
8/3/2016,6:15:44,0,9.5534,14.268
8/3/2016,6:30:44,0,9.5527,14.436
8/3/2016,6:45:44,0,9.5526,14.878
8/3/2016,7:00:44,0,9.551,15.464
8/3/2016,7:15:44,0,9.5497,16.108
8/3/2016,7:30:44,0,9.5479,16.974
8/3/2016,7:45:44,0,9.5468,18.254
8/3/2016,8:00:44,0,9.545,20.31
8/3/2016,8:15:44,0,9.5453,22.903
8/3/2016,8:30:44,0,9.5438,24.902
8/3/2016,8:45:44,0,9.5409,26.22
8/3/2016,9:00:44,0,9.5417,26.845
8/3/2016,9:15:44,0,9.5406,27.027
8/3/2016,9:30:44,0,9.542,28.316
8/3/2016,9:45:44,0,9.5402,28.741
8/3/2016,10:00:44,0,9.5406,29.228
8/3/2016,10:15:44,0,9.5354,31.822
8/3/2016,10:30:44,0,9.5406,32.002
8/3/2016,10:45:44,0,9.5352,31.191
8/3/2016,11:00:44,0,9.5325,31.866
8/3/2016,11:15:44,0,9.5303,32.205
8/3/2016,11:30:44,0,9.5296,32.601
8/3/2016,11:45:44,0,9.5289,33.096
8/3/2016,12:00:44,0,9.5282,33.29
8/3/2016,12:15:44,0,9.5275,33.4
8/3/2016,12:30:44,0,9.5266,33.634
8/3/2016,12:45:44,0,9.5248,33.948
8/3/2016,13:00:44,0,9.5237,34.384
8/3/2016,13:15:44,0,9.5223,35.989
8/3/2016,13:30:44,0,9.5226,36.574
8/3/2016,13:45:44,0,9.5201,35.728
8/3/2016,14:00:44,0,9.5201,36.271
8/3/2016,14:15:44,0,9.5196,36.681
8/3/2016,14:30:44,0,9.519,35.544
8/3/2016,14:45:44,0,9.5175,34.83
8/3/2016,15:00:44,0,9.5164,34.902
8/3/2016,15:15:44,0,9.5149,34.567
8/3/2016,15:30:44,0,9.513,34.296
8/3/2016,15:45:44,0,9.5131,33.947
8/3/2016,16:00:44,0,9.5128,33.521
8/3/2016,16:15:44,0,9.5125,33.12
8/3/2016,16:30:44,0,9.5119,32.46
8/3/2016,16:45:44,0,9.5106,32.221
8/3/2016,17:00:44,0,9.5097,31.503
8/3/2016,17:15:44,0,9.5089,30.794
8/3/2016,17:30:44,0,9.5086,30.283
8/3/2016,17:45:44,0,9.5082,29.809
8/3/2016,18:00:44,0,9.5076,29.336
8/3/2016,18:15:44,0,9.5083,28.862
8/3/2016,18:30:44,0,9.5089,28.268
8/3/2016,18:45:44,0,9.5098,27.545
8/3/2016,19:00:44,0,9.5105,26.758
8/3/2016,19:15:44,0,9.5135,26.062
8/3/2016,19:30:44,0,9.5154,25.281
8/3/2016,19:45:44,0,9.5174,24.798
8/3/2016,20:00:44,0,9.5191,24.268
8/3/2016,20:15:44,0,9.5198,23.623
8/3/2016,20:30:44,0,9.5206,23.172
8/3/2016,20:45:44,0,9.5225,22.709
8/3/2016,21:00:44,0,9.5235,22.297
8/3/2016,21:15:44,0,9.5232,21.971
8/3/2016,21:30:44,0,9.5235,21.575
8/3/2016,21:45:44,0,9.5229,21.084
8/3/2016,22:00:44,0,9.5233,20.784
8/3/2016,22:15:44,0,9.5233,20.523
8/3/2016,22:30:44,0,9.5243,20.144
8/3/2016,22:45:44,0,9.5238,19.85
8/3/2016,23:00:44,0,9.5237,19.599
8/3/2016,23:15:44,0,9.5233,19.223
8/3/2016,23:30:44,0,9.5235,18.982
8/3/2016,23:45:44,0,9.5239,18.923
8/4/2016,0:00:44,0,9.5235,18.539
8/4/2016,0:15:44,0,9.5224,18.354
8/4/2016,0:30:44,0,9.5204,18.153
8/4/2016,0:45:44,0,9.5207,17.857
8/4/2016,1:00:44,0,9.5209,17.442
8/4/2016,1:15:44,0,9.5207,17.39
8/4/2016,1:30:44,0,9.5201,17.115
8/4/2016,1:45:44,0,9.5188,16.78
8/4/2016,2:00:44,0,9.519,16.689
8/4/2016,2:15:44,0,9.5186,16.579
8/4/2016,2:30:44,0,9.5185,16.361
8/4/2016,2:45:44,0,9.5187,16.13
8/4/2016,3:00:44,0,9.5185,15.963
8/4/2016,3:15:44,0,9.5175,15.743
8/4/2016,3:30:44,0,9.5166,15.455
8/4/2016,3:45:44,0,9.5177,15.239
8/4/2016,4:00:44,0,9.5175,15.066
8/4/2016,4:15:44,0,9.518,14.908
8/4/2016,4:30:44,0,9.518,14.864
8/4/2016,4:45:44,0,9.5183,14.689
8/4/2016,5:00:44,0,9.5192,14.411
8/4/2016,5:15:44,0,9.5204,14.342
8/4/2016,5:30:44,0,9.5213,14.227
8/4/2016,5:45:44,0,9.5225,14.095
8/4/2016,6:00:44,0,9.5227,14.037
8/4/2016,6:15:44,0,9.5228,14.117
8/4/2016,6:30:44,0,9.5233,14.108
8/4/2016,6:45:44,0,9.5225,14.308
8/4/2016,7:00:44,0,9.5223,14.78
8/4/2016,7:15:44,0,9.5222,15.321
8/4/2016,7:30:44,0,9.5212,16.059
8/4/2016,7:45:44,0,9.5207,18.288
8/4/2016,8:00:44,0,9.5174,21.151
8/4/2016,8:15:44,0,9.5201,23.667
8/4/2016,8:30:44,0,9.5199,24.696
8/4/2016,8:45:44,0,9.5184,25.245
8/4/2016,9:00:44,0,9.5187,25.255
8/4/2016,9:15:44,0,9.517,25.412
8/4/2016,9:30:44,0,9.517,27.547
8/4/2016,9:45:44,0,9.516,27.752
8/4/2016,10:00:44,0,9.5153,29.157
8/4/2016,10:15:44,0,9.5123,31.177
8/4/2016,10:30:44,0,9.5149,31.398
8/4/2016,10:45:44,0,9.5097,31.254
8/4/2016,11:00:44,0,9.5063,31.486
8/4/2016,11:15:44,0,9.5057,31.704
8/4/2016,11:30:44,0,9.5044,31.849
8/4/2016,11:45:44,0,9.5036,32.044
8/4/2016,12:00:44,0,9.5029,32.241
8/4/2016,12:15:44,0,9.5018,32.878
8/4/2016,12:30:44,0,9.5016,32.802
8/4/2016,12:45:44,0,9.501,32.648
8/4/2016,13:00:44,0,9.4997,33.338
8/4/2016,13:15:44,0,9.4995,34.716
8/4/2016,13:30:44,0,9.4984,34.759
8/4/2016,13:45:44,0,9.4971,34.211
8/4/2016,14:00:44,0,9.4961,35.237
8/4/2016,14:15:44,0,9.4965,35.158
8/4/2016,14:30:44,0,9.4953,34.059
8/4/2016,14:45:44,0,9.4942,33.618
8/4/2016,15:00:44,0,9.4929,33.773
8/4/2016,15:15:44,0,9.4916,33.171
8/4/2016,15:30:44,0,9.4903,32.829
8/4/2016,15:45:44,0,9.49,32.575
8/4/2016,16:00:44,0,9.4901,32.094
8/4/2016,16:15:44,0,9.4902,31.638
8/4/2016,16:30:44,0,9.4905,31.2
8/4/2016,16:45:44,0,9.4893,30.823
8/4/2016,17:00:44,0,9.4894,30.32
8/4/2016,17:15:44,0,9.4898,29.776
8/4/2016,17:30:44,0,9.4894,29.382
8/4/2016,17:45:44,0,9.4897,28.7
8/4/2016,18:00:44,0,9.4902,28.213
8/4/2016,18:15:44,0,9.4908,27.747
8/4/2016,18:30:44,0,9.4914,27.232
8/4/2016,18:45:44,0,9.4929,26.613
8/4/2016,19:00:44,0,9.4944,26.005
8/4/2016,19:15:44,0,9.4957,25.296
8/4/2016,19:30:44,0,9.4963,24.789
8/4/2016,19:45:44,0,9.4975,24.109
8/4/2016,20:00:44,0,9.4991,23.582
8/4/2016,20:15:44,0,9.5001,23.23
8/4/2016,20:30:44,0,9.5011,22.763
8/4/2016,20:45:44,0,9.5018,22.271
8/4/2016,21:00:44,0,9.5023,21.784
8/4/2016,21:15:44,0,9.5017,21.647
8/4/2016,21:30:44,0,9.5028,21.194
8/4/2016,21:45:44,0,9.5027,20.679
8/4/2016,22:00:44,0,9.5031,20.407
8/4/2016,22:15:44,0,9.5022,20.247
8/4/2016,22:30:44,0,9.5018,19.828
8/4/2016,22:45:44,0,9.5015,19.47
8/4/2016,23:00:44,0,9.5021,19.263
8/4/2016,23:15:44,0,9.5029,18.924
8/4/2016,23:30:44,0,9.5043,18.618
8/4/2016,23:45:44,0,9.5034,18.288
8/5/2016,0:00:44,0,9.5039,18.158
8/5/2016,0:15:44,0,9.5031,17.956
8/5/2016,0:30:44,0,9.503,17.551
8/5/2016,0:45:44,0,9.5026,17.349
8/5/2016,1:00:44,0,9.5026,17.035
8/5/2016,1:15:44,0,9.5022,16.93
8/5/2016,1:30:44,0,9.5028,16.547
8/5/2016,1:45:44,0,9.5019,16.362
8/5/2016,2:00:44,0,9.5018,16.043
8/5/2016,2:15:44,0,9.5021,15.883
8/5/2016,2:30:44,0,9.5019,15.601
8/5/2016,2:45:44,0,9.5029,15.367
8/5/2016,3:00:44,0,9.5023,15.132
8/5/2016,3:15:44,0,9.501,14.885
8/5/2016,3:30:44,0,9.5004,14.683
8/5/2016,3:45:44,0,9.501,14.575
8/5/2016,4:00:44,0,9.5015,14.238
8/5/2016,4:15:44,0,9.5021,14.262
8/5/2016,4:30:44,0,9.5029,14.062
8/5/2016,4:45:44,0,9.5036,13.868
8/5/2016,5:00:44,0,9.5044,13.608
8/5/2016,5:15:44,0,9.5054,13.354
8/5/2016,5:30:44,0,9.5058,13.285
8/5/2016,5:45:44,0,9.5063,13.145
8/5/2016,6:00:44,0,9.506,13.047
8/5/2016,6:15:44,0,9.5054,12.902
8/5/2016,6:30:44,0,9.5059,13.05
8/5/2016,6:45:44,0,9.5053,13.382
8/5/2016,7:00:44,0,9.5053,13.665
8/5/2016,7:15:44,0,9.5049,14.27
8/5/2016,7:30:44,0,9.5046,15.17
8/5/2016,7:45:44,0,9.5036,17.395
8/5/2016,8:00:44,0,9.5021,20.924
8/5/2016,8:15:44,0,9.5035,22.584
8/5/2016,8:30:44,0,9.5036,22.943
8/5/2016,8:45:44,0,9.5045,22.708
8/5/2016,9:00:44,0,9.5046,22.86
8/5/2016,9:15:44,0,9.5039,23.277
8/5/2016,9:30:44,0,9.5044,24.989
8/5/2016,9:45:44,0,9.5036,25.156
8/5/2016,10:00:44,0,9.5026,26.314
8/5/2016,10:15:44,0,9.5026,29.187
8/5/2016,10:30:44,0,9.5044,29.889
8/5/2016,10:45:44,0,9.5014,29.985
8/5/2016,11:00:44,0,9.5009,30.101
8/5/2016,11:15:44,0,9.5007,30.33
8/5/2016,11:30:44,0,9.4999,29.871
8/5/2016,11:45:44,0,9.5001,30.102
8/5/2016,12:00:44,0,9.5,29.88
8/5/2016,12:15:44,0,9.5,29.977
8/5/2016,12:30:44,0,9.5001,30.074
8/5/2016,12:45:44,0,9.5004,30.314
8/5/2016,13:00:44,0,9.4993,30.777
8/5/2016,13:15:44,0,9.5017,31.897
8/5/2016,13:30:44,0,9.501,31.351
8/5/2016,13:45:44,0,9.4998,31.38
8/5/2016,14:00:44,0,9.5001,32.664
8/5/2016,14:15:44,0,9.4991,32.352
8/5/2016,14:30:44,0,9.4982,30.717
8/5/2016,14:45:44,0,9.4968,30.866
8/5/2016,15:00:44,0,9.4966,30.55
8/5/2016,15:15:44,0,9.4968,30.12
8/5/2016,15:30:44,0,9.4956,29.849
8/5/2016,15:45:44,0,9.4943,29.476
8/5/2016,16:00:44,0,9.496,29.367
8/5/2016,16:15:44,0,9.4953,29.068
8/5/2016,16:30:44,0,9.4952,28.732
8/5/2016,16:45:44,0,9.4955,28.449
8/5/2016,17:00:44,0,9.4953,27.997
8/5/2016,17:15:44,0,9.4955,27.561
8/5/2016,17:30:44,0,9.496,27.05
8/5/2016,17:45:44,0,9.4969,26.715
8/5/2016,18:00:44,0,9.4969,26.338
8/5/2016,18:15:44,0,9.4982,25.834
8/5/2016,18:30:44,0,9.4992,25.3
8/5/2016,18:45:44,0,9.4998,24.656
8/5/2016,19:00:44,0,9.5014,23.871
8/5/2016,19:15:44,0,9.5032,23.024
8/5/2016,19:30:44,0,9.5054,22.38
8/5/2016,19:45:44,0,9.5072,21.789
8/5/2016,20:00:44,0,9.5093,21.243
8/5/2016,20:15:44,0,9.5108,20.733
8/5/2016,20:30:44,0,9.5126,20.102
8/5/2016,20:45:44,0,9.5128,19.752
8/5/2016,21:00:44,0,9.5129,19.419
8/5/2016,21:15:44,0,9.5131,18.951
8/5/2016,21:30:44,0,9.5128,18.605
8/5/2016,21:45:44,0,9.5128,18.321
8/5/2016,22:00:44,0,9.513,17.921
8/5/2016,22:15:44,0,9.5137,17.514
8/5/2016,22:30:44,0,9.513,17.201
8/5/2016,22:45:44,0,9.5134,17.021
8/5/2016,23:00:44,0,9.5135,16.68
8/5/2016,23:15:44,0,9.5143,16.368
8/5/2016,23:30:44,0,9.5144,15.919
8/5/2016,23:45:44,0,9.5147,15.656
8/6/2016,0:00:44,0,9.514,15.326
8/6/2016,0:15:44,0,9.5141,15.014
8/6/2016,0:30:44,0,9.5128,14.876
8/6/2016,0:45:44,0,9.5117,14.698
8/6/2016,1:00:44,0,9.5112,14.574
8/6/2016,1:15:44,0,9.5104,14.424
8/6/2016,1:30:44,0,9.5079,15.015
8/6/2016,1:45:44,0,9.5075,16.597
8/6/2016,2:00:44,0,9.5099,15.445
8/6/2016,2:15:44,0,9.5095,15.578
8/6/2016,2:30:44,0,9.5094,15.903
8/6/2016,2:45:44,0,9.5082,16.298
8/6/2016,3:00:44,0,9.5091,16.358
8/6/2016,3:15:44,0,9.5077,16.535
8/6/2016,3:30:44,0,9.5084,16.401
8/6/2016,3:45:44,0,9.5079,16.118
8/6/2016,4:00:44,0,9.5083,16.106
8/6/2016,4:15:44,0,9.5084,15.869
8/6/2016,4:30:44,0,9.5085,15.826
8/6/2016,4:45:44,0,9.5091,15.592
8/6/2016,5:00:44,0,9.5115,14.691
8/6/2016,5:15:44,0,9.5114,14.581
8/6/2016,5:30:44,0,9.5114,14.062
8/6/2016,5:45:44,0,9.5114,13.628
8/6/2016,6:00:44,0,9.5106,13.573
8/6/2016,6:15:44,0,9.5116,13.711
8/6/2016,6:30:44,0,9.5096,15.024
8/6/2016,6:45:44,0,9.5099,15.763
8/6/2016,7:00:44,0,9.511,15.252
8/6/2016,7:15:44,0,9.5076,15.685
8/6/2016,7:30:44,0,9.5084,16.692
8/6/2016,7:45:44,0,9.5088,17.134
8/6/2016,8:00:44,0,9.5067,19.554
8/6/2016,8:15:44,0,9.5077,21.361
8/6/2016,8:30:44,0,9.5073,23.644
8/6/2016,8:45:44,0,9.5089,24.165
8/6/2016,9:00:44,0,9.5098,23.871
8/6/2016,9:15:44,0,9.5086,23.284
8/6/2016,9:30:44,0,9.509,24.041
8/6/2016,9:45:44,0,9.5074,24.656
8/6/2016,10:00:44,0,9.5049,25.939
8/6/2016,10:15:44,0,9.505,27.454
8/6/2016,10:30:44,0,9.5042,28.193
8/6/2016,10:45:44,0,9.4997,28.576
8/6/2016,11:00:44,0,9.4951,28.818
8/6/2016,11:15:44,0,9.4934,29.363
8/6/2016,11:30:44,0,9.4918,29.834
8/6/2016,11:45:44,0,9.4903,30.153
8/6/2016,12:00:44,0,9.4894,30.379
8/6/2016,12:15:44,0,9.4889,30.492
8/6/2016,12:30:44,0,9.4893,30.56
8/6/2016,12:45:44,0,9.4897,30.721
8/6/2016,13:00:44,0,9.4879,31.18
8/6/2016,13:15:44,0,9.4883,32.955
8/6/2016,13:30:44,0,9.4873,31.976
8/6/2016,13:45:44,0,9.4871,31.521
8/6/2016,14:00:44,0,9.4873,32.87
8/6/2016,14:15:44,0,9.4854,32.577
8/6/2016,14:30:44,0,9.484,31.288
8/6/2016,14:45:44,0,9.4819,31.194
8/6/2016,15:00:44,0,9.4818,31.069
8/6/2016,15:15:44,0,9.4817,30.609
8/6/2016,15:30:44,0,9.48,30.654
8/6/2016,15:45:44,0,9.4792,30.286
8/6/2016,16:00:44,0,9.4789,29.947
8/6/2016,16:15:44,0,9.4782,29.576
8/6/2016,16:30:44,0,9.4789,29.203
8/6/2016,16:45:44,0,9.4788,28.874
8/6/2016,17:00:44,0,9.4785,28.324
8/6/2016,17:15:44,0,9.4776,27.975
8/6/2016,17:30:44,0,9.4771,27.525
8/6/2016,17:45:44,0,9.4774,27.094
8/6/2016,18:00:44,0,9.4782,26.645
8/6/2016,18:15:44,0,9.4794,26.178
8/6/2016,18:30:44,0,9.4808,25.591
8/6/2016,18:45:44,0,9.4826,24.83
8/6/2016,19:00:44,0,9.4849,24.11
8/6/2016,19:15:44,0,9.487,23.369
8/6/2016,19:30:44,0,9.4885,22.748
8/6/2016,19:45:44,0,9.4908,22.113
8/6/2016,20:00:44,0,9.4936,21.558
8/6/2016,20:15:44,0,9.4949,21.135
8/6/2016,20:30:44,0,9.4964,20.541
8/6/2016,20:45:44,0,9.4977,20.15
8/6/2016,21:00:44,0,9.4999,19.728
8/6/2016,21:15:44,0,9.4993,19.249
8/6/2016,21:30:44,0,9.4997,19
8/6/2016,21:45:44,0,9.4985,18.723
8/6/2016,22:00:44,0,9.5005,18.278
8/6/2016,22:15:44,0,9.5018,17.994
8/6/2016,22:30:44,0,9.5049,17.663
8/6/2016,22:45:44,0,9.506,17.363
8/6/2016,23:00:44,0,9.5066,17.129
8/6/2016,23:15:44,0,9.5066,16.917
8/6/2016,23:30:44,0,9.5079,16.487
8/6/2016,23:45:44,0,9.5061,16.015
8/7/2016,0:00:44,0,9.5064,16.012
8/7/2016,0:15:44,0,9.5071,15.775
8/7/2016,0:30:44,0,9.5072,15.191
8/7/2016,0:45:44,0,9.5066,15.161
8/7/2016,1:00:44,0,9.5058,14.936
8/7/2016,1:15:44,0,9.5059,14.768
8/7/2016,1:30:44,0,9.5056,14.509
8/7/2016,1:45:44,0,9.5059,14.289
8/7/2016,2:00:44,0,9.5054,13.998
8/7/2016,2:15:44,0,9.5056,13.723
8/7/2016,2:30:44,0,9.5058,13.633
8/7/2016,2:45:44,0,9.5044,13.459
8/7/2016,3:00:44,0,9.5051,13.3
8/7/2016,3:15:44,0,9.5042,13.233
8/7/2016,3:30:44,0,9.5036,13.281
8/7/2016,3:45:44,0,9.5034,13.223
8/7/2016,4:00:44,0,9.5039,12.99
8/7/2016,4:15:44,0,9.5039,13.076
8/7/2016,4:30:44,0,9.5053,12.954
8/7/2016,4:45:44,0,9.5061,12.995
8/7/2016,5:00:44,0,9.5081,12.961
8/7/2016,5:15:44,0,9.5094,12.705
8/7/2016,5:30:44,0,9.5099,12.725
8/7/2016,5:45:44,0,9.5115,12.943
8/7/2016,6:00:44,0,9.5121,12.934
8/7/2016,6:15:44,0,9.5124,12.905
8/7/2016,6:30:44,0,9.5122,13.009
8/7/2016,6:45:44,0,9.5131,13.246
8/7/2016,7:00:44,0,9.5135,13.594
8/7/2016,7:15:44,0,9.5132,14.13
8/7/2016,7:30:44,0,9.5133,15.052
8/7/2016,7:45:44,0,9.5125,16.545
8/7/2016,8:00:44,0,9.5105,19.162
8/7/2016,8:15:44,0,9.5109,21.618
8/7/2016,8:30:44,0,9.5102,22.69
8/7/2016,8:45:44,0,9.5099,24.125
8/7/2016,9:00:44,0,9.5102,24.363
8/7/2016,9:15:44,0,9.5096,24.385
8/7/2016,9:30:44,0,9.5108,25.087
8/7/2016,9:45:44,0,9.5106,25.468
8/7/2016,10:00:44,0,9.5076,26.709
8/7/2016,10:15:44,0,9.5081,28.539
8/7/2016,10:30:44,0,9.5087,29.541
8/7/2016,10:45:44,0,9.504,29.433
8/7/2016,11:00:44,0,9.5008,29.289
8/7/2016,11:15:44,0,9.5014,28.946
8/7/2016,11:30:44,0,9.5006,29.234
8/7/2016,11:45:44,0,9.4991,29.373
8/7/2016,12:00:44,0,9.4981,29.658
8/7/2016,12:15:44,0,9.497,29.849
8/7/2016,12:30:44,0,9.4977,30.211
8/7/2016,12:45:44,0,9.4984,30.441
8/7/2016,13:00:44,0,9.4986,30.767
8/7/2016,13:15:44,0,9.4993,32.115
8/7/2016,13:30:44,0,9.4977,30.925
8/7/2016,13:45:44,0,9.4971,31.195
8/7/2016,14:00:44,0,9.4977,32.543
8/7/2016,14:15:44,0,9.4955,32.066
8/7/2016,14:30:44,0,9.494,31.049
8/7/2016,14:45:44,0,9.4929,31.085
8/7/2016,15:00:44,0,9.4927,31.076
8/7/2016,15:15:44,0,9.4929,30.283
8/7/2016,15:30:44,0,9.4919,30.28
8/7/2016,15:45:44,0,9.4915,29.968
8/7/2016,16:00:44,0,9.4913,29.73
8/7/2016,16:15:44,0,9.4919,29.306
8/7/2016,16:30:44,0,9.4898,28.955
8/7/2016,16:45:44,0,9.4893,28.721
8/7/2016,17:00:44,0,9.4893,28.163
8/7/2016,17:15:44,0,9.4887,27.778
8/7/2016,17:30:44,0,9.4895,27.243
8/7/2016,17:45:44,0,9.4898,26.654
8/7/2016,18:00:44,0,9.4906,26.229
8/7/2016,18:15:44,0,9.4906,25.742
8/7/2016,18:30:44,0,9.491,25.064
8/7/2016,18:45:44,0,9.4919,24.258
8/7/2016,19:00:44,0,9.4925,23.349
8/7/2016,19:15:44,0,9.4937,22.729
8/7/2016,19:30:44,0,9.4959,22.105
8/7/2016,19:45:44,0,9.4986,21.379
8/7/2016,20:00:44,0,9.5004,20.891
8/7/2016,20:15:44,0,9.5023,20.344
8/7/2016,20:30:44,0,9.5046,19.901
8/7/2016,20:45:44,0,9.5052,19.472
8/7/2016,21:00:44,0,9.5054,19.068
8/7/2016,21:15:44,0,9.5052,18.589
8/7/2016,21:30:44,0,9.5056,18.258
8/7/2016,21:45:44,0,9.5065,17.865
8/7/2016,22:00:44,0,9.5061,17.421
8/7/2016,22:15:44,0,9.5052,17.218
8/7/2016,22:30:44,0,9.5055,16.961
8/7/2016,22:45:44,0,9.5061,16.548
8/7/2016,23:00:44,0,9.5061,16.32
8/7/2016,23:15:44,0,9.506,16.188
8/7/2016,23:30:44,0,9.5069,15.807
8/7/2016,23:45:44,0,9.5071,15.712
8/8/2016,0:00:44,0,9.506,15.505
8/8/2016,0:15:44,0,9.5059,15.329
8/8/2016,0:30:44,0,9.5054,15.091
8/8/2016,0:45:44,0,9.5053,14.897
8/8/2016,1:00:44,0,9.5033,14.716
8/8/2016,1:15:44,0,9.5021,14.448
8/8/2016,1:30:44,0,9.5024,14.176
8/8/2016,1:45:44,0,9.5021,14.037
8/8/2016,2:00:44,0,9.5019,13.941
8/8/2016,2:15:44,0,9.5029,13.839
8/8/2016,2:30:44,0,9.5031,13.66
8/8/2016,2:45:44,0,9.5027,13.329
8/8/2016,3:00:44,0,9.5016,13.236
8/8/2016,3:15:44,0,9.501,12.985
8/8/2016,3:30:44,0,9.501,12.895
8/8/2016,3:45:44,0,9.5012,12.743
8/8/2016,4:00:44,0,9.5012,12.557
8/8/2016,4:15:44,0,9.5025,12.433
8/8/2016,4:30:44,0,9.5024,12.298
8/8/2016,4:45:44,0,9.5029,12.169
8/8/2016,5:00:44,0,9.5023,12.073
8/8/2016,5:15:44,0,9.5039,11.91
8/8/2016,5:30:44,0,9.5052,11.969
8/8/2016,5:45:44,0,9.5046,11.909
8/8/2016,6:00:44,0,9.5041,11.891
8/8/2016,6:15:44,0,9.5033,12.018
8/8/2016,6:30:44,0,9.5025,12.224
8/8/2016,6:45:44,0,9.5025,12.592
8/8/2016,7:00:44,0,9.5011,13.757
8/8/2016,7:15:44,0,9.4999,15.349
8/8/2016,7:30:44,0,9.5011,16.113
8/8/2016,7:45:44,0,9.4997,16.861
8/8/2016,8:00:44,0,9.4985,19.419
8/8/2016,8:15:44,0,9.4982,21.346
8/8/2016,8:30:44,0,9.4988,22.464
8/8/2016,8:45:44,0,9.4983,23.774
8/8/2016,9:00:44,0,9.4984,24.849
8/8/2016,9:15:44,0,9.4986,23.814
8/8/2016,9:30:44,0,9.4978,24.366
8/8/2016,9:45:44,0,9.4965,25.095
8/8/2016,10:00:44,0,9.4939,26.636
8/8/2016,10:15:44,0,9.496,27.579
8/8/2016,10:30:44,0,9.4951,29.096
8/8/2016,10:45:44,0,9.491,30.218
8/8/2016,11:00:44,0,9.4889,29.539
8/8/2016,11:15:44,0,9.4891,29.617
8/8/2016,11:30:44,0,9.4873,29.205
8/8/2016,11:45:44,0,9.4867,29.33
8/8/2016,12:00:44,0,9.4849,29.462
8/8/2016,12:15:44,0,9.4838,29.365
8/8/2016,12:30:44,0,9.4828,29.914
8/8/2016,12:45:44,0,9.4835,29.895
8/8/2016,13:00:44,0,9.4839,30.669
8/8/2016,13:15:44,0,9.483,31.863
8/8/2016,13:30:44,0,9.4835,31.276
8/8/2016,13:45:44,0,9.4816,31.079
8/8/2016,14:00:44,0,9.4827,32.105
8/8/2016,14:15:44,0,9.4816,32.045
8/8/2016,14:30:44,0,9.4799,31.329
8/8/2016,14:45:44,0,9.4797,30.82
8/8/2016,15:00:44,0,9.4791,30.933
8/8/2016,15:15:44,0,9.4803,30.789
8/8/2016,15:30:44,0,9.4788,30.718
8/8/2016,15:45:44,0,9.4792,30.146
8/8/2016,16:00:44,0,9.4797,29.664
8/8/2016,16:15:44,0,9.4783,29.388
8/8/2016,16:30:44,0,9.4774,29.054
8/8/2016,16:45:44,0,9.4768,28.84
8/8/2016,17:00:44,0,9.4764,28.306
8/8/2016,17:15:44,0,9.4761,27.797
8/8/2016,17:30:44,0,9.476,27.337
8/8/2016,17:45:44,0,9.4752,26.902
8/8/2016,18:00:44,0,9.4765,26.435
8/8/2016,18:15:44,0,9.4776,25.948
8/8/2016,18:30:44,0,9.4782,25.263
8/8/2016,18:45:44,0,9.4797,24.408
8/8/2016,19:00:44,0,9.48,23.706
8/8/2016,19:15:44,0,9.4815,22.993
8/8/2016,19:30:44,0,9.4835,22.34
8/8/2016,19:45:44,0,9.4853,21.824
8/8/2016,20:00:44,0,9.4876,21.337
8/8/2016,20:15:44,0,9.4897,20.975
8/8/2016,20:30:44,0,9.4909,20.293
8/8/2016,20:45:44,0,9.4924,19.887
8/8/2016,21:00:44,0,9.4936,19.48
8/8/2016,21:15:44,0,9.4929,19.096
8/8/2016,21:30:44,0,9.4925,18.786
8/8/2016,21:45:44,0,9.4935,18.365
8/8/2016,22:00:44,0,9.4933,18.158
8/8/2016,22:15:44,0,9.4938,17.74
8/8/2016,22:30:44,0,9.4944,17.389
8/8/2016,22:45:44,0,9.4939,17.079
8/8/2016,23:00:44,0,9.4939,16.778
8/8/2016,23:15:44,0,9.4951,16.555
8/8/2016,23:30:44,0,9.4949,16.248
8/8/2016,23:45:44,0,9.495,16.071
8/9/2016,0:00:44,0,9.4952,15.782
8/9/2016,0:15:44,0,9.4946,15.379
8/9/2016,0:30:44,0,9.4938,15.197
8/9/2016,0:45:44,0,9.4932,14.915
8/9/2016,1:00:44,0,9.4933,14.825
8/9/2016,1:15:44,0,9.4924,14.698
8/9/2016,1:30:44,0,9.4921,14.474
8/9/2016,1:45:44,0,9.4925,14.283
8/9/2016,2:00:44,0,9.4933,14.165
8/9/2016,2:15:44,0,9.4927,13.961
8/9/2016,2:30:44,0,9.4929,13.858
8/9/2016,2:45:44,0,9.4933,13.725
8/9/2016,3:00:44,0,9.4926,13.528
8/9/2016,3:15:44,0,9.4927,13.242
8/9/2016,3:30:44,0,9.4933,13.054
8/9/2016,3:45:44,0,9.4941,13.097
8/9/2016,4:00:44,0,9.4948,13.035
8/9/2016,4:15:44,0,9.4944,12.859
8/9/2016,4:30:44,0,9.4948,12.641
8/9/2016,4:45:44,0,9.4948,12.663
8/9/2016,5:00:44,0,9.4948,12.373
8/9/2016,5:15:44,0,9.4949,12.401
8/9/2016,5:30:44,0,9.4949,12.451
8/9/2016,5:45:44,0,9.4953,12.439
8/9/2016,6:00:44,0,9.4965,12.49
8/9/2016,6:15:44,0,9.4957,12.571
8/9/2016,6:30:44,0,9.4969,12.706
8/9/2016,6:45:44,0,9.4974,13.172
8/9/2016,7:00:44,0,9.4966,13.496
8/9/2016,7:15:44,0,9.4964,14.096
8/9/2016,7:30:44,0,9.496,15.809
8/9/2016,7:45:44,0,9.4954,17.111
8/9/2016,8:00:44,0,9.4928,21.471
8/9/2016,8:15:44,0,9.4946,22.621
8/9/2016,8:30:44,0,9.4939,23.439
8/9/2016,8:45:44,0,9.4953,23.597
8/9/2016,9:00:44,0,9.4943,24.045
8/9/2016,9:15:44,0,9.4938,24.006
8/9/2016,9:30:44,0,9.495,24.405
8/9/2016,9:45:44,0,9.4935,25.638
8/9/2016,10:00:44,0,9.4912,27.269
8/9/2016,10:15:44,0,9.4936,28.266
8/9/2016,10:30:44,0,9.4936,29.134
8/9/2016,10:45:44,0,9.4908,29.459
8/9/2016,11:00:44,0,9.4891,29.504
8/9/2016,11:15:44,0,9.4878,29.797
8/9/2016,11:30:44,0,9.4875,29.884
8/9/2016,11:45:44,0,9.4878,29.992
8/9/2016,12:00:44,0,9.4874,30.087
8/9/2016,12:15:44,0,9.4878,30.07
8/9/2016,12:30:44,0,9.487,30.334
8/9/2016,12:45:44,0,9.4859,30.178
8/9/2016,13:00:44,0,9.4851,30.689
8/9/2016,13:15:44,0,9.4838,32.374
8/9/2016,13:30:44,0,9.4839,32.223
8/9/2016,13:45:44,0,9.4842,31.759
8/9/2016,14:00:44,0,9.4831,32.287
8/9/2016,14:15:44,0,9.4822,32.04
8/9/2016,14:30:44,0,9.4802,31.681
8/9/2016,14:45:44,0,9.4803,31.337
8/9/2016,15:00:44,0,9.4787,31.607
8/9/2016,15:15:44,0,9.4792,31.084
8/9/2016,15:30:44,0,9.4791,30.923
8/9/2016,15:45:44,0,9.4782,30.614
8/9/2016,16:00:44,0,9.4781,30.305
8/9/2016,16:15:44,0,9.4785,29.999
8/9/2016,16:30:44,0,9.4799,29.56
8/9/2016,16:45:44,0,9.4797,29.252
8/9/2016,17:00:44,0,9.4793,28.905
8/9/2016,17:15:44,0,9.4799,28.427
8/9/2016,17:30:44,0,9.4801,27.833
8/9/2016,17:45:44,0,9.4798,27.314
8/9/2016,18:00:44,0,9.4807,26.873
8/9/2016,18:15:44,0,9.4819,26.426
8/9/2016,18:30:44,0,9.4832,25.829
8/9/2016,18:45:44,0,9.4849,25.044
8/9/2016,19:00:44,0,9.4863,24.328
8/9/2016,19:15:44,0,9.4875,23.66
8/9/2016,19:30:44,0,9.4888,23.053
8/9/2016,19:45:44,0,9.49,22.463
8/9/2016,20:00:44,0,9.4923,21.872
8/9/2016,20:15:44,0,9.4936,21.494
8/9/2016,20:30:44,0,9.4949,20.969
8/9/2016,20:45:44,0,9.4966,20.517
8/9/2016,21:00:44,0,9.497,20.146
8/9/2016,21:15:44,0,9.4975,19.777
8/9/2016,21:30:44,0,9.4973,19.349
8/9/2016,21:45:44,0,9.4979,19.065
8/9/2016,22:00:44,0,9.4976,18.754
8/9/2016,22:15:44,0,9.4984,18.416
8/9/2016,22:30:44,0,9.4988,18.139
8/9/2016,22:45:44,0,9.4994,17.796
8/9/2016,23:00:44,0,9.499,17.457
8/9/2016,23:15:44,0,9.4997,17.098
8/9/2016,23:30:44,0,9.4992,16.921
8/9/2016,23:45:44,0,9.5001,16.63
8/10/2016,0:00:44,0,9.5005,16.296
8/10/2016,0:15:44,0,9.5005,16.042
8/10/2016,0:30:44,0,9.5,15.901
8/10/2016,0:45:44,0,9.5008,15.529
8/10/2016,1:00:44,0,9.5011,15.256
8/10/2016,1:15:44,0,9.5019,15.119
8/10/2016,1:30:44,0,9.5022,14.966
8/10/2016,1:45:44,0,9.5025,14.926
8/10/2016,2:00:44,0,9.5037,14.522
8/10/2016,2:15:44,0,9.5033,14.398
8/10/2016,2:30:44,0,9.5036,14.367
8/10/2016,2:45:44,0,9.5024,14.217
8/10/2016,3:00:44,0,9.5016,13.745
8/10/2016,3:15:44,0,9.5022,13.599
8/10/2016,3:30:44,0,9.5034,13.362
8/10/2016,3:45:44,0,9.504,13.239
8/10/2016,4:00:44,0,9.5046,13.23
8/10/2016,4:15:44,0,9.5056,13.142
8/10/2016,4:30:44,0,9.507,12.945
8/10/2016,4:45:44,0,9.5083,12.859
8/10/2016,5:00:44,0,9.5095,12.821
8/10/2016,5:15:44,0,9.5112,12.694
8/10/2016,5:30:44,0,9.5109,12.57
8/10/2016,5:45:44,0,9.5113,12.604
8/10/2016,6:00:44,0,9.5124,12.805
8/10/2016,6:15:44,0,9.5124,12.843
8/10/2016,6:30:44,0,9.5127,13.121
8/10/2016,6:45:44,0,9.5137,13.586
8/10/2016,7:00:44,0,9.5144,14.122
8/10/2016,7:15:44,0,9.5143,14.506
8/10/2016,7:30:44,0,9.5156,15.587
8/10/2016,7:45:44,0,9.5145,16.857
8/10/2016,8:00:44,0,9.5131,19.623
8/10/2016,8:15:44,0,9.5147,21.011
8/10/2016,8:30:44,0,9.5142,22.185
8/10/2016,8:45:44,0,9.5135,23.933
8/10/2016,9:00:44,0,9.5151,25.118
8/10/2016,9:15:44,0,9.5157,24.935
8/10/2016,9:30:44,0,9.5151,24.333
8/10/2016,9:45:44,0,9.5139,25.02
8/10/2016,10:00:44,0,9.5115,26.938
8/10/2016,10:15:44,0,9.5143,27.23
8/10/2016,10:30:44,0,9.5131,28.265
8/10/2016,10:45:44,0,9.5097,28.285
8/10/2016,11:00:44,0,9.5074,28.898
8/10/2016,11:15:44,0,9.5063,29.132
8/10/2016,11:30:44,0,9.5061,29.262
8/10/2016,11:45:44,0,9.5057,29.672
8/10/2016,12:00:44,0,9.5068,29.634
8/10/2016,12:15:44,0,9.5063,30.104
8/10/2016,12:30:44,0,9.5066,30.103
8/10/2016,12:45:44,0,9.5066,30.125
8/10/2016,13:00:44,0,9.5075,30.333
8/10/2016,13:15:44,0,9.5048,31.853
8/10/2016,13:30:44,0,9.5083,31.614
8/10/2016,13:45:44,0,9.5066,31.089
8/10/2016,14:00:44,0,9.5059,31.096
8/10/2016,14:15:44,0,9.5048,31.53
8/10/2016,14:30:44,0,9.5045,31.344
8/10/2016,14:45:44,0,9.5039,30.885
8/10/2016,15:00:44,0,9.5038,31.318
8/10/2016,15:15:44,0,9.5038,30.605
8/10/2016,15:30:44,0,9.5049,30.487
8/10/2016,15:45:44,0,9.5059,30.307
8/10/2016,16:00:44,0,9.5054,29.933
8/10/2016,16:15:44,0,9.5048,29.529
8/10/2016,16:30:44,0,9.5058,28.968
8/10/2016,16:45:44,0,9.5064,28.514
8/10/2016,17:00:44,0,9.5066,28.134
8/10/2016,17:15:44,0,9.5069,27.605
8/10/2016,17:30:44,0,9.5069,27.152
8/10/2016,17:45:44,0,9.5072,26.693
8/10/2016,18:00:44,0,9.5068,26.275
8/10/2016,18:15:44,0,9.5084,25.761
8/10/2016,18:30:44,0,9.5112,25.25
8/10/2016,18:45:44,0,9.513,24.554
8/10/2016,19:00:44,0,9.5159,23.877
8/10/2016,19:15:44,0,9.5171,23.222
8/10/2016,19:30:44,0,9.5184,22.532
8/10/2016,19:45:44,0,9.5209,21.915
8/10/2016,20:00:44,0,9.5233,21.458
8/10/2016,20:15:44,0,9.5235,21.044
8/10/2016,20:30:44,0,9.5249,20.698
8/10/2016,20:45:44,0,9.5258,20.359
8/10/2016,21:00:44,0,9.5263,20.005
8/10/2016,21:15:44,0,9.528,19.604
8/10/2016,21:30:44,0,9.5287,19.292
8/10/2016,21:45:44,0,9.5285,18.963
8/10/2016,22:00:44,0,9.5292,18.683
8/10/2016,22:15:44,0,9.5303,18.408
8/10/2016,22:30:44,0,9.5315,18.252
8/10/2016,22:45:44,0,9.5324,17.94
8/10/2016,23:00:44,0,9.5317,17.815
8/10/2016,23:15:44,0,9.5326,17.581
8/10/2016,23:30:44,0,9.5334,17.215
8/10/2016,23:45:44,0,9.5337,17.077
8/11/2016,0:00:44,0,9.5346,16.783
8/11/2016,0:15:44,0,9.5354,16.714
8/11/2016,0:30:44,0,9.5348,16.482
8/11/2016,0:45:44,0,9.5341,16.269
8/11/2016,1:00:44,0,9.535,16.108
8/11/2016,1:15:44,0,9.5357,15.732
8/11/2016,1:30:44,0,9.536,15.64
8/11/2016,1:45:44,0,9.5356,15.597
8/11/2016,2:00:44,0,9.5359,15.427
8/11/2016,2:15:44,0,9.5355,15.246
8/11/2016,2:30:44,0,9.5349,15.069
8/11/2016,2:45:44,0,9.5343,14.945
8/11/2016,3:00:44,0,9.5337,14.756
8/11/2016,3:15:44,0,9.5342,14.576
8/11/2016,3:30:44,0,9.5346,14.483
8/11/2016,3:45:44,0,9.5347,14.345
8/11/2016,4:00:44,0,9.5342,14.231
8/11/2016,4:15:44,0,9.5339,14.113
8/11/2016,4:30:44,0,9.5355,13.982
8/11/2016,4:45:44,0,9.5367,13.873
8/11/2016,5:00:44,0,9.5383,13.793
8/11/2016,5:15:44,0,9.5389,13.666
8/11/2016,5:30:44,0,9.5404,13.504
8/11/2016,5:45:44,0,9.5414,13.43
8/11/2016,6:00:44,0,9.5423,13.394
8/11/2016,6:15:44,0,9.5435,13.48
8/11/2016,6:30:44,0,9.5439,13.618
8/11/2016,6:45:44,0,9.5447,14.259
8/11/2016,7:00:44,0,9.5456,14.721
8/11/2016,7:15:44,0,9.545,15.276
8/11/2016,7:30:44,0,9.5443,16.687
8/11/2016,7:45:44,0,9.5439,18.151
8/11/2016,8:00:44,0,9.5439,21.485
8/11/2016,8:15:44,0,9.5442,22.916
8/11/2016,8:30:44,0,9.5454,23.369
8/11/2016,8:45:44,0,9.546,23.53
8/11/2016,9:00:44,0,9.5453,24.333
8/11/2016,9:15:44,0,9.5441,24.162
8/11/2016,9:30:44,0,9.5424,24.536
8/11/2016,9:45:44,0,9.5406,25.829
8/11/2016,10:00:44,0,9.5404,28.394
8/11/2016,10:15:44,0,9.5442,28.445
8/11/2016,10:30:44,0,9.5434,29.198
8/11/2016,10:45:44,0,9.5412,30.071
8/11/2016,11:00:44,0,9.5401,30.596
8/11/2016,11:15:44,0,9.5394,30.721
8/11/2016,11:30:44,0,9.5389,31.055
8/11/2016,11:45:44,0,9.5389,31.318
8/11/2016,12:00:44,0,9.538,31.286
8/11/2016,12:15:44,0,9.5374,31.826
8/11/2016,12:30:44,0,9.5372,31.821
8/11/2016,12:45:44,0,9.5371,31.992
8/11/2016,13:00:44,0,9.5368,32.342
8/11/2016,13:15:44,0,9.5365,33.041
8/11/2016,13:30:44,0,9.5384,33.684
8/11/2016,13:45:44,0,9.5363,32.691
8/11/2016,14:00:44,0,9.5364,32.821
8/11/2016,14:15:44,0,9.5365,33.33
8/11/2016,14:30:44,0,9.5357,33.313
8/11/2016,14:45:44,0,9.5364,32.796
8/11/2016,15:00:44,0,9.5354,33.078
8/11/2016,15:15:44,0,9.5355,32.307
8/11/2016,15:30:44,0,9.5337,32.052
8/11/2016,15:45:44,0,9.533,31.748
8/11/2016,16:00:44,0,9.5331,31.33
8/11/2016,16:15:44,0,9.5342,31.104
8/11/2016,16:30:44,0,9.534,30.705
8/11/2016,16:45:44,0,9.5347,30.191
8/11/2016,17:00:44,0,9.5353,29.629
8/11/2016,17:15:44,0,9.5351,29.166
8/11/2016,17:30:44,0,9.5355,28.693
8/11/2016,17:45:44,0,9.5354,28.257
8/11/2016,18:00:44,0,9.5363,27.808
8/11/2016,18:15:44,0,9.5368,27.305
8/11/2016,18:30:44,0,9.5384,26.765
8/11/2016,18:45:44,0,9.5405,26.114
8/11/2016,19:00:44,0,9.5425,25.45
8/11/2016,19:15:44,0,9.5447,24.799
8/11/2016,19:30:44,0,9.5467,24.192
8/11/2016,19:45:44,0,9.5484,23.653
8/11/2016,20:00:44,0,9.5496,23.284
8/11/2016,20:15:44,0,9.5519,22.858
8/11/2016,20:30:44,0,9.553,22.48
8/11/2016,20:45:44,0,9.5533,22.105
8/11/2016,21:00:44,0,9.554,21.713
8/11/2016,21:15:44,0,9.5554,21.394
8/11/2016,21:30:44,0,9.5555,20.974
8/11/2016,21:45:44,0,9.5554,20.752
8/11/2016,22:00:44,0,9.5564,20.458
8/11/2016,22:15:44,0,9.5571,20.224
8/11/2016,22:30:44,0,9.5573,19.984
8/11/2016,22:45:44,0,9.5576,19.606
8/11/2016,23:00:44,0,9.5579,19.338
8/11/2016,23:15:44,0,9.5579,19.162
8/11/2016,23:30:44,0,9.5583,18.962
8/11/2016,23:45:44,0,9.5581,18.773
8/12/2016,0:00:44,0,9.5584,18.514
8/12/2016,0:15:44,0,9.5584,18.235
8/12/2016,0:30:44,0,9.5588,18.031
8/12/2016,0:45:44,0,9.5593,17.846
8/12/2016,1:00:44,0,9.5588,17.689
8/12/2016,1:15:44,0,9.5596,17.562
8/12/2016,1:30:44,0,9.5595,17.387
8/12/2016,1:45:44,0,9.5595,17.188
8/12/2016,2:00:44,0,9.5599,17.063
8/12/2016,2:15:44,0,9.5609,16.926
8/12/2016,2:30:44,0,9.5615,16.705
8/12/2016,2:45:44,0,9.5607,16.617
8/12/2016,3:00:44,0,9.5611,16.368
8/12/2016,3:15:44,0,9.5605,16.312
8/12/2016,3:30:44,0,9.5594,16.18
8/12/2016,3:45:44,0,9.5592,16.081
8/12/2016,4:00:44,0,9.5592,15.957
8/12/2016,4:15:44,0,9.5594,15.808
8/12/2016,4:30:44,0,9.5608,15.743
8/12/2016,4:45:44,0,9.5617,15.474
8/12/2016,5:00:44,0,9.5624,15.348
8/12/2016,5:15:44,0,9.5635,15.139
8/12/2016,5:30:44,0,9.5651,14.992
8/12/2016,5:45:44,0,9.5657,14.918
8/12/2016,6:00:44,0,9.5667,14.887
8/12/2016,6:15:44,0,9.5676,14.877
8/12/2016,6:30:44,0,9.5686,14.45
8/12/2016,6:45:44,0,9.5682,15.236
8/12/2016,7:00:44,0,9.5684,15.783
8/12/2016,7:15:44,0,9.5674,16.408
8/12/2016,7:30:44,0,9.5657,17.82
8/12/2016,7:45:44,0,9.5649,19.141
8/12/2016,8:00:44,0,9.5646,22.358
8/12/2016,8:15:44,0,9.5652,23.381
8/12/2016,8:30:44,0,9.5665,23.436
8/12/2016,8:45:44,0,9.5659,23.814
8/12/2016,9:00:44,0,9.565,25.028
8/12/2016,9:15:44,0,9.5646,24.705
8/12/2016,9:30:44,0,9.5633,25.288
8/12/2016,9:45:44,0,9.5626,25.991
8/12/2016,10:00:44,0,9.5615,27.98
8/12/2016,10:15:44,0,9.5632,28.144
8/12/2016,10:30:44,0,9.5634,28.373
8/12/2016,10:45:44,0,9.5588,30.096
8/12/2016,11:00:44,0,9.5574,30.347
8/12/2016,11:15:44,0,9.5563,30.79
8/12/2016,11:30:44,0,9.5555,31.157
8/12/2016,11:45:44,0,9.5555,31.574
8/12/2016,12:00:44,0,9.5535,31.394
8/12/2016,12:15:44,0,9.5538,31.688
8/12/2016,12:30:44,0,9.5527,32.139
8/12/2016,12:45:44,0,9.552,32.404
8/12/2016,13:00:44,0,9.5512,32.93
8/12/2016,13:15:44,0,9.5494,34.016
8/12/2016,13:30:44,0,9.5528,34.622
8/12/2016,13:45:44,0,9.5509,34.007
8/12/2016,14:00:44,0,9.5503,33.289
8/12/2016,14:15:44,0,9.5488,33.738
8/12/2016,14:30:44,0,9.5478,34.046
8/12/2016,14:45:44,0,9.5469,33.713
8/12/2016,15:00:44,0,9.5459,33.949
8/12/2016,15:15:44,0,9.5447,33.595
8/12/2016,15:30:44,0,9.5439,33.283
8/12/2016,15:45:44,0,9.5427,32.853
8/12/2016,16:00:44,0,9.5426,32.397
8/12/2016,16:15:44,0,9.5414,32.044
8/12/2016,16:30:44,0,9.5412,31.597
8/12/2016,16:45:44,0,9.5408,31.127
8/12/2016,17:00:44,0,9.5406,30.619
8/12/2016,17:15:44,0,9.5406,30.089
8/12/2016,17:30:44,0,9.5399,29.561
8/12/2016,17:45:44,0,9.5392,29.084
8/12/2016,18:00:44,0,9.5404,28.604
8/12/2016,18:15:44,0,9.5415,28.065
8/12/2016,18:30:44,0,9.5422,27.507
8/12/2016,18:45:44,0,9.5437,26.807
8/12/2016,19:00:44,0,9.5456,26.158
8/12/2016,19:15:44,0,9.5472,25.531
8/12/2016,19:30:44,0,9.549,24.96
8/12/2016,19:45:44,0,9.5505,24.406
8/12/2016,20:00:44,0,9.5521,23.9
8/12/2016,20:15:44,0,9.5534,23.464
8/12/2016,20:30:44,0,9.5548,23.042
8/12/2016,20:45:44,0,9.5563,22.676
8/12/2016,21:00:44,0,9.5565,22.338
8/12/2016,21:15:44,0,9.5572,21.92
8/12/2016,21:30:44,0,9.558,21.557
8/12/2016,21:45:44,0,9.5571,21.281
8/12/2016,22:00:44,0,9.5566,20.974
8/12/2016,22:15:44,0,9.5566,20.625
8/12/2016,22:30:44,0,9.5577,20.307
8/12/2016,22:45:44,0,9.557,20.04
8/12/2016,23:00:44,0,9.5572,19.842
8/12/2016,23:15:44,0,9.5569,19.589
8/12/2016,23:30:44,0,9.5568,19.358
8/12/2016,23:45:44,0,9.5565,19.136
8/13/2016,0:00:44,0,9.5559,18.873
8/13/2016,0:15:44,0,9.5557,18.663
8/13/2016,0:30:44,0,9.5551,18.357
8/13/2016,0:45:44,0,9.5541,18.179
8/13/2016,1:00:44,0,9.5527,17.979
8/13/2016,1:15:44,0,9.5519,17.965
8/13/2016,1:30:44,0,9.5515,17.799
8/13/2016,1:45:44,0,9.5519,17.475
8/13/2016,2:00:44,0,9.5513,17.195
8/13/2016,2:15:44,0,9.5499,17.072
8/13/2016,2:30:44,0,9.5509,16.92
8/13/2016,2:45:44,0,9.5513,16.864
8/13/2016,3:00:44,0,9.5513,16.773
8/13/2016,3:15:44,0,9.5512,16.612
8/13/2016,3:30:44,0,9.5512,16.397
8/13/2016,3:45:44,0,9.5527,16.378
8/13/2016,4:00:44,0,9.5536,16.241
8/13/2016,4:15:44,0,9.5526,16.064
8/13/2016,4:30:44,0,9.5532,15.945
8/13/2016,4:45:44,0,9.554,15.808
8/13/2016,5:00:44,0,9.5547,15.686
8/13/2016,5:15:44,0,9.5555,15.668
8/13/2016,5:30:44,0,9.5555,15.427
8/13/2016,5:45:44,0,9.5554,15.363
8/13/2016,6:00:44,0,9.5568,15.367
8/13/2016,6:15:44,0,9.5579,15.302
8/13/2016,6:30:44,0,9.558,15.427
8/13/2016,6:45:44,0,9.5578,15.814
8/13/2016,7:00:44,0,9.5584,16.225
8/13/2016,7:15:44,0,9.5576,16.84
8/13/2016,7:30:44,0,9.5571,18.011
8/13/2016,7:45:44,0,9.5551,20
8/13/2016,8:00:44,0,9.5562,22.846
8/13/2016,8:15:44,0,9.5571,23.549
8/13/2016,8:30:44,0,9.5572,23.381
8/13/2016,8:45:44,0,9.5567,23.875
8/13/2016,9:00:44,0,9.5567,25.459
8/13/2016,9:15:44,0,9.5559,25.402
8/13/2016,9:30:44,0,9.5542,25.437
8/13/2016,9:45:44,0,9.5532,26.254
8/13/2016,10:00:44,0,9.5535,27.523
8/13/2016,10:15:44,0,9.5524,28.496
8/13/2016,10:30:44,0,9.5506,29.436
8/13/2016,10:45:44,0,9.5471,29.73
8/13/2016,11:00:44,0,9.5441,30.079
8/13/2016,11:15:44,0,9.5413,30.993
8/13/2016,11:30:44,0,9.5402,31.644
8/13/2016,11:45:44,0,9.5381,32.671
8/13/2016,12:00:44,0,9.5371,33.07
8/13/2016,12:15:44,0,9.5359,33.466
8/13/2016,12:30:44,0,9.5358,33.788
8/13/2016,12:45:44,0,9.5353,34.235
8/13/2016,13:00:44,0,9.5335,34.596
8/13/2016,13:15:44,0,9.5315,36.48
8/13/2016,13:30:44,0,9.5329,36.803
8/13/2016,13:45:44,0,9.531,35.532
8/13/2016,14:00:44,0,9.5297,35.666
8/13/2016,14:15:44,0,9.5303,36.021
8/13/2016,14:30:44,0,9.5293,36.525
8/13/2016,14:45:44,0,9.5267,36.177
8/13/2016,15:00:44,0,9.527,36.139
8/13/2016,15:15:44,0,9.5261,35.301
8/13/2016,15:30:44,0,9.5244,34.631
8/13/2016,15:45:44,0,9.5236,34.511
8/13/2016,16:00:44,0,9.523,34.013
8/13/2016,16:15:44,0,9.5221,33.516
8/13/2016,16:30:44,0,9.5203,32.977
8/13/2016,16:45:44,0,9.5206,32.264
8/13/2016,17:00:44,0,9.5198,31.515
8/13/2016,17:15:44,0,9.5192,30.878
8/13/2016,17:30:44,0,9.5198,30.353
8/13/2016,17:45:44,0,9.5199,29.876
8/13/2016,18:00:44,0,9.5209,29.359
8/13/2016,18:15:44,0,9.5222,28.734
8/13/2016,18:30:44,0,9.5231,28.025
8/13/2016,18:45:44,0,9.5246,27.258
8/13/2016,19:00:44,0,9.5267,26.549
8/13/2016,19:15:44,0,9.5287,25.886
8/13/2016,19:30:44,0,9.5299,25.236
8/13/2016,19:45:44,0,9.5323,24.695
8/13/2016,20:00:44,0,9.5338,24.243
8/13/2016,20:15:44,0,9.5351,23.746
8/13/2016,20:30:44,0,9.5366,23.304
8/13/2016,20:45:44,0,9.5375,22.857
8/13/2016,21:00:44,0,9.5378,22.474
8/13/2016,21:15:44,0,9.5373,22.109
8/13/2016,21:30:44,0,9.5374,21.724
8/13/2016,21:45:44,0,9.5375,21.384
8/13/2016,22:00:44,0,9.5365,21.119
8/13/2016,22:15:44,0,9.5367,20.846
8/13/2016,22:30:44,0,9.5363,20.49
8/13/2016,22:45:44,0,9.5365,20.123
8/13/2016,23:00:44,0,9.537,19.901
8/13/2016,23:15:44,0,9.5381,19.533
8/13/2016,23:30:44,0,9.5383,19.424
8/13/2016,23:45:44,0,9.5383,19.241
8/14/2016,0:00:44,0,9.5379,18.969
8/14/2016,0:15:44,0,9.5375,18.711
8/14/2016,0:30:44,0,9.5358,18.495
8/14/2016,0:45:44,0,9.5352,18.316
8/14/2016,1:00:44,0,9.5334,18.091
8/14/2016,1:15:44,0,9.5339,17.887
8/14/2016,1:30:44,0,9.5333,17.599
8/14/2016,1:45:44,0,9.5328,17.423
8/14/2016,2:00:44,0,9.5325,17.253
8/14/2016,2:15:44,0,9.5311,17.102
8/14/2016,2:30:44,0,9.5311,16.96
8/14/2016,2:45:44,0,9.5313,16.779
8/14/2016,3:00:44,0,9.5324,16.526
8/14/2016,3:15:44,0,9.5313,16.325
8/14/2016,3:30:44,0,9.5313,16.159
8/14/2016,3:45:44,0,9.5307,16.065
8/14/2016,4:00:44,0,9.5312,15.917
8/14/2016,4:15:44,0,9.531,15.835
8/14/2016,4:30:44,0,9.532,15.785
8/14/2016,4:45:44,0,9.5318,15.639
8/14/2016,5:00:44,0,9.5334,15.601
8/14/2016,5:15:44,0,9.5346,15.541
8/14/2016,5:30:44,0,9.5354,15.424
8/14/2016,5:45:44,0,9.5356,15.308
8/14/2016,6:00:44,0,9.5366,15.335
8/14/2016,6:15:44,0,9.5377,15.338
8/14/2016,6:30:44,0,9.538,15.377
8/14/2016,6:45:44,0,9.5379,15.863
8/14/2016,7:00:44,0,9.5378,16.262
8/14/2016,7:15:44,0,9.5373,16.865
8/14/2016,7:30:44,0,9.5369,18.011
8/14/2016,7:45:44,0,9.535,20.204
8/14/2016,8:00:44,0,9.5353,22.825
8/14/2016,8:15:44,0,9.5357,24.398
8/14/2016,8:30:44,0,9.535,25.695
8/14/2016,8:45:44,0,9.5348,26.701
8/14/2016,9:00:44,0,9.536,27.797
8/14/2016,9:15:44,0,9.5367,27.677
8/14/2016,9:30:44,0,9.535,27.341
8/14/2016,9:45:44,0,9.5348,27.514
8/14/2016,10:00:44,0,9.5351,28.06
8/14/2016,10:15:44,0,9.5337,28.995
8/14/2016,10:30:44,0,9.5328,29.901
8/14/2016,10:45:44,0,9.5288,31.354
8/14/2016,11:00:44,0,9.5271,31.491
8/14/2016,11:15:44,0,9.5246,32.535
8/14/2016,11:30:44,0,9.5245,33.069
8/14/2016,11:45:44,0,9.5245,33.212
8/14/2016,12:00:44,0,9.5229,33.445
8/14/2016,12:15:44,0,9.5229,33.842
8/14/2016,12:30:44,0,9.5207,33.839
8/14/2016,12:45:44,0,9.519,33.964
8/14/2016,13:00:44,0,9.5175,34.551
8/14/2016,13:15:44,0,9.5173,35.924
8/14/2016,13:30:44,0,9.5177,36.653
8/14/2016,13:45:44,0,9.5159,35.442
8/14/2016,14:00:44,0,9.5146,35.33
8/14/2016,14:15:44,0,9.5151,35.689
8/14/2016,14:30:44,0,9.5147,35.667
8/14/2016,14:45:44,0,9.5134,35.957
8/14/2016,15:00:44,0,9.5118,35.313
8/14/2016,15:15:44,0,9.5114,34.61
8/14/2016,15:30:44,0,9.51,34.185
8/14/2016,15:45:44,0,9.5106,33.855
8/14/2016,16:00:44,0,9.5102,33.349
8/14/2016,16:15:44,0,9.5089,32.891
8/14/2016,16:30:44,0,9.5097,32.374
8/14/2016,16:45:44,0,9.5104,31.784
8/14/2016,17:00:44,0,9.51,31.212
8/14/2016,17:15:44,0,9.5088,30.507
8/14/2016,17:30:44,0,9.5081,29.953
8/14/2016,17:45:44,0,9.5088,29.518
8/14/2016,18:00:44,0,9.5092,28.989
8/14/2016,18:15:44,0,9.5103,28.291
8/14/2016,18:30:44,0,9.5112,27.594
8/14/2016,18:45:44,0,9.5124,26.885
8/14/2016,19:00:44,0,9.5148,26.219
8/14/2016,19:15:44,0,9.517,25.538
8/14/2016,19:30:44,0,9.5196,24.921
8/14/2016,19:45:44,0,9.5218,24.382
8/14/2016,20:00:44,0,9.5241,23.832
8/14/2016,20:15:44,0,9.5255,23.328
8/14/2016,20:30:44,0,9.5275,22.918
8/14/2016,20:45:44,0,9.528,22.533
8/14/2016,21:00:44,0,9.5287,22.239
8/14/2016,21:15:44,0,9.5284,21.823
8/14/2016,21:30:44,0,9.5288,21.502
8/14/2016,21:45:44,0,9.5281,21.116
8/14/2016,22:00:44,0,9.529,20.655
8/14/2016,22:15:44,0,9.529,20.296
8/14/2016,22:30:44,0,9.5295,19.95
8/14/2016,22:45:44,0,9.5301,19.676
8/14/2016,23:00:44,0,9.5307,19.508
8/14/2016,23:15:44,0,9.5299,19.275
8/14/2016,23:30:44,0,9.5301,18.933
8/14/2016,23:45:44,0,9.5297,18.596
8/15/2016,0:00:44,0,9.5292,18.404
8/15/2016,0:15:44,0,9.5286,18.238
8/15/2016,0:30:44,0,9.5292,18.007
8/15/2016,0:45:44,0,9.5276,17.999
8/15/2016,1:00:44,0,9.5269,17.916
8/15/2016,1:15:44,0,9.5258,17.99
8/15/2016,1:30:44,0,9.5256,18.284
8/15/2016,1:45:44,0,9.5248,21.022
8/15/2016,2:00:44,0,9.5251,21.439
8/15/2016,2:15:44,0,9.5258,21.261
8/15/2016,2:30:44,0,9.5253,21.336
8/15/2016,2:45:44,0,9.5259,20.938
8/15/2016,3:00:44,0,9.5262,21.238
8/15/2016,3:15:44,0,9.5263,21.019
8/15/2016,3:30:44,0,9.5251,20.893
8/15/2016,3:45:44,0,9.5257,20.579
8/15/2016,4:00:44,0,9.526,20.692
8/15/2016,4:15:44,0,9.5263,20.665
8/15/2016,4:30:44,0,9.5261,20.546
8/15/2016,4:45:44,0,9.5278,20.543
8/15/2016,5:00:44,0,9.5271,20.343
8/15/2016,5:15:44,0,9.5277,20.125
8/15/2016,5:30:44,0,9.5295,20.108
8/15/2016,5:45:44,0,9.5286,20.064
8/15/2016,6:00:44,0,9.5303,19.996
8/15/2016,6:15:44,0,9.5311,19.897
8/15/2016,6:30:44,0,9.5315,19.69
8/15/2016,6:45:44,0,9.5327,20.384
8/15/2016,7:00:44,0,9.5332,20.57
8/15/2016,7:15:44,0,9.5313,20.566
8/15/2016,7:30:44,0,9.5301,21.181
8/15/2016,7:45:44,0,9.5297,22.324
8/15/2016,8:00:44,0,9.5285,23.585
8/15/2016,8:15:44,0,9.5285,24.366
8/15/2016,8:30:44,0,9.5279,24.169
8/15/2016,8:45:44,0,9.5267,25.463
8/15/2016,9:00:44,0,9.5264,26.304
8/15/2016,9:15:44,0,9.5276,26.493
8/15/2016,9:30:44,0,9.5269,27.077
8/15/2016,9:45:44,0,9.5259,27.497
8/15/2016,10:00:44,0,9.5265,27.847
8/15/2016,10:15:44,0,9.5248,28.442
8/15/2016,10:30:44,0,9.5236,29.822
8/15/2016,10:45:44,0,9.5211,30.525
8/15/2016,11:00:44,0,9.5199,31.546
8/15/2016,11:15:44,0,9.5187,32.59
8/15/2016,11:30:44,0,9.518,33.304
8/15/2016,11:45:44,0,9.5177,33.594
8/15/2016,12:00:44,0,9.517,33.888
8/15/2016,12:15:44,0,9.517,34.367
8/15/2016,12:30:44,0,9.5177,34.314
8/15/2016,12:45:44,0,9.5168,34.262
8/15/2016,13:00:44,0,9.518,34.677
8/15/2016,13:15:44,0,9.5179,35.492
8/15/2016,13:30:44,0,9.5196,36.277
8/15/2016,13:45:44,0,9.5181,35.498
8/15/2016,14:00:44,0,9.517,35.707
8/15/2016,14:15:44,0,9.5174,35.592
8/15/2016,14:30:44,0,9.516,35.577
8/15/2016,14:45:44,0,9.5153,36.593
8/15/2016,15:00:44,0,9.5151,36.104
8/15/2016,15:15:44,0,9.5143,35.133
8/15/2016,15:30:44,0,9.5137,34.508
8/15/2016,15:45:44,0,9.5128,33.998
8/15/2016,16:00:44,0,9.5127,33.605
8/15/2016,16:15:44,0,9.5127,33.004
8/15/2016,16:30:44,0,9.5131,32.666
8/15/2016,16:45:44,0,9.5135,32.207
8/15/2016,17:00:44,0,9.513,31.688
8/15/2016,17:15:44,0,9.5128,31.138
8/15/2016,17:30:44,0,9.5125,30.623
8/15/2016,17:45:44,0,9.5133,30.094
8/15/2016,18:00:44,0,9.5141,29.581
8/15/2016,18:15:44,0,9.5154,29.022
8/15/2016,18:30:44,0,9.5166,28.384
8/15/2016,18:45:44,0,9.5177,27.729
8/15/2016,19:00:44,0,9.5202,27.024
8/15/2016,19:15:44,0,9.5212,26.379
8/15/2016,19:30:44,0,9.5224,25.775
8/15/2016,19:45:44,0,9.5245,25.168
8/15/2016,20:00:44,0,9.526,24.588
8/15/2016,20:15:44,0,9.5267,24.259
8/15/2016,20:30:44,0,9.5285,23.828
8/15/2016,20:45:44,0,9.5299,23.449
8/15/2016,21:00:44,0,9.53,23.084
8/15/2016,21:15:44,0,9.5305,22.831
8/15/2016,21:30:44,0,9.5301,22.411
8/15/2016,21:45:44,0,9.5311,22.059
8/15/2016,22:00:44,0,9.5306,21.79
8/15/2016,22:15:44,0,9.5302,21.508
8/15/2016,22:30:44,0,9.5299,21.126
8/15/2016,22:45:44,0,9.5295,20.875
8/15/2016,23:00:44,0,9.5307,20.545
8/15/2016,23:15:44,0,9.531,20.184
8/15/2016,23:30:44,0,9.5302,19.877
8/15/2016,23:45:44,0,9.5295,19.66
8/16/2016,0:00:44,0,9.5293,19.521
8/16/2016,0:15:44,0,9.529,19.241
8/16/2016,0:30:44,0,9.5283,19.083
8/16/2016,0:45:44,0,9.5269,18.931
8/16/2016,1:00:44,0,9.5264,18.723
8/16/2016,1:15:44,0,9.5262,18.441
8/16/2016,1:30:44,0,9.526,18.235
8/16/2016,1:45:44,0,9.5256,18.171
8/16/2016,2:00:44,0,9.5257,17.973
8/16/2016,2:15:44,0,9.5249,17.838
8/16/2016,2:30:44,0,9.5251,17.574
8/16/2016,2:45:44,0,9.5237,17.462
8/16/2016,3:00:44,0,9.5232,17.275
8/16/2016,3:15:44,0,9.5225,17.244
8/16/2016,3:30:44,0,9.5215,16.987
8/16/2016,3:45:44,0,9.5203,16.705
8/16/2016,4:00:44,0,9.5189,16.595
8/16/2016,4:15:44,0,9.5181,16.514
8/16/2016,4:30:44,0,9.5193,16.381
8/16/2016,4:45:44,0,9.5201,16.251
8/16/2016,5:00:44,0,9.5222,15.924
8/16/2016,5:15:44,0,9.522,15.893
8/16/2016,5:30:44,0,9.5229,15.754
8/16/2016,5:45:44,0,9.5245,15.682
8/16/2016,6:00:44,0,9.5254,15.588
8/16/2016,6:15:44,0,9.5264,15.632
8/16/2016,6:30:44,0,9.5258,15.301
8/16/2016,6:45:44,0,9.5247,15.834
8/16/2016,7:00:44,0,9.5238,16.463
8/16/2016,7:15:44,0,9.5228,17.196
8/16/2016,7:30:44,0,9.5216,18.857
8/16/2016,7:45:44,0,9.5198,21.116
8/16/2016,8:00:44,0,9.5193,23.03
8/16/2016,8:15:44,0,9.5192,23.563
8/16/2016,8:30:44,0,9.5177,24.078
8/16/2016,8:45:44,0,9.5165,24.344
8/16/2016,9:00:44,0,9.5168,25.425
8/16/2016,9:15:44,0,9.5166,25.512
8/16/2016,9:30:44,0,9.5157,26.38
8/16/2016,9:45:44,0,9.5149,26.555
8/16/2016,10:00:44,0,9.513,27.013
8/16/2016,10:15:44,0,9.5114,28.144
8/16/2016,10:30:44,0,9.5105,29.07
8/16/2016,10:45:44,0,9.5058,30.561
8/16/2016,11:00:44,0,9.5066,31.082
8/16/2016,11:15:44,0,9.5056,31.527
8/16/2016,11:30:44,0,9.5052,31.981
8/16/2016,11:45:44,0,9.5046,32.595
8/16/2016,12:00:44,0,9.5057,32.808
8/16/2016,12:15:44,0,9.5058,33.04
8/16/2016,12:30:44,0,9.506,33.624
8/16/2016,12:45:44,0,9.505,33.572
8/16/2016,13:00:44,0,9.5055,33.711
8/16/2016,13:15:44,0,9.506,34.477
8/16/2016,13:30:44,0,9.5053,34.731
8/16/2016,13:45:44,0,9.5048,34.449
8/16/2016,14:00:44,0,9.5039,35.38
8/16/2016,14:15:44,0,9.5021,35.215
8/16/2016,14:30:44,0,9.5006,35.083
8/16/2016,14:45:44,0,9.4986,36.102
8/16/2016,15:00:44,0,9.5004,35.245
8/16/2016,15:15:44,0,9.4982,34.28
8/16/2016,15:30:44,0,9.4979,33.689
8/16/2016,15:45:44,0,9.4971,33.549
8/16/2016,16:00:44,0,9.4979,33.298
8/16/2016,16:15:44,0,9.497,32.867
8/16/2016,16:30:44,0,9.4968,32.355
8/16/2016,16:45:44,0,9.4965,31.752
8/16/2016,17:00:44,0,9.497,31.157
8/16/2016,17:15:44,0,9.4972,30.643
8/16/2016,17:30:44,0,9.4978,30.11
8/16/2016,17:45:44,0,9.4982,29.635
8/16/2016,18:00:44,0,9.4995,29.154
8/16/2016,18:15:44,0,9.5015,28.523
8/16/2016,18:30:44,0,9.5032,27.899
8/16/2016,18:45:44,0,9.5045,27.302
8/16/2016,19:00:44,0,9.507,26.599
8/16/2016,19:15:44,0,9.5086,25.991
8/16/2016,19:30:44,0,9.5122,25.343
8/16/2016,19:45:44,0,9.5144,24.892
8/16/2016,20:00:44,0,9.5158,24.482
8/16/2016,20:15:44,0,9.5174,24.019
8/16/2016,20:30:44,0,9.5184,23.626
8/16/2016,20:45:44,0,9.5185,23.17
8/16/2016,21:00:44,0,9.5199,22.75
8/16/2016,21:15:44,0,9.5206,22.412
8/16/2016,21:30:44,0,9.5193,22.242
8/16/2016,21:45:44,0,9.5184,21.998
8/16/2016,22:00:44,0,9.519,21.54
8/16/2016,22:15:44,0,9.5187,21.277
8/16/2016,22:30:44,0,9.5196,20.999
8/16/2016,22:45:44,0,9.5203,20.688
8/16/2016,23:00:44,0,9.5197,20.471
8/16/2016,23:15:44,0,9.5193,20.245
8/16/2016,23:30:44,0,9.5199,19.936
8/16/2016,23:45:44,0,9.5203,19.641
8/17/2016,0:00:44,0,9.5205,19.426
8/17/2016,0:15:44,0,9.521,19.284
8/17/2016,0:30:44,0,9.5205,18.998
8/17/2016,0:45:44,0,9.5191,18.417
8/17/2016,1:00:44,0,9.5173,18.515
8/17/2016,1:15:44,0,9.5163,18.189
8/17/2016,1:30:44,0,9.5152,18.189
8/17/2016,1:45:44,0,9.515,18.073
8/17/2016,2:00:44,0,9.5144,17.825
8/17/2016,2:15:44,0,9.5145,17.684
8/17/2016,2:30:44,0,9.5153,17.474
8/17/2016,2:45:44,0,9.5139,17.327
8/17/2016,3:00:44,0,9.513,17.216
8/17/2016,3:15:44,0,9.5128,17.145
8/17/2016,3:30:44,0,9.5124,16.738
8/17/2016,3:45:44,0,9.5129,16.668
8/17/2016,4:00:44,0,9.5116,16.581
8/17/2016,4:15:44,0,9.5111,16.53
8/17/2016,4:30:44,0,9.5108,16.353
8/17/2016,4:45:44,0,9.5105,16.235
8/17/2016,5:00:44,0,9.5094,16.038
8/17/2016,5:15:44,0,9.5089,15.953
8/17/2016,5:30:44,0,9.5089,15.765
8/17/2016,5:45:44,0,9.5099,15.718
8/17/2016,6:00:44,0,9.5102,15.655
8/17/2016,6:15:44,0,9.5103,15.645
8/17/2016,6:30:44,0,9.5096,15.659
8/17/2016,6:45:44,0,9.5099,16.126
8/17/2016,7:00:44,0,9.5095,16.694
8/17/2016,7:15:44,0,9.5075,17.679
8/17/2016,7:30:44,0,9.5065,19.383
8/17/2016,7:45:44,0,9.5045,22.906
8/17/2016,8:00:44,0,9.505,24.016
8/17/2016,8:15:44,0,9.5048,24.362
8/17/2016,8:30:44,0,9.5036,24.647
8/17/2016,8:45:44,0,9.5029,24.865
8/17/2016,9:00:44,0,9.5032,25.972
8/17/2016,9:15:44,0,9.5019,26.342
8/17/2016,9:30:44,0,9.5008,26.547
8/17/2016,9:45:44,0,9.4996,27.122
8/17/2016,10:00:44,0,9.4985,27.775
8/17/2016,10:15:44,0,9.4966,28.34
8/17/2016,10:30:44,0,9.4951,29.329
8/17/2016,10:45:44,0,9.4917,30.89
8/17/2016,11:00:44,0,9.4934,31.382
8/17/2016,11:15:44,0,9.4928,32.026
8/17/2016,11:30:44,0,9.4918,32.751
8/17/2016,11:45:44,0,9.4919,33.123
8/17/2016,12:00:44,0,9.4919,33.177
8/17/2016,12:15:44,0,9.4914,33.459
8/17/2016,12:30:44,0,9.4915,33.603
8/17/2016,12:45:44,0,9.4916,33.816
8/17/2016,13:00:44,0,9.4905,34.274
8/17/2016,13:15:44,0,9.4916,34.564
8/17/2016,13:30:44,0,9.492,34.49
8/17/2016,13:45:44,0,9.4911,34.367
8/17/2016,14:00:44,0,9.4898,35.109
8/17/2016,14:15:44,0,9.4884,35.246
8/17/2016,14:30:44,0,9.4882,35.087
8/17/2016,14:45:44,0,9.489,36.035
8/17/2016,15:00:44,0,9.4878,35.553
8/17/2016,15:15:44,0,9.487,34.891
8/17/2016,15:30:44,0,9.4854,34.106
8/17/2016,15:45:44,0,9.4843,33.902
8/17/2016,16:00:44,0,9.4842,33.429
8/17/2016,16:15:44,0,9.4837,32.676
8/17/2016,16:30:44,0,9.484,32.049
8/17/2016,16:45:44,0,9.4853,31.416
8/17/2016,17:00:44,0,9.4847,30.918
8/17/2016,17:15:44,0,9.4847,30.362
8/17/2016,17:30:44,0,9.4845,29.909
8/17/2016,17:45:44,0,9.4854,29.486
8/17/2016,18:00:44,0,9.4867,28.96
8/17/2016,18:15:44,0,9.4885,28.418
8/17/2016,18:30:44,0,9.4914,27.799
8/17/2016,18:45:44,0,9.4937,27.115
8/17/2016,19:00:44,0,9.4953,26.439
8/17/2016,19:15:44,0,9.4968,25.875
8/17/2016,19:30:44,0,9.4993,25.244
8/17/2016,19:45:44,0,9.5021,24.795
8/17/2016,20:00:44,0,9.5055,24.375
8/17/2016,20:15:44,0,9.5072,23.847
8/17/2016,20:30:44,0,9.5077,23.483
8/17/2016,20:45:44,0,9.5082,22.734
8/17/2016,21:00:44,0,9.508,22.511
8/17/2016,21:15:44,0,9.5067,22.267
8/17/2016,21:30:44,0,9.5081,21.98
8/17/2016,21:45:44,0,9.5071,21.722
8/17/2016,22:00:44,0,9.5078,21.513
8/17/2016,22:15:44,0,9.5079,21.113
8/17/2016,22:30:44,0,9.5081,20.991
8/17/2016,22:45:44,0,9.5084,20.621
8/17/2016,23:00:44,0,9.5087,20.288
8/17/2016,23:15:44,0,9.5093,20.042
8/17/2016,23:30:44,0,9.5099,19.792
8/17/2016,23:45:44,0,9.5097,19.577
8/18/2016,0:00:44,0,9.5085,19.453
8/18/2016,0:15:44,0,9.5092,19.244
8/18/2016,0:30:44,0,9.5089,18.963
8/18/2016,0:45:44,0,9.5091,18.8
8/18/2016,1:00:44,0,9.5095,18.627
8/18/2016,1:15:44,0,9.5101,18.336
8/18/2016,1:30:44,0,9.5098,18.258
8/18/2016,1:45:44,0,9.5105,18.006
8/18/2016,2:00:44,0,9.5108,17.925
8/18/2016,2:15:44,0,9.5105,17.688
8/18/2016,2:30:44,0,9.5098,17.5
8/18/2016,2:45:44,0,9.5093,17.387
8/18/2016,3:00:44,0,9.5093,17.124
8/18/2016,3:15:44,0,9.5098,16.947
8/18/2016,3:30:44,0,9.5086,16.716
8/18/2016,3:45:44,0,9.5082,16.688
8/18/2016,4:00:44,0,9.5072,16.524
8/18/2016,4:15:44,0,9.5068,16.384
8/18/2016,4:30:44,0,9.5073,16.216
8/18/2016,4:45:44,0,9.5082,16.188
8/18/2016,5:00:44,0,9.5085,16.143
8/18/2016,5:15:44,0,9.5078,15.921
8/18/2016,5:30:44,0,9.5079,15.983
8/18/2016,5:45:44,0,9.5098,15.876
8/18/2016,6:00:44,0,9.5116,15.908
8/18/2016,6:15:44,0,9.5099,15.843
8/18/2016,6:30:44,0,9.5097,15.98
8/18/2016,6:45:44,0,9.5101,16.382
8/18/2016,7:00:44,0,9.51,16.787
8/18/2016,7:15:44,0,9.5086,18.497
8/18/2016,7:30:44,0,9.5067,20.303
8/18/2016,7:45:44,0,9.5062,23.285
8/18/2016,8:00:44,0,9.5087,24.225
8/18/2016,8:15:44,0,9.5102,23.575
8/18/2016,8:30:44,0,9.5114,23.185
8/18/2016,8:45:44,0,9.5117,23.86
8/18/2016,9:00:44,0,9.511,25.112
8/18/2016,9:15:44,0,9.5111,25.985
8/18/2016,9:30:44,0,9.5108,26.207
8/18/2016,9:45:44,0,9.5096,26.574
8/18/2016,10:00:44,0,9.5092,26.694
8/18/2016,10:15:44,0,9.5074,27.611
8/18/2016,10:30:44,0,9.5056,28.558
8/18/2016,10:45:44,0,9.5037,29.638
8/18/2016,11:00:44,0,9.5026,31.224
8/18/2016,11:15:44,0,9.5024,31.849
8/18/2016,11:30:44,0,9.5017,32.451
8/18/2016,11:45:44,0,9.5007,33.081
8/18/2016,12:00:44,0,9.5008,33.298
8/18/2016,12:15:44,0,9.4997,33.565
8/18/2016,12:30:44,0,9.4985,33.784
8/18/2016,12:45:44,0,9.4976,34.172
8/18/2016,13:00:44,0,9.4967,34.669
8/18/2016,13:15:44,0,9.4974,34.817
8/18/2016,13:30:44,0,9.4965,34.606
8/18/2016,13:45:44,0,9.4945,34.882
8/18/2016,14:00:44,0,9.4934,36.042
8/18/2016,14:15:44,0,9.4942,34.934
8/18/2016,14:30:44,0,9.4965,34.56
8/18/2016,14:45:44,0,9.4954,34.706
8/18/2016,15:00:44,0,9.4966,33.534
8/18/2016,15:15:44,0,9.4968,32.603
8/18/2016,15:30:44,0,9.4988,31.035
8/18/2016,15:45:44,0,9.4966,30.437
8/18/2016,16:00:44,0,9.4933,30.583
8/18/2016,16:15:44,0,9.492,29.686
8/18/2016,16:30:44,0,9.4898,29.619
8/18/2016,16:45:44,0,9.4883,30.101
8/18/2016,17:00:44,0,9.4874,29.041
8/18/2016,17:15:44,0,9.4919,28.847
8/18/2016,17:30:44,0,9.4939,27.713
8/18/2016,17:45:44,0,9.4954,27.733
8/18/2016,18:00:44,0,9.4958,27.44
8/18/2016,18:15:44,0,9.4968,27.049
8/18/2016,18:30:44,0,9.5007,26.905
8/18/2016,18:45:44,0,9.5003,26.46
8/18/2016,19:00:44,0,9.5012,26.18
8/18/2016,19:15:44,0,9.502,25.872
8/18/2016,19:30:44,0,9.5037,25.426
8/18/2016,19:45:44,0,9.5041,25.13
8/18/2016,20:00:44,0,9.5086,24.398
8/18/2016,20:15:44,0,9.5095,24.4
8/18/2016,20:30:44,0,9.5118,24.188
8/18/2016,20:45:44,0,9.5076,23.668
8/18/2016,21:00:44,0,9.5104,23.518
8/18/2016,21:15:44,0,9.5079,23.291
8/18/2016,21:30:44,0,9.5093,23.109
8/18/2016,21:45:44,0,9.5122,22.88
8/18/2016,22:00:44,0,9.5122,22.603
8/18/2016,22:15:44,0,9.5114,22.228
8/18/2016,22:30:44,0,9.511,21.978
8/18/2016,22:45:44,0,9.5107,21.566
8/18/2016,23:00:44,0,9.5113,21.404
8/18/2016,23:15:44,0,9.5122,21.176
8/18/2016,23:30:44,0,9.5141,20.939
8/18/2016,23:45:44,0,9.5151,20.585
8/19/2016,0:00:44,0,9.5156,20.352
8/19/2016,0:15:44,0,9.5151,20.227
8/19/2016,0:30:44,0,9.5148,20.062
8/19/2016,0:45:44,0,9.5148,19.747
8/19/2016,1:00:44,0,9.513,19.606
8/19/2016,1:15:44,0,9.512,19.518
8/19/2016,1:30:44,0,9.5124,19.208
8/19/2016,1:45:44,0,9.5117,19.072
8/19/2016,2:00:44,0,9.5119,18.992
8/19/2016,2:15:44,0,9.5122,18.726
8/19/2016,2:30:44,0,9.5121,18.656
8/19/2016,2:45:44,0,9.5119,18.519
8/19/2016,3:00:44,0,9.512,18.317
8/19/2016,3:15:44,0,9.5119,18.011
8/19/2016,3:30:44,0,9.5117,18
8/19/2016,3:45:44,0,9.5116,17.857
8/19/2016,4:00:44,0,9.5122,17.749
8/19/2016,4:15:44,0,9.513,17.622
8/19/2016,4:30:44,0,9.5144,17.403
8/19/2016,4:45:44,0,9.5144,17.294
8/19/2016,5:00:44,0,9.5149,17.242
8/19/2016,5:15:44,0,9.5156,17.05
8/19/2016,5:30:44,0,9.5173,17.038
8/19/2016,5:45:44,0,9.5185,16.829
8/19/2016,6:00:44,0,9.5191,16.73
8/19/2016,6:15:44,0,9.5203,16.745
8/19/2016,6:30:44,0,9.5217,16.792
8/19/2016,6:45:44,0,9.522,16.729
8/19/2016,7:00:44,0,9.5217,17.586
8/19/2016,7:15:44,0,9.5207,19.497
8/19/2016,7:30:44,0,9.5202,20.826
8/19/2016,7:45:44,0,9.5194,23.893
8/19/2016,8:00:44,0,9.5216,23.903
8/19/2016,8:15:44,0,9.523,23.376
8/19/2016,8:30:44,0,9.5226,23.429
8/19/2016,8:45:44,0,9.5224,23.683
8/19/2016,9:00:44,0,9.5227,24.817
8/19/2016,9:15:44,0,9.5223,25.722
8/19/2016,9:30:44,0,9.5217,26.002
8/19/2016,9:45:44,0,9.5205,25.937
8/19/2016,10:00:44,0,9.5186,26.804
8/19/2016,10:15:44,0,9.5175,27.403
8/19/2016,10:30:44,0,9.516,28.112
8/19/2016,10:45:44,0,9.5153,29.581
8/19/2016,11:00:44,0,9.5171,31.239
8/19/2016,11:15:44,0,9.5188,31.683
8/19/2016,11:30:44,0,9.5193,32.687
8/19/2016,11:45:44,0,9.5187,32.146
8/19/2016,12:00:44,0,9.5177,31.616
8/19/2016,12:15:44,0,9.5135,32.253
8/19/2016,12:30:44,0,9.5101,35.462
8/19/2016,12:45:44,0,9.5099,37.966
8/19/2016,13:00:44,0,9.5127,37.562
8/19/2016,13:15:44,0,9.5143,35.319
8/19/2016,13:30:44,0,9.5054,33.764
8/19/2016,13:45:44,0,9.5052,33.461
8/19/2016,14:00:44,0,9.5168,33.463
8/19/2016,14:15:44,0,9.5252,33.638
8/19/2016,14:30:44,0,9.7493,33.766
8/19/2016,14:45:44,0,9.4368,34.407
8/19/2016,15:00:44,0,9.4388,34.66
8/19/2016,15:15:44,0,9.5128,34.26
8/19/2016,15:30:44,0,9.8475,33.424
8/19/2016,15:45:44,0,9.8377,32.596
